12 1127 1654
12 1128 1654
12 1129 1654
12 1130 1654
12 1131 1654
12 1132 1654
12 1132 1655
12 1132 1656
12 1132 1657
13 2255 3309
13 2255 3310
13 2256 3309
13 2256 3310
13 2257 3309
13 2257 3310
13 2258 3309
13 2258 3310
13 2259 3309
13 2259 3310
13 2260 3309
13 2260 3310
13 2261 3309
13 2261 3310
13 2262 3309
13 2262 3310
13 2263 3309
13 2263 3310
13 2264 3309
13 2264 3310
13 2264 3311
13 2264 3312
13 2264 3313
13 2264 3314
13 2264 3315
13 2272 3228
4 4 6
5 8 12
6 17 25
7 35 51
12 1127 1654
12 1128 1654
12 1129 1654
12 1130 1654
12 1131 1654
12 1132 1654
12 1132 1655
12 1132 1656
12 1132 1657
13 2255 3309
13 2255 3310
13 2256 3309
13 2256 3310
13 2257 3309
13 2257 3310
13 2258 3309
13 2258 3310
13 2259 3309
13 2259 3310
13 2260 3309
13 2260 3310
13 2261 3309
13 2261 3310
13 2262 3309
13 2262 3310
13 2263 3309
13 2263 3310
13 2264 3309
13 2264 3310
13 2264 3311
13 2264 3312
13 2264 3313
13 2264 3314
13 2264 3315
13 2272 3228
4 4 6
5 8 12
6 17 25
7 35 51
