12 1116 1645
12 1116 1645
13 2230 3287
13 2230 3287
13 2230 3288
13 2230 3288
13 2230 3289
13 2230 3289
13 2230 3290
13 2230 3290
13 2232 3289
13 2232 3289
13 2232 3290
13 2232 3290
14 4461 6574
14 4461 6575
14 4461 6576
14 4461 6577
14 4461 6578
14 4461 6579
14 4461 6580
15 8923 13149
15 8923 13150
15 8923 13151
15 8923 13152
15 8923 13153
15 8923 13154
15 8923 13155
15 8923 13156
15 8923 13157
15 8923 13158
15 8923 13159
15 8923 13160
16 17846 26298
16 17846 26299
16 17846 26300
16 17846 26301
16 17846 26302
16 17846 26303
16 17846 26304
16 17846 26305
16 17846 26306
16 17846 26307
16 17846 26308
16 17846 26309
16 17846 26310
16 17846 26311
16 17846 26312
16 17846 26313
16 17846 26314
16 17846 26315
16 17846 26316
16 17846 26317
16 17846 26318
16 17846 26319
16 17846 26320
16 17846 26321
17 35693 52597
17 35693 52598
17 35693 52599
17 35693 52600
17 35693 52601
17 35693 52602
17 35693 52603
17 35693 52604
17 35693 52605
17 35693 52606
17 35693 52607
17 35693 52608
17 35693 52609
17 35693 52610
17 35693 52611
17 35693 52612
17 35693 52613
17 35693 52614
17 35693 52615
17 35693 52616
17 35693 52617
17 35693 52618
17 35693 52619
17 35693 52620
17 35693 52621
17 35693 52622
17 35693 52623
17 35693 52624
17 35693 52625
17 35693 52626
17 35693 52627
17 35693 52628
17 35693 52629
17 35693 52630
17 35693 52631
17 35693 52632
17 35693 52633
17 35693 52634
17 35693 52635
17 35693 52636
17 35693 52637
17 35693 52638
17 35693 52639
17 35693 52640
17 35693 52641
17 35693 52642
18 71387 105194
3 2 3
4 4 6
4 4 6
5 8 12
5 8 12
6 17 25
6 17 25
7 34 51
7 34 51
8 69 102
8 69 102
