10 259 420
11 518 841
12 1037 1683
12 1037 1683
12 1038 1683
12 1038 1683
12 1039 1683
12 1039 1683
12 1040 1683
12 1040 1683
12 1041 1683
12 1041 1683
12 1042 1683
12 1042 1683
12 1043 1683
12 1043 1683
12 1044 1683
12 1044 1683
13 2075 3367
13 2075 3367
13 2075 3368
13 2075 3368
13 2076 3367
13 2076 3367
13 2076 3368
13 2076 3368
13 2077 3367
13 2077 3367
13 2077 3368
13 2077 3368
13 2078 3367
13 2078 3367
13 2078 3368
13 2078 3368
13 2079 3367
13 2079 3367
13 2079 3368
13 2079 3368
13 2080 3367
13 2080 3367
13 2080 3368
13 2080 3368
13 2081 3367
13 2081 3367
13 2081 3368
13 2081 3368
13 2082 3367
13 2082 3367
13 2082 3368
13 2082 3368
13 2083 3367
13 2083 3367
13 2083 3368
13 2083 3368
13 2084 3367
13 2084 3367
13 2084 3368
13 2084 3368
13 2085 3367
13 2085 3367
13 2085 3368
13 2085 3368
13 2086 3367
13 2086 3367
13 2086 3368
13 2086 3368
13 2087 3367
13 2087 3367
13 2087 3368
13 2087 3368
13 2088 3367
13 2088 3367
13 2088 3368
13 2088 3368
13 2089 3367
13 2089 3367
13 2089 3368
13 2089 3368
14 4150 6735
14 4150 6736
14 4150 6737
14 4153 6738
14 4173 6737
14 4175 6736
14 4176 6736
15 8301 13471
15 8301 13472
15 8301 13473
15 8301 13474
15 8301 13475
15 8301 13491
15 8306 13476
15 8306 13477
15 8306 13478
15 8346 13475
15 8350 13472
15 8352 13472
16 16602 26943
16 16602 26944
16 16602 26945
16 16602 26946
16 16602 26947
16 16602 26948
16 16602 26949
16 16602 26950
16 16602 26951
16 16602 26952
16 16602 26953
16 16602 26954
16 16602 26955
16 16602 26956
16 16602 26957
16 16602 26958
16 16602 26959
16 16602 26960
16 16602 26961
16 16602 26962
16 16602 26963
16 16602 26964
16 16602 26965
16 16602 26966
16 16602 26967
16 16602 26968
16 16602 26969
16 16602 26970
16 16602 26971
16 16602 26972
16 16602 26973
16 16602 26974
16 16602 26975
16 16602 26976
16 16602 26977
16 16602 26978
16 16602 26979
16 16602 26980
16 16602 26981
16 16602 26982
16 16693 26951
16 16700 26945
16 16705 26945
17 33205 53887
18 66411 107775
3 2 3
4 4 6
4 4 6
5 8 13
5 8 13
6 16 26
6 16 26
7 32 52
7 32 52
8 64 105
8 64 105
8 65 105
8 65 105
