11 590 777
11 591 777
13 2357 3112
13 2357 3112
13 2358 3112
13 2358 3112
13 2359 3112
13 2359 3112
13 2360 3112
13 2360 3112
13 2361 3112
13 2361 3112
13 2362 3112
13 2362 3112
13 2365 3112
13 2365 3112
13 2366 3112
13 2366 3112
13 2369 3112
13 2369 3112
13 2371 3112
13 2371 3112
14 4715 6225
15 9430 12451
15 9430 12452
15 9430 12453
15 9430 12454
15 9430 12455
15 9430 12456
15 9430 12457
15 9430 12458
15 9430 12459
15 9430 12460
15 9430 12461
15 9430 12462
15 9430 12463
15 9430 12464
15 9430 12465
15 9430 12466
15 9430 12467
15 9430 12468
15 9430 12469
15 9430 12470
15 9430 12471
15 9430 12472
15 9430 12473
15 9430 12474
15 9430 12475
15 9430 12476
15 9430 12477
15 9430 12478
15 9430 12479
15 9430 12480
15 9430 12481
15 9430 12482
15 9430 12483
15 9430 12484
15 9430 12485
15 9430 12486
15 9430 12487
15 9430 12488
15 9430 12489
16 18861 24902
16 18861 24903
16 18861 24904
16 18861 24905
16 18861 24906
16 18861 24907
16 18861 24908
16 18861 24909
16 18861 24910
16 18861 24911
16 18861 24912
16 18861 24913
16 18861 24914
16 18861 24915
16 18861 24916
16 18861 24917
16 18861 24918
16 18861 24919
16 18861 24920
16 18861 24921
16 18861 24922
16 18861 24923
16 18861 24924
16 18861 24925
16 18861 24926
16 18861 24927
16 18861 24928
16 18861 24929
16 18861 24930
16 18861 24931
16 18861 24932
16 18861 24933
16 18861 24934
16 18861 24935
16 18861 24936
16 18861 24937
16 18861 24938
16 18861 24939
16 18861 24940
16 18861 24941
16 18861 24942
16 18861 24943
16 18861 24944
16 18861 24945
16 18861 24946
16 18861 24947
16 18861 24948
16 18861 24949
16 18861 24950
16 18861 24951
16 18861 24952
16 18861 24953
16 18861 24954
16 18861 24955
16 18861 24956
16 18861 24957
16 18861 24958
16 18861 24959
16 18861 24960
16 18861 24961
16 18861 24962
16 18861 24963
16 18861 24964
16 18861 24965
16 18861 24966
16 18861 24967
16 18861 24968
16 18861 24969
16 18861 24970
16 18861 24971
16 18861 24972
16 18861 24973
16 18861 24974
16 18861 24975
16 18861 24976
16 18861 24977
16 18861 24978
16 18878 24945
16 18890 24936
16 18940 24965
16 18953 24950
16 18958 24914
16 18958 24938
16 18962 24908
16 18963 24913
16 18967 24958
17 37722 49805
17 37722 49806
17 37722 49807
17 37722 49808
17 37722 49809
17 37722 49810
17 37722 49811
17 37722 49812
17 37722 49813
17 37722 49814
17 37722 49815
17 37722 49816
17 37722 49817
17 37722 49818
17 37722 49819
17 37722 49820
17 37722 49821
17 37722 49822
17 37722 49823
17 37722 49824
17 37722 49825
17 37722 49826
17 37722 49827
17 37722 49828
17 37722 49829
17 37722 49830
17 37722 49831
17 37722 49832
17 37722 49833
17 37722 49834
17 37722 49835
17 37722 49836
17 37722 49837
17 37722 49838
17 37722 49839
17 37722 49840
17 37722 49841
17 37722 49842
17 37722 49843
17 37722 49844
17 37722 49845
17 37722 49846
17 37722 49847
17 37722 49848
17 37722 49849
17 37722 49850
17 37722 49851
17 37722 49852
17 37722 49853
17 37722 49854
17 37722 49855
17 37722 49856
17 37722 49857
17 37722 49858
17 37722 49859
17 37722 49860
17 37722 49861
17 37722 49862
17 37722 49863
17 37722 49864
17 37722 49865
17 37722 49866
17 37722 49867
17 37722 49868
17 37722 49869
17 37722 49870
17 37722 49871
17 37722 49872
17 37722 49873
17 37722 49874
17 37722 49875
17 37722 49876
17 37722 49877
17 37722 49878
17 37722 49879
17 37722 49880
17 37722 49881
17 37722 49882
17 37722 49883
17 37722 49884
17 37722 49885
17 37722 49886
17 37722 49887
17 37722 49888
17 37722 49889
17 37722 49890
17 37722 49891
17 37722 49892
17 37722 49893
17 37722 49894
17 37722 49895
17 37722 49896
17 37722 49897
17 37722 49898
17 37722 49899
17 37722 49900
17 37722 49901
17 37722 49902
17 37722 49903
17 37722 49904
17 37722 49905
17 37722 49906
17 37722 49907
17 37722 49908
17 37722 49909
17 37722 49910
17 37722 49911
17 37722 49912
17 37722 49913
17 37722 49914
17 37722 49915
17 37722 49916
17 37722 49917
17 37722 49918
17 37722 49919
17 37722 49920
17 37722 49921
17 37722 49922
17 37722 49923
17 37722 49924
17 37722 49925
17 37722 49926
17 37722 49927
17 37722 49928
17 37722 49929
17 37722 49930
17 37722 49931
17 37722 49932
17 37722 49933
17 37722 49934
17 37722 49935
17 37722 49936
17 37722 49937
17 37722 49938
17 37722 49939
17 37722 49940
17 37722 49941
17 37722 49942
17 37722 49943
17 37722 49944
17 37722 49945
17 37722 49946
17 37722 49947
17 37722 49948
17 37722 49949
17 37722 49950
17 37722 49951
17 37722 49952
17 37722 49953
17 37722 49954
17 37722 49955
17 37722 49956
17 37722 49957
17 37780 49872
17 37880 49930
17 37917 49829
17 37917 49876
17 37924 49816
17 37927 49826
17 37935 49916
18 75444 99611
18 75444 99612
18 75444 99613
18 75444 99614
18 75444 99615
18 75444 99616
18 75444 99617
18 75444 99618
18 75444 99619
18 75444 99620
18 75444 99621
18 75444 99622
18 75444 99623
18 75444 99624
18 75444 99625
18 75444 99626
18 75444 99627
18 75444 99628
18 75444 99629
18 75444 99630
18 75444 99631
18 75444 99632
18 75444 99633
18 75444 99634
18 75444 99635
18 75444 99636
18 75444 99637
18 75444 99638
18 75444 99639
18 75444 99640
18 75444 99641
18 75444 99642
18 75444 99643
18 75444 99644
18 75444 99645
18 75444 99646
18 75444 99647
18 75444 99648
18 75444 99649
18 75444 99650
18 75444 99651
18 75444 99652
18 75444 99653
18 75444 99654
18 75444 99655
18 75444 99656
18 75444 99657
18 75444 99658
18 75444 99659
18 75444 99660
18 75444 99661
18 75444 99662
18 75444 99663
18 75444 99664
18 75444 99665
18 75444 99666
18 75444 99667
18 75444 99668
18 75444 99669
18 75444 99670
18 75444 99671
18 75444 99672
18 75444 99673
18 75444 99674
18 75444 99675
18 75444 99676
18 75444 99677
18 75444 99678
18 75444 99679
18 75444 99680
18 75444 99681
18 75444 99682
18 75444 99683
18 75444 99684
18 75444 99685
18 75444 99686
18 75444 99687
18 75444 99688
18 75444 99689
18 75444 99690
18 75444 99691
18 75444 99692
18 75444 99693
18 75444 99694
18 75444 99695
18 75444 99696
18 75444 99697
18 75444 99698
18 75444 99699
18 75444 99700
18 75444 99701
18 75444 99702
18 75444 99703
18 75444 99704
18 75444 99705
18 75444 99706
18 75444 99707
18 75444 99708
18 75444 99709
18 75444 99710
18 75444 99711
18 75444 99712
18 75444 99713
18 75444 99714
18 75444 99715
18 75444 99716
18 75444 99717
18 75444 99718
18 75444 99719
18 75444 99720
18 75444 99721
18 75444 99722
18 75444 99723
18 75444 99724
18 75444 99725
18 75444 99726
18 75444 99727
18 75444 99728
18 75444 99729
18 75444 99730
18 75444 99731
18 75444 99732
18 75444 99733
18 75444 99734
18 75444 99735
18 75444 99736
18 75444 99737
18 75444 99738
18 75444 99739
18 75444 99740
18 75444 99741
18 75444 99742
18 75444 99743
18 75444 99744
18 75444 99745
18 75444 99746
18 75444 99747
18 75444 99748
18 75444 99749
18 75444 99750
18 75444 99751
18 75444 99752
18 75444 99753
18 75444 99754
18 75444 99755
18 75444 99756
18 75444 99757
18 75444 99758
18 75444 99759
18 75444 99760
18 75444 99761
18 75444 99762
18 75444 99763
18 75444 99764
18 75444 99765
18 75444 99766
18 75444 99767
18 75444 99768
18 75444 99769
18 75444 99770
18 75444 99771
18 75444 99772
18 75444 99773
18 75444 99774
18 75444 99775
18 75444 99776
18 75444 99777
18 75444 99778
18 75444 99779
18 75444 99780
18 75444 99781
18 75444 99782
18 75444 99783
18 75444 99784
18 75444 99785
18 75444 99786
18 75444 99787
18 75444 99788
18 75444 99789
18 75444 99790
18 75444 99791
18 75444 99792
18 75444 99793
18 75444 99794
18 75444 99795
18 75444 99796
18 75444 99797
18 75444 99798
18 75444 99799
18 75444 99800
18 75444 99801
18 75444 99802
18 75444 99803
18 75444 99804
18 75444 99805
18 75444 99806
18 75444 99807
18 75444 99808
18 75444 99809
18 75444 99810
18 75444 99811
18 75444 99812
18 75444 99813
18 75444 99814
18 75444 99815
18 75444 99816
18 75444 99817
18 75444 99818
18 75444 99819
18 75444 99820
18 75444 99821
18 75444 99822
18 75444 99823
18 75444 99824
18 75444 99825
18 75444 99826
18 75444 99827
18 75444 99828
18 75444 99829
18 75444 99830
18 75444 99831
18 75444 99832
18 75444 99833
18 75444 99834
18 75444 99835
18 75444 99836
18 75444 99837
18 75444 99838
18 75444 99839
18 75444 99840
18 75444 99841
18 75444 99842
18 75444 99843
18 75444 99844
18 75444 99845
18 75444 99846
18 75444 99847
18 75444 99848
18 75444 99849
18 75444 99850
18 75444 99851
18 75444 99852
18 75444 99853
18 75444 99854
18 75444 99855
18 75444 99856
18 75444 99857
18 75444 99858
18 75444 99859
18 75444 99860
18 75444 99861
18 75444 99862
18 75444 99863
18 75444 99864
18 75444 99865
18 75444 99866
18 75444 99867
18 75444 99868
18 75444 99869
18 75444 99870
18 75444 99871
18 75444 99872
18 75444 99873
18 75444 99874
18 75444 99875
18 75444 99876
18 75444 99877
18 75444 99878
18 75444 99879
18 75444 99880
18 75444 99881
18 75444 99882
18 75444 99883
18 75444 99884
18 75444 99885
18 75444 99886
18 75444 99887
18 75444 99888
18 75444 99889
18 75444 99890
18 75444 99891
18 75444 99892
18 75444 99893
18 75444 99894
18 75444 99895
18 75444 99896
18 75444 99897
18 75444 99898
18 75444 99899
18 75444 99900
18 75444 99901
18 75444 99902
18 75444 99903
18 75444 99904
18 75444 99905
18 75444 99906
18 75444 99907
18 75444 99908
18 75444 99909
18 75444 99910
18 75444 99911
18 75444 99912
18 75444 99913
18 75444 99914
18 75444 99915
18 75560 99745
18 75761 99861
18 75834 99658
18 75834 99753
18 75848 99633
18 75855 99652
18 75871 99832
3 2 3
4 4 6
4 4 6
5 9 12
5 9 12
6 18 24
6 18 24
7 36 48
7 36 48
7 37 48
7 37 48
