11 469 866
11 469 866
12 938 1733
12 938 1733
12 939 1733
12 939 1733
12 940 1733
12 940 1733
12 941 1733
12 941 1733
12 942 1733
12 942 1733
12 943 1733
12 943 1733
12 944 1733
12 944 1733
12 945 1733
12 945 1733
13 1876 3467
13 1876 3467
13 1877 3467
13 1877 3467
13 1878 3467
13 1878 3467
13 1879 3467
13 1879 3467
13 1880 3467
13 1880 3467
13 1881 3467
13 1881 3467
13 1882 3467
13 1882 3467
13 1883 3467
13 1883 3467
13 1884 3467
13 1884 3467
13 1885 3467
13 1885 3467
13 1886 3467
13 1886 3467
13 1887 3467
13 1887 3467
13 1888 3467
13 1888 3467
13 1889 3467
13 1889 3467
13 1890 3467
13 1890 3467
13 1891 3467
13 1891 3467
14 3752 6935
14 3752 6936
14 3752 6937
14 3752 6938
14 3752 6939
14 3752 6940
14 3752 6941
14 3752 6942
14 3752 6943
14 3752 6944
14 3752 6945
14 3752 6946
14 3752 6947
14 3752 6948
14 3752 6949
14 3752 6950
14 3752 6951
14 3752 6952
14 3752 6953
14 3752 6954
14 3752 6955
14 3752 6956
14 3752 6957
14 3752 6958
14 3752 6959
14 3752 6960
14 3752 6961
14 3752 6962
14 3752 6963
14 3752 6964
14 3752 6965
14 3752 6966
14 3752 6967
14 3752 6968
14 3752 6969
14 3752 6970
14 3752 6971
14 3752 6972
14 3752 6973
14 3752 6974
14 3752 6975
15 7505 13871
15 7505 13872
15 7505 13873
15 7505 13874
15 7505 13875
15 7505 13876
15 7505 13877
15 7505 13878
15 7505 13879
15 7505 13880
15 7505 13881
15 7505 13882
15 7505 13883
15 7505 13884
15 7505 13885
15 7505 13886
15 7505 13887
15 7505 13888
15 7505 13889
15 7505 13890
15 7505 13891
15 7505 13892
15 7505 13893
15 7505 13894
15 7505 13895
15 7505 13896
15 7505 13897
15 7505 13898
15 7505 13899
15 7505 13900
15 7505 13901
15 7505 13902
15 7505 13903
15 7505 13904
15 7505 13905
15 7505 13906
15 7505 13907
15 7505 13908
15 7505 13909
15 7505 13910
15 7505 13911
15 7505 13912
15 7505 13913
15 7505 13914
15 7505 13915
15 7505 13916
15 7505 13917
15 7505 13918
15 7505 13919
15 7505 13920
15 7505 13921
15 7505 13922
15 7505 13923
15 7505 13924
15 7505 13925
15 7505 13926
15 7505 13927
15 7505 13928
15 7505 13929
15 7505 13930
15 7505 13931
15 7505 13932
15 7505 13933
15 7505 13934
15 7505 13935
15 7505 13936
15 7505 13937
15 7505 13938
15 7505 13939
15 7505 13940
15 7505 13941
15 7505 13942
15 7505 13943
15 7505 13944
15 7505 13945
15 7505 13946
15 7505 13947
15 7505 13948
15 7505 13949
15 7505 13950
15 7505 13951
16 15011 27743
16 15011 27744
16 15011 27745
16 15011 27746
16 15011 27747
16 15011 27748
16 15011 27749
16 15011 27750
16 15011 27751
16 15011 27752
16 15011 27753
16 15011 27754
16 15011 27755
16 15011 27756
16 15011 27757
16 15011 27758
16 15011 27759
16 15011 27760
16 15011 27761
16 15011 27762
16 15011 27763
16 15011 27764
16 15011 27765
16 15011 27766
16 15011 27767
16 15011 27768
16 15011 27769
16 15011 27770
16 15011 27771
16 15011 27772
16 15011 27773
16 15011 27774
16 15011 27775
16 15011 27776
16 15011 27777
16 15011 27778
16 15011 27779
16 15011 27780
16 15011 27781
16 15011 27782
16 15011 27783
16 15011 27784
16 15011 27785
16 15011 27786
16 15011 27787
16 15011 27788
16 15011 27789
16 15011 27790
16 15011 27791
16 15011 27792
16 15011 27793
16 15011 27794
16 15011 27795
16 15011 27796
16 15011 27797
16 15011 27798
16 15011 27799
16 15011 27800
16 15011 27801
16 15011 27802
16 15011 27803
16 15011 27804
16 15011 27805
16 15011 27806
16 15011 27807
16 15011 27808
16 15011 27809
16 15011 27810
16 15011 27811
16 15011 27812
16 15011 27813
16 15011 27814
16 15011 27815
16 15011 27816
16 15011 27817
16 15011 27818
16 15011 27819
16 15011 27820
16 15011 27821
16 15011 27822
16 15011 27823
16 15011 27824
16 15011 27825
16 15011 27826
16 15011 27827
16 15011 27828
16 15011 27829
16 15011 27830
16 15011 27831
16 15011 27832
16 15011 27833
16 15011 27834
16 15011 27835
16 15011 27836
16 15011 27837
16 15011 27838
16 15011 27839
16 15011 27840
16 15011 27841
16 15011 27842
16 15011 27843
16 15011 27844
16 15011 27845
16 15011 27846
16 15011 27847
16 15011 27848
16 15011 27849
16 15011 27850
16 15011 27851
16 15011 27852
16 15011 27853
16 15011 27854
16 15011 27855
16 15011 27856
16 15011 27857
16 15011 27858
16 15011 27859
16 15011 27860
16 15011 27861
16 15011 27862
16 15011 27863
16 15011 27864
16 15011 27865
16 15011 27866
16 15011 27867
16 15011 27868
16 15011 27869
16 15011 27870
16 15011 27871
16 15011 27872
16 15011 27873
16 15011 27874
16 15011 27875
16 15011 27876
16 15011 27877
16 15011 27878
16 15011 27879
16 15011 27880
16 15011 27881
16 15011 27882
16 15011 27883
16 15011 27884
16 15011 27885
16 15011 27886
16 15011 27887
16 15011 27888
16 15011 27889
16 15011 27890
16 15011 27891
16 15011 27892
16 15011 27893
16 15011 27894
16 15011 27895
16 15011 27896
16 15011 27897
16 15011 27898
16 15011 27899
16 15011 27900
16 15011 27901
16 15011 27902
16 15019 27880
16 15024 27836
16 15067 27863
17 30023 55487
18 60047 110975
3 1 3
4 3 6
4 3 6
5 7 13
5 7 13
6 14 27
6 14 27
7 29 54
7 29 54
