10 240 423
10 241 423
13 1930 3387
13 1930 3387
14 3856 6772
14 3860 6774
15 7709 13544
15 7712 13545
15 7714 13546
15 7717 13549
15 7720 13548
16 15419 27089
16 15423 27090
16 15423 27099
16 15424 27091
16 15426 27092
16 15427 27093
16 15434 27098
16 15436 27097
16 15440 27096
17 30839 54179
17 30844 54180
17 30845 54181
17 30846 54196
17 30846 54197
17 30846 54198
17 30847 54182
17 30848 54183
17 30849 54184
17 30851 54185
17 30852 54186
17 30853 54187
17 30855 54188
17 30869 54195
17 30871 54194
17 30877 54193
17 30879 54192
17 30880 54191
17 30881 54189
17 30881 54190
18 61678 108359
3 1 3
4 3 6
4 3 6
5 7 13
5 7 13
6 15 26
6 15 26
7 30 52
7 30 52
8 60 105
8 60 105
9 120 211
9 120 211
