11 561 829
12 1123 1658
12 1123 1658
13 2247 3316
13 2247 3316
13 2247 3317
13 2247 3317
13 2249 3313
13 2249 3313
13 2249 3314
13 2249 3314
13 2249 3315
13 2249 3315
14 4495 6631
14 4495 6632
14 4495 6633
14 4495 6634
14 4498 6627
14 4498 6628
14 4498 6629
14 4498 6630
15 8990 13254
15 8990 13257
15 8990 13258
15 8990 13259
15 8990 13260
15 8990 13261
15 8990 13262
15 8990 13263
15 8990 13264
15 8990 13265
15 8990 13266
15 8990 13267
15 8990 13268
15 8995 13255
15 8995 13256
16 17981 26509
16 17981 26510
16 17981 26513
16 17981 26514
16 17981 26515
16 17981 26516
16 17981 26517
16 17981 26518
16 17981 26519
16 17981 26520
16 17981 26521
16 17981 26522
16 17981 26523
16 17981 26524
16 17981 26525
16 17981 26526
16 17981 26527
16 17981 26528
16 17981 26529
16 17981 26530
16 17981 26531
16 17981 26532
16 17981 26533
16 17981 26534
16 17981 26535
16 17981 26536
16 17981 26537
16 17989 26511
16 17990 26512
17 35963 53019
18 71926 106039
3 2 3
4 4 6
4 4 6
5 8 12
5 8 12
6 17 25
6 17 25
7 35 51
7 35 51
8 70 103
8 70 103
