13 2086 3356
13 2086 3356
13 2086 3357
13 2086 3357
13 2086 3358
13 2086 3358
13 2086 3359
13 2086 3359
13 2086 3360
13 2086 3360
13 2086 3361
13 2086 3361
13 2086 3362
13 2086 3362
13 2086 3363
13 2086 3363
13 2086 3364
13 2086 3364
13 2086 3365
13 2086 3365
13 2086 3366
13 2086 3366
13 2086 3367
13 2086 3367
13 2086 3368
13 2086 3368
13 2086 3369
13 2086 3369
13 2086 3370
13 2086 3370
13 2086 3371
13 2086 3371
13 2086 3372
13 2086 3372
13 2086 3373
13 2086 3373
13 2086 3374
13 2086 3374
13 2086 3375
13 2086 3375
13 2086 3376
13 2086 3376
13 2086 3377
13 2086 3377
13 2086 3378
13 2086 3378
13 2086 3379
13 2086 3379
13 2087 3379
13 2087 3379
13 2088 3379
13 2088 3379
13 2089 3379
13 2089 3379
13 2090 3379
13 2090 3379
13 2091 3379
13 2091 3379
13 2092 3379
13 2092 3379
13 2093 3379
13 2093 3379
13 2094 3379
13 2094 3379
13 2095 3379
13 2095 3379
13 2096 3379
13 2096 3379
13 2097 3379
13 2097 3379
13 2098 3379
13 2098 3379
13 2099 3379
13 2099 3379
13 2100 3379
13 2100 3379
13 2101 3379
13 2101 3379
13 2102 3379
13 2102 3379
14 4173 6712
14 4173 6713
14 4173 6714
14 4173 6715
14 4173 6716
14 4173 6717
14 4173 6718
14 4173 6719
14 4173 6720
14 4173 6721
14 4173 6722
14 4173 6723
14 4173 6724
14 4173 6725
14 4173 6726
14 4173 6727
14 4173 6728
14 4173 6729
14 4173 6730
14 4173 6731
14 4173 6732
14 4173 6733
14 4173 6734
14 4173 6735
14 4173 6736
14 4173 6737
14 4173 6738
14 4173 6739
14 4173 6740
14 4173 6741
14 4173 6742
14 4173 6743
14 4173 6744
14 4173 6745
14 4173 6746
14 4173 6747
14 4173 6748
14 4173 6749
14 4173 6750
14 4173 6751
14 4173 6752
14 4173 6753
14 4173 6754
14 4173 6755
14 4173 6756
14 4173 6757
14 4173 6758
14 4179 6712
14 4183 6712
14 4192 6712
14 4205 6715
14 4205 6726
14 4205 6737
14 4205 6740
14 4205 6741
15 8347 13425
15 8347 13426
15 8347 13427
15 8347 13428
15 8347 13429
15 8347 13430
15 8347 13431
15 8347 13432
15 8347 13433
15 8347 13434
15 8347 13435
15 8347 13436
15 8347 13437
15 8347 13438
15 8347 13439
15 8347 13440
15 8347 13441
15 8347 13442
15 8347 13443
15 8347 13444
15 8347 13445
15 8347 13446
15 8347 13447
15 8347 13448
15 8347 13449
15 8347 13450
15 8347 13451
15 8347 13452
15 8347 13453
15 8347 13454
15 8347 13455
15 8347 13456
15 8347 13457
15 8347 13458
15 8347 13459
15 8347 13460
15 8347 13461
15 8347 13462
15 8347 13463
15 8347 13464
15 8347 13465
15 8347 13466
15 8347 13467
15 8347 13468
15 8347 13469
15 8347 13470
15 8347 13471
15 8347 13472
15 8347 13473
15 8347 13474
15 8347 13475
15 8347 13476
15 8347 13477
15 8347 13478
15 8347 13479
15 8347 13480
15 8347 13481
15 8347 13482
15 8347 13483
15 8347 13484
15 8347 13485
15 8347 13486
15 8347 13487
15 8347 13488
15 8347 13489
15 8347 13490
15 8347 13491
15 8347 13492
15 8347 13493
15 8347 13494
15 8347 13495
15 8347 13496
15 8347 13497
15 8347 13498
15 8347 13499
15 8347 13500
15 8347 13501
15 8347 13502
15 8347 13503
15 8347 13504
15 8347 13505
15 8347 13506
15 8347 13507
15 8347 13508
15 8347 13509
15 8347 13510
15 8347 13511
15 8347 13512
15 8347 13513
15 8347 13514
15 8347 13515
15 8347 13516
15 8347 13517
15 8348 13478
15 8358 13425
15 8367 13425
15 8369 13426
15 8370 13426
15 8371 13426
15 8379 13426
15 8380 13426
15 8383 13426
15 8384 13426
15 8385 13425
15 8406 13426
15 8409 13432
15 8409 13451
15 8409 13452
15 8409 13464
15 8409 13476
15 8409 13480
15 8409 13481
15 8409 13482
15 8409 13490
15 8410 13431
15 8410 13452
15 8410 13475
15 8410 13481
15 8410 13483
16 16695 26850
16 16695 26851
16 16695 26852
16 16695 26853
16 16695 26854
16 16695 26855
16 16695 26856
16 16695 26857
16 16695 26858
16 16695 26859
16 16695 26860
16 16695 26861
16 16695 26862
16 16695 26863
16 16695 26864
16 16695 26865
16 16695 26866
16 16695 26867
16 16695 26868
16 16695 26869
16 16695 26870
16 16695 26871
16 16695 26872
16 16695 26873
16 16695 26874
16 16695 26875
16 16695 26876
16 16695 26877
16 16695 26878
16 16695 26879
16 16695 26880
16 16695 26881
16 16695 26882
16 16695 26883
16 16695 26884
16 16695 26885
16 16695 26886
16 16695 26887
16 16695 26888
16 16695 26889
16 16695 26890
16 16695 26891
16 16695 26892
16 16695 26893
16 16695 26894
16 16695 26895
16 16695 26896
16 16695 26897
16 16695 26898
16 16695 26899
16 16695 26900
16 16695 26901
16 16695 26902
16 16695 26903
16 16695 26904
16 16695 26905
16 16695 26906
16 16695 26907
16 16695 26908
16 16695 26909
16 16695 26910
16 16695 26911
16 16695 26912
16 16695 26913
16 16695 26914
16 16695 26915
16 16695 26916
16 16695 26917
16 16695 26918
16 16695 26919
16 16695 26920
16 16695 26921
16 16695 26922
16 16695 26923
16 16695 26924
16 16695 26925
16 16695 26926
16 16695 26927
16 16695 26928
16 16695 26929
16 16695 26930
16 16695 26931
16 16695 26932
16 16695 26933
16 16695 26934
16 16695 26935
16 16695 26936
16 16695 26937
16 16695 26938
16 16695 26939
16 16695 26940
16 16695 26941
16 16695 26942
16 16695 26943
16 16695 26944
16 16695 26945
16 16695 26946
16 16695 26947
16 16695 26948
16 16695 26949
16 16695 26950
16 16695 26951
16 16695 26952
16 16695 26953
16 16695 26954
16 16695 26955
16 16695 26956
16 16695 26957
16 16695 26958
16 16695 26959
16 16695 26960
16 16695 26961
16 16695 26962
16 16695 26963
16 16695 26964
16 16695 26965
16 16695 26966
16 16695 26967
16 16695 26968
16 16695 26969
16 16695 26970
16 16695 26971
16 16695 26972
16 16695 26973
16 16695 26974
16 16695 26975
16 16695 26976
16 16695 26977
16 16695 26978
16 16695 26979
16 16695 26980
16 16695 26981
16 16695 26982
16 16695 26983
16 16695 26984
16 16695 26985
16 16695 26986
16 16695 26987
16 16695 26988
16 16695 26989
16 16695 26990
16 16695 26991
16 16695 26992
16 16695 26993
16 16695 26994
16 16695 26995
16 16695 26996
16 16695 26997
16 16695 26998
16 16695 26999
16 16695 27000
16 16695 27001
16 16695 27002
16 16695 27003
16 16695 27004
16 16695 27005
16 16695 27006
16 16695 27007
16 16695 27008
16 16695 27009
16 16695 27010
16 16695 27011
16 16695 27012
16 16695 27013
16 16695 27014
16 16695 27015
16 16695 27016
16 16695 27017
16 16695 27018
16 16695 27019
16 16695 27020
16 16695 27021
16 16695 27022
16 16695 27023
16 16695 27024
16 16695 27025
16 16695 27026
16 16695 27027
16 16695 27028
16 16695 27029
16 16695 27030
16 16695 27031
16 16695 27032
16 16695 27033
16 16695 27034
16 16696 26957
16 16698 26932
16 16699 26925
16 16699 26926
16 16699 26968
16 16700 26881
16 16700 26945
16 16701 26932
16 16701 26956
16 16701 26966
16 16702 26953
16 16702 26964
16 16703 26905
16 16703 26916
16 16703 26917
16 16703 26918
16 16703 26952
16 16704 26919
16 16704 26943
16 16704 26957
16 16704 26959
16 16705 26914
16 16705 26931
16 16705 26945
16 16706 26933
16 16707 26874
16 16707 26960
16 16707 26971
16 16708 26856
16 16708 26900
16 16708 26957
16 16708 26961
16 16709 26857
16 16709 26884
16 16709 26895
16 16709 26896
16 16709 26907
16 16709 26942
16 16709 26962
16 16709 26971
16 16710 26856
16 16710 26903
16 16710 26913
16 16710 26969
16 16711 26882
16 16711 26883
16 16711 26908
16 16711 26920
16 16711 26968
16 16711 26971
16 16712 26900
16 16712 26904
16 16712 26905
16 16712 26909
16 16712 26915
16 16712 26961
16 16712 26963
16 16712 26967
16 16713 26906
16 16713 26961
16 16713 26970
16 16714 26857
16 16714 26881
16 16714 26909
16 16714 26916
16 16714 26918
16 16714 26985
16 16715 26854
16 16715 26858
16 16715 26881
16 16715 26903
16 16715 26910
16 16715 26947
16 16715 26954
16 16716 26851
16 16716 26856
16 16716 26859
16 16716 26912
16 16716 26914
16 16716 26923
16 16717 26878
16 16717 26889
16 16717 26916
16 16717 26933
16 16717 26940
16 16717 26941
16 16718 26887
16 16718 26889
16 16718 26890
16 16718 26905
16 16718 26906
16 16718 26909
16 16718 26949
16 16718 26953
16 16718 26955
16 16719 26865
16 16719 26866
16 16719 26868
16 16719 26899
16 16719 26940
16 16719 26956
16 16720 26889
16 16720 26904
16 16720 26907
16 16720 26909
16 16720 26913
16 16720 26940
16 16720 26954
16 16720 26955
16 16721 26873
16 16721 26878
16 16721 26882
16 16721 26887
16 16721 26889
16 16721 26903
16 16721 26904
16 16721 26913
16 16721 26920
16 16721 26942
16 16721 26968
16 16721 26984
16 16721 26985
16 16722 26871
16 16722 26878
16 16722 26886
16 16722 26905
16 16722 26906
16 16722 26917
16 16722 26947
16 16722 26961
16 16722 26968
16 16722 26975
16 16722 26983
16 16722 26984
16 16723 26882
16 16723 26894
16 16723 26897
16 16723 26898
16 16723 26901
16 16723 26916
16 16723 26947
16 16723 26952
16 16723 26972
16 16723 26984
16 16724 26876
16 16724 26877
16 16724 26888
16 16724 26895
16 16724 26896
16 16724 26898
16 16724 26908
16 16724 26915
16 16724 26955
16 16724 26957
16 16724 26963
16 16724 26977
16 16724 26983
16 16724 26984
16 16724 26985
16 16725 26869
16 16725 26882
16 16725 26889
16 16725 26890
16 16725 26893
16 16725 26896
16 16725 26900
16 16725 26910
16 16725 26958
16 16725 26983
16 16725 26986
16 16726 26863
16 16726 26873
16 16726 26875
16 16726 26896
16 16726 26898
16 16726 26905
16 16726 26913
16 16726 26914
16 16726 26925
16 16726 26944
16 16726 26979
16 16726 26980
16 16727 26874
16 16727 26879
16 16727 26885
16 16727 26892
16 16727 26894
16 16727 26899
16 16727 26900
16 16727 26905
16 16727 26909
16 16727 26912
16 16727 26940
16 16727 26941
16 16727 26982
16 16727 26983
16 16727 26984
16 16727 26985
16 16727 26987
16 16728 26864
16 16728 26882
16 16728 26884
16 16728 26889
16 16728 26897
16 16728 26905
16 16728 26912
16 16728 26922
16 16728 26926
16 16728 26933
16 16728 26938
16 16728 26943
16 16728 26945
16 16728 26947
16 16728 26954
16 16728 26955
16 16728 26958
16 16728 26983
16 16728 26984
16 16728 26990
16 16729 26869
16 16729 26872
16 16729 26876
16 16729 26878
16 16729 26882
16 16729 26884
16 16729 26893
16 16729 26899
16 16729 26902
16 16729 26905
16 16729 26915
16 16729 26934
16 16729 26936
16 16729 26942
16 16729 26981
16 16729 26984
16 16729 26985
16 16729 26987
16 16730 26865
16 16730 26876
16 16730 26881
16 16730 26901
16 16730 26903
16 16730 26912
16 16730 26919
16 16730 26929
16 16730 26939
16 16730 26984
16 16731 26863
16 16731 26876
16 16731 26877
16 16731 26880
16 16731 26884
16 16731 26886
16 16731 26903
16 16731 26905
16 16731 26909
16 16731 26917
16 16731 26918
16 16731 26927
16 16731 26928
16 16731 26984
16 16732 26865
16 16732 26872
16 16732 26881
16 16732 26888
16 16732 26889
16 16732 26890
16 16732 26896
16 16732 26898
16 16732 26902
16 16732 26907
16 16732 26919
16 16732 26985
16 16732 26986
16 16732 26990
16 16733 26862
16 16733 26864
16 16733 26882
16 16733 26883
16 16733 26891
16 16733 26894
16 16733 26897
16 16733 26907
16 16733 26909
16 16733 26910
16 16733 26925
16 16733 26986
16 16734 26851
16 16734 26865
16 16734 26877
16 16734 26881
16 16734 26885
16 16734 26892
16 16734 26897
16 16734 26901
16 16734 26906
16 16734 26909
16 16734 26915
16 16734 26986
16 16734 26988
16 16734 26995
16 16735 26859
16 16735 26860
16 16735 26861
16 16735 26862
16 16735 26863
16 16735 26865
16 16735 26873
16 16735 26886
16 16735 26896
16 16735 26897
16 16735 26900
16 16735 26905
16 16735 26906
16 16736 26866
16 16736 26873
16 16736 26889
16 16736 26890
16 16736 26895
16 16736 26897
16 16736 26898
16 16736 26912
16 16737 26858
16 16737 26859
16 16737 26865
16 16737 26876
16 16737 26881
16 16737 26883
16 16737 26886
16 16737 26890
16 16737 26892
16 16737 26894
16 16737 26897
16 16737 26899
16 16737 26933
16 16738 26856
16 16738 26857
16 16738 26875
16 16738 26880
16 16738 26883
16 16738 26890
16 16738 26891
16 16738 26893
16 16738 26895
16 16738 26992
16 16738 26997
16 16738 26999
16 16739 26853
16 16739 26854
16 16739 26878
16 16739 26880
16 16739 26881
16 16739 26882
16 16739 26883
16 16739 26890
16 16739 26893
16 16739 26896
16 16739 26900
16 16740 26852
16 16740 26856
16 16740 26858
16 16740 26859
16 16740 26874
16 16740 26877
16 16740 26885
16 16740 26886
16 16740 26892
16 16740 26893
16 16740 26990
16 16740 26998
16 16741 26858
16 16741 26875
16 16741 26889
16 16741 26890
16 16741 26896
16 16741 26898
16 16741 26900
16 16741 26910
16 16741 26957
16 16742 26853
16 16742 26860
16 16742 26862
16 16742 26884
16 16742 26888
16 16742 26889
16 16742 26899
16 16742 26928
16 16742 26991
16 16742 26996
16 16743 26866
16 16743 26892
16 16743 26896
16 16743 26899
16 16743 26990
16 16743 26991
16 16743 26992
16 16744 26861
16 16744 26891
16 16744 26898
16 16745 26860
16 16745 26868
16 16745 26872
16 16745 26882
16 16745 26891
16 16745 26894
16 16745 26990
16 16746 26868
16 16746 26884
16 16746 26887
16 16746 26893
16 16746 26946
16 16746 26989
16 16747 26867
16 16747 26870
16 16747 26878
16 16747 26894
16 16748 26874
16 16748 26888
16 16748 26984
16 16749 26876
16 16749 26877
16 16749 26882
16 16749 26887
16 16749 26986
16 16749 26989
16 16750 26862
16 16750 26873
16 16750 26879
16 16750 26880
16 16750 26895
16 16750 26939
16 16750 26986
16 16751 26864
16 16751 26866
16 16752 26871
16 16752 26884
16 16752 26891
16 16753 26862
16 16753 26988
16 16754 26870
16 16754 26881
16 16754 26893
16 16754 26896
16 16755 26870
16 16755 26874
16 16755 26897
16 16755 26987
16 16756 26869
16 16756 26885
16 16756 26985
16 16756 26986
16 16757 26890
16 16757 26898
16 16758 26880
16 16758 26884
16 16758 26894
16 16759 26852
16 16759 26861
16 16759 26867
16 16759 26868
16 16759 26895
16 16759 26910
16 16759 26936
16 16759 26983
16 16760 26852
16 16760 26872
16 16760 26894
16 16760 26896
16 16760 26898
16 16760 26908
16 16760 26936
16 16761 26881
16 16761 26890
16 16761 26901
16 16761 26933
16 16762 26854
16 16762 26863
16 16762 26876
16 16762 26884
16 16762 26888
16 16762 26892
16 16762 26895
16 16762 26896
16 16762 26897
16 16762 26898
16 16762 26904
16 16762 26906
16 16762 26930
16 16762 26933
16 16762 26935
16 16762 26938
16 16763 26865
16 16763 26875
16 16763 26879
16 16763 26881
16 16763 26882
16 16763 26888
16 16763 26891
16 16763 26896
16 16763 26897
16 16763 26902
16 16763 26904
16 16763 26914
16 16763 26929
16 16763 26945
16 16763 26986
16 16763 26988
16 16764 26862
16 16764 26871
16 16764 26889
16 16764 26891
16 16764 26897
16 16764 26900
16 16764 26902
16 16764 26906
16 16764 26907
16 16764 26909
16 16764 26915
16 16764 26916
16 16764 26928
16 16764 26938
16 16764 26940
16 16764 26944
16 16764 26949
16 16764 26950
16 16765 26860
16 16765 26890
16 16765 26901
16 16765 26919
16 16765 26921
16 16765 26923
16 16765 26926
16 16765 26928
16 16765 26930
16 16765 26952
16 16766 26890
16 16766 26891
16 16766 26901
16 16766 26923
16 16766 26924
16 16766 26932
16 16766 26953
16 16767 26853
16 16767 26854
16 16767 26856
16 16767 26858
16 16767 26879
16 16767 26888
16 16768 26888
16 16768 26924
16 16768 26929
16 16768 26953
16 16769 26852
16 16769 26875
16 16769 26883
16 16769 26887
16 16769 26889
16 16769 26912
16 16769 26923
16 16769 26928
16 16769 26989
16 16770 26851
16 16770 26881
16 16770 26882
16 16770 26884
16 16770 26888
16 16770 26941
16 16771 26954
16 16771 26973
16 16771 26988
16 16772 26857
16 16772 26871
16 16772 26882
16 16774 26868
16 16774 26879
16 16775 26889
16 16775 26956
16 16775 26987
16 16776 26950
16 16776 26955
16 16776 26956
16 16776 26989
16 16777 26907
16 16777 26914
16 16777 26934
16 16777 26949
16 16777 26958
16 16777 26959
16 16777 26960
16 16777 26986
16 16777 26987
16 16778 26912
16 16778 26913
16 16778 26950
16 16778 26951
16 16778 26954
16 16778 26986
16 16779 26906
16 16779 26919
16 16779 26945
16 16779 26948
16 16779 26951
16 16779 26985
16 16780 26907
16 16780 26920
16 16780 26945
16 16780 26947
16 16780 26949
16 16780 26951
16 16780 26952
16 16780 26985
16 16780 26988
16 16781 26905
16 16781 26909
16 16781 26952
16 16781 26956
16 16781 26989
16 16782 26928
16 16782 26932
16 16782 26943
16 16783 26916
16 16783 26931
16 16783 26936
16 16783 26937
16 16783 26988
16 16783 26989
16 16784 26922
16 16784 26924
16 16784 26936
16 16784 26941
16 16784 26956
16 16784 26962
16 16784 26969
16 16784 26985
16 16785 26898
16 16785 26919
16 16785 26924
16 16785 26929
16 16785 26955
16 16785 26966
16 16786 26902
16 16786 26969
16 16786 26987
16 16787 26929
16 16787 26955
16 16788 26954
16 16789 26908
16 16789 26972
16 16790 26985
16 16791 26954
16 16791 26966
16 16791 26982
16 16792 26987
16 16793 26913
16 16793 26923
16 16793 26977
16 16794 26913
16 16794 26955
16 16794 26976
16 16794 26978
16 16795 26923
16 16795 26930
16 16795 26931
16 16795 26934
16 16795 26987
16 16796 26873
16 16796 26902
16 16796 26929
16 16796 26932
16 16796 26977
16 16797 26883
16 16797 26970
16 16797 26972
16 16797 26981
16 16798 26892
16 16798 26953
16 16798 26965
16 16798 26968
16 16798 26980
16 16799 26877
16 16799 26922
16 16799 26968
16 16799 26972
16 16800 26921
16 16800 26974
16 16800 26981
16 16801 26909
16 16801 26971
16 16802 26894
16 16802 26935
16 16802 26948
16 16802 26971
16 16802 26986
16 16803 26937
16 16803 26979
16 16804 26895
16 16804 26943
16 16805 26897
16 16805 26898
16 16805 26916
16 16805 26946
16 16805 26952
16 16805 26979
16 16805 26981
16 16806 26907
16 16806 26950
16 16806 26977
16 16807 26918
16 16807 26983
16 16808 26963
16 16809 26925
16 16809 26983
16 16810 26922
16 16810 26984
16 16812 26853
16 16812 26897
16 16812 26906
16 16812 26919
16 16813 26880
16 16813 26898
16 16813 26924
16 16813 26977
16 16813 26982
16 16814 26855
16 16814 26884
16 16814 26975
16 16815 26961
16 16815 26981
16 16816 26859
16 16816 26928
16 16816 26959
16 16816 26983
16 16817 26860
16 16817 26901
16 16817 26923
16 16817 26961
16 16817 26974
16 16817 26981
16 16818 26902
16 16818 26905
16 16818 26929
16 16818 26952
16 16818 26960
16 16818 26963
16 16818 26964
16 16818 26980
16 16819 26864
16 16819 26963
16 16820 26863
16 16820 26905
16 16820 26963
16 16820 26966
16 16821 26951
17 33391 53701
18 66783 107402
3 2 3
4 4 6
4 4 6
5 8 13
5 8 13
6 16 26
6 16 26
7 32 52
7 32 52
9 132 209
9 132 210
9 132 211
9 133 209
9 133 210
9 133 211
