13 2207 3442
13 2207 3443
13 2207 3444
13 2207 3445
13 2207 3446
13 2207 3447
13 2207 3448
13 2207 3449
13 2207 3450
13 2207 3451
13 2207 3452
13 2207 3453
13 2207 3454
13 2207 3455
13 2207 3456
13 2207 3457
13 2207 3458
13 2207 3459
13 2207 3460
13 2207 3461
13 2207 3462
13 2207 3463
13 2208 3442
13 2208 3463
13 2209 3442
13 2209 3463
13 2210 3442
13 2210 3463
13 2211 3442
13 2211 3463
13 2212 3442
13 2212 3463
13 2213 3442
13 2213 3463
13 2214 3442
13 2214 3463
13 2215 3442
13 2215 3463
13 2216 3442
13 2216 3463
13 2217 3442
13 2217 3463
13 2218 3442
13 2218 3463
13 2219 3442
13 2219 3463
13 2220 3442
13 2220 3463
13 2221 3442
13 2221 3463
13 2222 3442
13 2222 3463
