10 234 429
12 939 1717
12 939 1717
13 1878 3435
13 1878 3435
14 3755 6871
15 7510 13743
15 7512 13744
15 7513 13745
16 15012 27486
16 15012 27487
16 15012 27488
16 15012 27489
16 15012 27490
16 15012 27491
16 15012 27492
16 15012 27493
17 30025 54972
17 30025 54973
17 30025 54974
17 30025 54975
17 30025 54976
17 30025 54977
17 30025 54978
17 30025 54979
17 30025 54980
17 30025 54981
17 30025 54982
17 30025 54983
17 30025 54984
17 30025 54985
17 30025 54986
18 60051 109944
3 1 3
4 3 6
4 3 6
5 7 13
5 7 13
6 14 26
6 14 26
7 29 53
7 29 53
8 58 107
8 58 107
9 117 214
9 117 214
