10 281 425
10 281 426
11 562 850
11 562 851
11 562 852
12 1120 1700
12 1120 1700
12 1120 1704
12 1120 1704
12 1120 1705
12 1120 1705
12 1121 1700
12 1121 1700
12 1122 1700
12 1122 1700
12 1123 1700
12 1123 1700
12 1123 1701
12 1123 1701
12 1123 1702
12 1123 1702
12 1124 1700
12 1124 1700
12 1124 1701
12 1124 1701
12 1124 1702
12 1124 1702
12 1124 1703
12 1124 1703
12 1124 1704
12 1124 1704
12 1124 1705
12 1124 1705
12 1125 1700
12 1125 1700
12 1125 1701
12 1125 1701
12 1125 1702
12 1125 1702
12 1125 1703
12 1125 1703
12 1125 1704
12 1125 1704
12 1125 1705
12 1125 1705
13 2240 3400
13 2240 3400
13 2240 3401
13 2240 3401
13 2240 3402
13 2240 3402
13 2240 3403
13 2240 3403
13 2240 3404
13 2240 3404
13 2240 3405
13 2240 3405
13 2240 3406
13 2240 3406
13 2240 3407
13 2240 3407
13 2240 3408
13 2240 3408
13 2240 3409
13 2240 3409
13 2240 3410
13 2240 3410
13 2240 3411
13 2240 3411
13 2241 3400
13 2241 3400
13 2241 3401
13 2241 3401
13 2241 3407
13 2241 3407
13 2241 3408
13 2241 3408
13 2241 3409
13 2241 3409
13 2241 3410
13 2241 3410
13 2241 3411
13 2241 3411
13 2242 3400
13 2242 3400
13 2242 3401
13 2242 3401
13 2242 3410
13 2242 3410
13 2242 3411
13 2242 3411
13 2243 3400
13 2243 3400
13 2243 3401
13 2243 3401
13 2243 3411
13 2243 3411
13 2244 3400
13 2244 3400
13 2244 3401
13 2244 3401
13 2244 3411
13 2244 3411
13 2245 3400
13 2245 3400
13 2245 3401
13 2245 3401
13 2245 3402
13 2245 3402
13 2245 3411
13 2245 3411
13 2246 3400
13 2246 3400
13 2246 3401
13 2246 3401
13 2246 3402
13 2246 3402
13 2246 3403
13 2246 3403
13 2246 3404
13 2246 3404
13 2246 3405
13 2246 3405
13 2246 3406
13 2246 3406
13 2246 3411
13 2246 3411
13 2247 3400
13 2247 3400
13 2247 3401
13 2247 3401
13 2247 3402
13 2247 3402
13 2247 3403
13 2247 3403
13 2247 3404
13 2247 3404
13 2247 3405
13 2247 3405
13 2247 3406
13 2247 3406
13 2247 3407
13 2247 3407
13 2247 3408
13 2247 3408
13 2247 3409
13 2247 3409
13 2247 3410
13 2247 3410
13 2247 3411
13 2247 3411
13 2248 3400
13 2248 3400
13 2248 3401
13 2248 3401
13 2248 3402
13 2248 3402
13 2248 3403
13 2248 3403
13 2248 3404
13 2248 3404
13 2248 3405
13 2248 3405
13 2248 3406
13 2248 3406
13 2248 3407
13 2248 3407
13 2248 3408
13 2248 3408
13 2248 3409
13 2248 3409
13 2248 3410
13 2248 3410
13 2248 3411
13 2248 3411
13 2249 3400
13 2249 3400
13 2249 3401
13 2249 3401
13 2249 3402
13 2249 3402
13 2249 3403
13 2249 3403
13 2249 3404
13 2249 3404
13 2249 3405
13 2249 3405
13 2249 3406
13 2249 3406
13 2249 3407
13 2249 3407
13 2249 3408
13 2249 3408
13 2249 3409
13 2249 3409
13 2249 3410
13 2249 3410
13 2249 3411
13 2249 3411
13 2250 3400
13 2250 3400
13 2250 3401
13 2250 3401
13 2250 3402
13 2250 3402
13 2250 3403
13 2250 3403
13 2250 3404
13 2250 3404
13 2250 3405
13 2250 3405
13 2250 3406
13 2250 3406
13 2250 3407
13 2250 3407
13 2250 3408
13 2250 3408
13 2250 3409
13 2250 3409
13 2250 3410
13 2250 3410
13 2250 3411
13 2250 3411
13 2251 3400
13 2251 3400
13 2251 3401
13 2251 3401
13 2251 3402
13 2251 3402
13 2251 3403
13 2251 3403
13 2251 3404
13 2251 3404
13 2251 3405
13 2251 3405
13 2251 3406
13 2251 3406
13 2251 3407
13 2251 3407
13 2251 3408
13 2251 3408
13 2251 3409
13 2251 3409
13 2251 3410
13 2251 3410
13 2251 3411
13 2251 3411
14 4481 6801
14 4481 6802
14 4481 6803
14 4481 6804
14 4481 6805
14 4481 6806
14 4481 6807
14 4481 6808
14 4481 6809
14 4481 6810
14 4481 6811
14 4481 6812
14 4481 6813
14 4481 6814
14 4481 6815
14 4481 6816
14 4481 6817
14 4481 6818
14 4481 6819
14 4481 6820
14 4481 6821
14 4481 6822
14 4482 6804
14 4482 6810
14 4482 6811
14 4482 6812
14 4482 6815
14 4482 6820
14 4483 6802
14 4483 6817
14 4483 6820
14 4483 6821
14 4484 6801
14 4484 6817
14 4484 6820
14 4484 6821
14 4485 6822
14 4486 6802
14 4487 6822
14 4488 6803
14 4488 6822
14 4489 6803
14 4489 6822
14 4490 6801
14 4490 6802
14 4490 6806
14 4490 6821
14 4490 6822
14 4491 6802
14 4491 6803
14 4491 6806
14 4491 6807
14 4491 6808
14 4491 6809
14 4491 6810
14 4491 6821
14 4491 6822
14 4492 6801
14 4492 6803
14 4492 6805
14 4492 6806
14 4492 6809
14 4492 6811
14 4492 6821
14 4492 6822
14 4493 6801
14 4493 6803
14 4493 6808
14 4493 6809
14 4493 6810
14 4493 6816
14 4493 6817
14 4493 6821
14 4493 6822
14 4494 6802
14 4494 6805
14 4494 6806
14 4494 6809
14 4494 6810
14 4494 6811
14 4494 6812
14 4494 6813
14 4494 6816
14 4494 6817
14 4494 6818
14 4494 6819
14 4494 6821
14 4494 6822
14 4495 6801
14 4495 6802
14 4495 6808
14 4495 6812
14 4495 6813
14 4495 6814
14 4495 6816
14 4495 6817
14 4495 6818
14 4495 6819
14 4495 6820
14 4495 6821
14 4495 6822
14 4496 6801
14 4496 6803
14 4496 6804
14 4496 6805
14 4496 6809
14 4496 6812
14 4496 6813
14 4496 6815
14 4496 6816
14 4496 6817
14 4496 6818
14 4496 6822
14 4497 6801
14 4497 6802
14 4497 6803
14 4497 6804
14 4497 6806
14 4497 6807
14 4497 6818
14 4497 6819
14 4497 6820
14 4497 6822
14 4498 6802
14 4498 6803
14 4498 6808
14 4498 6811
14 4498 6813
14 4498 6818
14 4498 6819
14 4498 6820
14 4498 6822
14 4499 6802
14 4499 6803
14 4499 6804
14 4499 6812
14 4499 6814
14 4499 6818
14 4499 6819
14 4499 6820
14 4499 6821
14 4499 6822
14 4500 6813
14 4500 6814
14 4500 6819
14 4500 6821
14 4501 6815
14 4501 6817
14 4502 6818
14 4502 6821
15 8963 13602
15 8963 13603
15 8963 13604
15 8963 13605
15 8963 13606
15 8963 13607
15 8963 13608
15 8963 13609
15 8963 13610
15 8963 13611
15 8963 13612
15 8963 13613
15 8963 13614
15 8963 13615
15 8963 13616
15 8963 13617
15 8963 13618
15 8963 13619
15 8963 13620
15 8963 13621
15 8963 13622
15 8963 13623
15 8963 13624
15 8963 13625
15 8963 13626
15 8963 13627
15 8963 13628
15 8963 13629
15 8963 13630
15 8963 13631
15 8963 13632
15 8963 13633
15 8963 13634
15 8963 13635
15 8963 13636
15 8963 13637
15 8963 13638
15 8963 13639
15 8963 13640
15 8963 13641
15 8963 13642
15 8963 13643
15 8963 13644
15 8963 13645
15 8964 13608
15 8964 13609
15 8964 13610
15 8964 13611
15 8964 13616
15 8964 13625
15 8964 13641
15 8965 13610
15 8965 13621
15 8965 13622
15 8965 13623
15 8965 13630
15 8966 13622
15 8966 13640
15 8966 13642
15 8967 13604
15 8967 13634
15 8968 13603
15 8968 13630
15 8968 13635
15 8968 13641
15 8968 13642
15 8970 13644
15 8972 13604
15 8974 13644
15 8975 13644
15 8976 13607
15 8976 13644
15 8977 13643
15 8977 13645
15 8978 13645
15 8979 13607
15 8979 13608
15 8979 13609
15 8979 13644
15 8979 13645
15 8980 13603
15 8980 13605
15 8980 13645
15 8981 13604
15 8981 13613
15 8981 13642
15 8981 13643
15 8982 13605
15 8982 13607
15 8982 13616
15 8982 13618
15 8982 13642
15 8982 13645
15 8983 13612
15 8983 13613
15 8983 13614
15 8983 13616
15 8983 13620
15 8983 13621
15 8983 13625
15 8983 13643
15 8984 13603
15 8984 13611
15 8984 13618
15 8984 13623
15 8984 13644
15 8984 13645
15 8985 13606
15 8985 13612
15 8985 13618
15 8985 13622
15 8985 13642
15 8985 13643
15 8986 13603
15 8986 13617
15 8986 13620
15 8986 13633
15 8986 13644
15 8987 13606
15 8987 13616
15 8987 13617
15 8987 13618
15 8987 13619
15 8987 13620
15 8987 13634
15 8987 13635
15 8987 13643
15 8987 13644
15 8988 13618
15 8988 13619
15 8988 13620
15 8988 13622
15 8988 13623
15 8988 13632
15 8988 13633
15 8988 13639
15 8988 13642
15 8988 13644
15 8988 13645
15 8989 13604
15 8989 13610
15 8989 13612
15 8989 13624
15 8989 13625
15 8989 13627
15 8989 13633
15 8989 13634
15 8989 13635
15 8989 13636
15 8989 13637
15 8989 13639
15 8989 13642
15 8989 13644
15 8990 13603
15 8990 13605
15 8990 13624
15 8990 13625
15 8990 13626
15 8990 13627
15 8990 13628
15 8990 13633
15 8990 13634
15 8990 13635
15 8990 13636
15 8990 13637
15 8990 13641
15 8990 13643
15 8991 13617
15 8991 13626
15 8991 13627
15 8991 13629
15 8991 13634
15 8991 13635
15 8991 13636
15 8991 13637
15 8991 13638
15 8991 13639
15 8991 13644
15 8992 13603
15 8992 13609
15 8992 13618
15 8992 13627
15 8992 13631
15 8992 13633
15 8992 13634
15 8992 13636
15 8992 13644
15 8992 13645
15 8993 13607
15 8993 13608
15 8993 13611
15 8993 13624
15 8993 13632
15 8993 13633
15 8993 13634
15 8993 13635
15 8993 13644
15 8994 13606
15 8994 13607
15 8994 13636
15 8994 13639
15 8994 13644
15 8995 13603
15 8995 13604
15 8995 13608
15 8995 13612
15 8995 13614
15 8995 13640
15 8996 13605
15 8996 13606
15 8996 13623
15 8996 13627
15 8996 13636
15 8996 13637
15 8996 13638
15 8996 13639
15 8996 13641
15 8996 13644
15 8996 13645
15 8997 13606
15 8997 13607
15 8997 13617
15 8997 13637
15 8997 13639
15 8997 13644
15 8998 13605
15 8998 13606
15 8998 13624
15 8998 13629
15 8998 13637
15 8998 13639
15 8998 13644
15 8999 13609
15 8999 13641
15 8999 13642
15 8999 13643
15 9000 13627
15 9000 13643
15 9001 13629
15 9001 13639
15 9002 13630
15 9002 13631
15 9002 13635
15 9004 13636
15 9004 13642
16 17926 27205
16 17926 27206
16 17926 27207
16 17926 27208
16 17926 27209
16 17926 27210
16 17926 27211
16 17926 27212
16 17926 27213
16 17926 27214
16 17926 27215
16 17926 27216
16 17926 27217
16 17926 27218
16 17926 27219
16 17926 27220
16 17926 27221
16 17926 27222
16 17926 27223
16 17926 27224
16 17926 27225
16 17926 27226
16 17926 27227
16 17926 27228
16 17926 27229
16 17926 27230
16 17926 27231
16 17926 27232
16 17926 27233
16 17926 27234
16 17926 27235
16 17926 27236
16 17926 27237
16 17926 27238
16 17926 27239
16 17926 27240
16 17926 27241
16 17926 27242
16 17926 27243
16 17926 27244
16 17926 27245
16 17926 27246
16 17926 27247
16 17926 27248
16 17926 27249
16 17926 27250
16 17926 27251
16 17926 27252
16 17926 27253
16 17926 27254
16 17926 27255
16 17926 27256
16 17926 27257
16 17926 27258
16 17926 27259
16 17926 27260
16 17926 27261
16 17926 27262
16 17926 27263
16 17926 27264
16 17926 27265
16 17926 27266
16 17926 27267
16 17926 27268
16 17926 27269
16 17926 27270
16 17926 27271
16 17926 27272
16 17926 27273
16 17926 27274
16 17926 27275
16 17926 27276
16 17926 27277
16 17926 27278
16 17926 27279
16 17926 27280
16 17926 27281
16 17926 27282
16 17926 27283
16 17926 27284
16 17926 27285
16 17926 27286
16 17926 27287
16 17926 27288
16 17926 27289
16 17926 27290
16 17927 27212
16 17927 27248
16 17927 27250
16 17927 27263
16 17928 27217
16 17928 27218
16 17928 27232
16 17928 27250
16 17928 27251
16 17929 27220
16 17929 27222
16 17929 27250
16 17929 27251
16 17929 27283
16 17930 27233
16 17930 27245
16 17930 27247
16 17931 27221
16 17931 27242
16 17931 27261
16 17932 27244
16 17932 27245
16 17933 27244
16 17933 27281
16 17933 27285
16 17934 27208
16 17935 27269
16 17936 27207
16 17936 27255
16 17936 27260
16 17936 27270
16 17936 27282
16 17936 27285
16 17937 27206
16 17937 27270
16 17937 27271
16 17940 27271
16 17941 27288
16 17945 27208
16 17949 27288
16 17949 27289
16 17950 27289
16 17952 27214
16 17953 27288
16 17955 27286
16 17955 27290
16 17956 27290
16 17957 27290
16 17958 27214
16 17958 27216
16 17958 27219
16 17958 27289
16 17958 27290
16 17959 27214
16 17959 27217
16 17961 27207
16 17961 27210
16 17961 27290
16 17962 27226
16 17962 27284
16 17963 27208
16 17963 27286
16 17964 27211
16 17964 27214
16 17964 27233
16 17964 27290
16 17965 27236
16 17965 27284
16 17966 27227
16 17966 27243
16 17967 27225
16 17967 27228
16 17967 27229
16 17967 27233
16 17967 27241
16 17967 27251
16 17967 27287
16 17968 27206
16 17968 27222
16 17968 27237
16 17968 27247
16 17968 27258
16 17968 27289
16 17968 27290
16 17970 27237
16 17970 27244
16 17970 27286
16 17971 27212
16 17971 27225
16 17971 27285
16 17972 27207
16 17972 27266
16 17972 27267
16 17972 27289
16 17973 27235
16 17973 27240
16 17973 27267
16 17973 27274
16 17973 27281
16 17974 27212
16 17974 27232
16 17974 27235
16 17974 27237
16 17974 27239
16 17974 27241
16 17974 27268
16 17974 27270
16 17974 27286
16 17974 27289
16 17975 27235
16 17975 27238
16 17975 27239
16 17975 27268
16 17975 27286
16 17976 27237
16 17976 27238
16 17976 27240
16 17976 27244
16 17976 27246
16 17976 27288
16 17976 27290
16 17977 27265
16 17977 27267
16 17977 27278
16 17977 27284
16 17977 27290
16 17978 27225
16 17978 27270
16 17978 27271
16 17978 27272
16 17978 27289
16 17979 27209
16 17979 27220
16 17979 27249
16 17979 27251
16 17979 27254
16 17979 27267
16 17979 27268
16 17979 27269
16 17979 27271
16 17979 27272
16 17979 27275
16 17979 27278
16 17979 27284
16 17980 27249
16 17980 27251
16 17980 27252
16 17980 27253
16 17980 27255
16 17980 27267
16 17980 27268
16 17980 27269
16 17980 27275
16 17980 27283
16 17981 27207
16 17981 27210
16 17981 27251
16 17981 27255
16 17981 27256
16 17981 27267
16 17981 27268
16 17981 27270
16 17981 27272
16 17981 27274
16 17981 27275
16 17981 27286
16 17982 27252
16 17982 27269
16 17982 27270
16 17982 27271
16 17982 27273
16 17982 27289
16 17983 27235
16 17983 27253
16 17983 27254
16 17983 27259
16 17983 27272
16 17983 27274
16 17983 27276
16 17983 27279
16 17983 27289
16 17984 27255
16 17984 27263
16 17984 27273
16 17984 27288
16 17984 27290
16 17985 27207
16 17985 27218
16 17985 27236
16 17985 27267
16 17985 27268
16 17986 27266
16 17986 27270
16 17987 27214
16 17987 27217
16 17987 27222
16 17987 27249
16 17987 27264
16 17987 27268
16 17987 27289
16 17988 27215
16 17988 27273
16 17988 27279
16 17988 27289
16 17989 27213
16 17990 27209
16 17990 27217
16 17990 27229
16 17990 27280
16 17991 27207
16 17991 27208
16 17991 27217
16 17991 27224
16 17992 27210
16 17992 27211
16 17992 27212
16 17992 27246
16 17992 27279
16 17992 27289
16 17993 27254
16 17993 27273
16 17993 27275
16 17993 27277
16 17993 27282
16 17993 27290
16 17994 27212
16 17994 27215
16 17994 27279
16 17994 27289
16 17995 27234
16 17995 27275
16 17996 27212
16 17996 27213
16 17996 27248
16 17996 27258
16 17996 27274
16 17996 27278
16 17996 27288
16 17997 27210
16 17997 27212
16 17998 27287
16 17999 27218
16 17999 27282
16 17999 27284
16 18000 27255
16 18000 27287
16 18002 27279
16 18003 27259
16 18003 27279
16 18005 27260
16 18005 27262
16 18005 27270
16 18008 27273
16 18008 27285
17 35853 54410
17 35853 54411
17 35853 54412
17 35853 54413
17 35853 54414
17 35853 54415
17 35853 54416
17 35853 54417
17 35853 54418
17 35853 54419
17 35853 54420
17 35853 54421
17 35853 54422
17 35853 54423
17 35853 54424
17 35853 54425
17 35853 54426
17 35853 54427
17 35853 54428
17 35853 54429
17 35853 54430
17 35853 54431
17 35853 54432
17 35853 54433
17 35853 54434
17 35853 54435
17 35853 54436
17 35853 54437
17 35853 54438
17 35853 54439
17 35853 54440
17 35853 54441
17 35853 54442
17 35853 54443
17 35853 54444
17 35853 54445
17 35853 54446
17 35853 54447
17 35853 54448
17 35853 54449
17 35853 54450
17 35853 54451
17 35853 54452
17 35853 54453
17 35853 54454
17 35853 54455
17 35853 54456
17 35853 54457
17 35853 54458
17 35853 54459
17 35853 54460
17 35853 54461
17 35853 54462
17 35853 54463
17 35853 54464
17 35853 54465
17 35853 54466
17 35853 54467
17 35853 54468
17 35853 54469
17 35853 54470
17 35853 54471
17 35853 54472
17 35853 54473
17 35853 54474
17 35853 54475
17 35853 54476
17 35853 54477
17 35853 54478
17 35853 54479
17 35853 54480
17 35853 54481
17 35853 54482
17 35853 54483
17 35853 54484
17 35853 54485
17 35853 54486
17 35853 54487
17 35853 54488
17 35853 54489
17 35853 54490
17 35853 54491
17 35853 54492
17 35853 54493
17 35853 54494
17 35853 54495
17 35853 54496
17 35853 54497
17 35853 54498
17 35853 54499
17 35853 54500
17 35853 54501
17 35853 54502
17 35853 54503
17 35853 54504
17 35853 54505
17 35853 54506
17 35853 54507
17 35853 54508
17 35853 54509
17 35853 54510
17 35853 54511
17 35853 54512
17 35853 54513
17 35853 54514
17 35853 54515
17 35853 54516
17 35853 54517
17 35853 54518
17 35853 54519
17 35853 54520
17 35853 54521
17 35853 54522
17 35853 54523
17 35853 54524
17 35853 54525
17 35853 54526
17 35853 54527
17 35853 54528
17 35853 54529
17 35853 54530
17 35853 54531
17 35853 54532
17 35853 54533
17 35853 54534
17 35853 54535
17 35853 54536
17 35853 54537
17 35853 54538
17 35853 54539
17 35853 54540
17 35853 54541
17 35853 54542
17 35853 54543
17 35853 54544
17 35853 54545
17 35853 54546
17 35853 54547
17 35853 54548
17 35853 54549
17 35853 54550
17 35853 54551
17 35853 54552
17 35853 54553
17 35853 54554
17 35853 54555
17 35853 54556
17 35853 54557
17 35853 54558
17 35853 54559
17 35853 54560
17 35853 54561
17 35853 54562
17 35853 54563
17 35853 54564
17 35853 54565
17 35853 54566
17 35853 54567
17 35853 54568
17 35853 54569
17 35853 54570
17 35853 54571
17 35853 54572
17 35853 54573
17 35853 54574
17 35853 54575
17 35853 54576
17 35853 54577
17 35853 54578
17 35853 54579
17 35853 54580
17 35853 54581
17 35925 54568
17 35952 54474
18 71707 108820
18 71707 108821
18 71707 108822
18 71707 108823
18 71707 108824
18 71707 108825
18 71707 108826
18 71707 108827
18 71707 108828
18 71707 108829
18 71707 108830
18 71707 108831
18 71707 108832
18 71707 108833
18 71707 108834
18 71707 108835
18 71707 108836
18 71707 108837
18 71707 108838
18 71707 108839
18 71707 108840
18 71707 108841
18 71707 108842
18 71707 108843
18 71707 108844
18 71707 108845
18 71707 108846
18 71707 108847
18 71707 108848
18 71707 108849
18 71707 108850
18 71707 108851
18 71707 108852
18 71707 108853
18 71707 108854
18 71707 108855
18 71707 108856
18 71707 108857
18 71707 108858
18 71707 108859
18 71707 108860
18 71707 108861
18 71707 108862
18 71707 108863
18 71707 108864
18 71707 108865
18 71707 108866
18 71707 108867
18 71707 108868
18 71707 108869
18 71707 108870
18 71707 108871
18 71707 108872
18 71707 108873
18 71707 108874
18 71707 108875
18 71707 108876
18 71707 108877
18 71707 108878
18 71707 108879
18 71707 108880
18 71707 108881
18 71707 108882
18 71707 108883
18 71707 108884
18 71707 108885
18 71707 108886
18 71707 108887
18 71707 108888
18 71707 108889
18 71707 108890
18 71707 108891
18 71707 108892
18 71707 108893
18 71707 108894
18 71707 108895
18 71707 108896
18 71707 108897
18 71707 108898
18 71707 108899
18 71707 108900
18 71707 108901
18 71707 108902
18 71707 108903
18 71707 108904
18 71707 108905
18 71707 108906
18 71707 108907
18 71707 108908
18 71707 108909
18 71707 108910
18 71707 108911
18 71707 108912
18 71707 108913
18 71707 108914
18 71707 108915
18 71707 108916
18 71707 108917
18 71707 108918
18 71707 108919
18 71707 108920
18 71707 108921
18 71707 108922
18 71707 108923
18 71707 108924
18 71707 108925
18 71707 108926
18 71707 108927
18 71707 108928
18 71707 108929
18 71707 108930
18 71707 108931
18 71707 108932
18 71707 108933
18 71707 108934
18 71707 108935
18 71707 108936
18 71707 108937
18 71707 108938
18 71707 108939
18 71707 108940
18 71707 108941
18 71707 108942
18 71707 108943
18 71707 108944
18 71707 108945
18 71707 108946
18 71707 108947
18 71707 108948
18 71707 108949
18 71707 108950
18 71707 108951
18 71707 108952
18 71707 108953
18 71707 108954
18 71707 108955
18 71707 108956
18 71707 108957
18 71707 108958
18 71707 108959
18 71707 108960
18 71707 108961
18 71707 108962
18 71707 108963
18 71707 108964
18 71707 108965
18 71707 108966
18 71707 108967
18 71707 108968
18 71707 108969
18 71707 108970
18 71707 108971
18 71707 108972
18 71707 108973
18 71707 108974
18 71707 108975
18 71707 108976
18 71707 108977
18 71707 108978
18 71707 108979
18 71707 108980
18 71707 108981
18 71707 108982
18 71707 108983
18 71707 108984
18 71707 108985
18 71707 108986
18 71707 108987
18 71707 108988
18 71707 108989
18 71707 108990
18 71707 108991
18 71707 108992
18 71707 108993
18 71707 108994
18 71707 108995
18 71707 108996
18 71707 108997
18 71707 108998
18 71707 108999
18 71707 109000
18 71707 109001
18 71707 109002
18 71707 109003
18 71707 109004
18 71707 109005
18 71707 109006
18 71707 109007
18 71707 109008
18 71707 109009
18 71707 109010
18 71707 109011
18 71707 109012
18 71707 109013
18 71707 109014
18 71707 109015
18 71707 109016
18 71707 109017
18 71707 109018
18 71707 109019
18 71707 109020
18 71707 109021
18 71707 109022
18 71707 109023
18 71707 109024
18 71707 109025
18 71707 109026
18 71707 109027
18 71707 109028
18 71707 109029
18 71707 109030
18 71707 109031
18 71707 109032
18 71707 109033
18 71707 109034
18 71707 109035
18 71707 109036
18 71707 109037
18 71707 109038
18 71707 109039
18 71707 109040
18 71707 109041
18 71707 109042
18 71707 109043
18 71707 109044
18 71707 109045
18 71707 109046
18 71707 109047
18 71707 109048
18 71707 109049
18 71707 109050
18 71707 109051
18 71707 109052
18 71707 109053
18 71707 109054
18 71707 109055
18 71707 109056
18 71707 109057
18 71707 109058
18 71707 109059
18 71707 109060
18 71707 109061
18 71707 109062
18 71707 109063
18 71707 109064
18 71707 109065
18 71707 109066
18 71707 109067
18 71707 109068
18 71707 109069
18 71707 109070
18 71707 109071
18 71707 109072
18 71707 109073
18 71707 109074
18 71707 109075
18 71707 109076
18 71707 109077
18 71707 109078
18 71707 109079
18 71707 109080
18 71707 109081
18 71707 109082
18 71707 109083
18 71707 109084
18 71707 109085
18 71707 109086
18 71707 109087
18 71707 109088
18 71707 109089
18 71707 109090
18 71707 109091
18 71707 109092
18 71707 109093
18 71707 109094
18 71707 109095
18 71707 109096
18 71707 109097
18 71707 109098
18 71707 109099
18 71707 109100
18 71707 109101
18 71707 109102
18 71707 109103
18 71707 109104
18 71707 109105
18 71707 109106
18 71707 109107
18 71707 109108
18 71707 109109
18 71707 109110
18 71707 109111
18 71707 109112
18 71707 109113
18 71707 109114
18 71707 109115
18 71707 109116
18 71707 109117
18 71707 109118
18 71707 109119
18 71707 109120
18 71707 109121
18 71707 109122
18 71707 109123
18 71707 109124
18 71707 109125
18 71707 109126
18 71707 109127
18 71707 109128
18 71707 109129
18 71707 109130
18 71707 109131
18 71707 109132
18 71707 109133
18 71707 109134
18 71707 109135
18 71707 109136
18 71707 109137
18 71707 109138
18 71707 109139
18 71707 109140
18 71707 109141
18 71707 109142
18 71707 109143
18 71707 109144
18 71707 109145
18 71707 109146
18 71707 109147
18 71707 109148
18 71707 109149
18 71707 109150
18 71707 109151
18 71707 109152
18 71707 109153
18 71707 109154
18 71707 109155
18 71707 109156
18 71707 109157
18 71707 109158
18 71707 109159
18 71707 109160
18 71707 109161
18 71707 109162
18 71851 109136
18 71904 108948
3 2 3
4 4 6
4 4 6
5 8 13
5 8 13
6 17 26
6 17 26
7 35 53
7 35 53
8 70 106
8 70 106
