12 1136 1732
12 1136 1732
13 2272 3457
13 2272 3457
13 2272 3459
13 2272 3459
13 2272 3460
13 2272 3460
13 2272 3461
13 2272 3461
13 2272 3462
13 2272 3462
13 2272 3463
13 2272 3463
13 2272 3464
13 2272 3464
13 2273 3463
13 2273 3463
13 2273 3464
13 2273 3464
13 2275 3457
13 2275 3457
13 2275 3458
13 2275 3458
13 2275 3464
13 2275 3464
14 4545 6915
14 4545 6917
14 4545 6918
14 4545 6919
14 4545 6920
14 4545 6921
14 4545 6922
14 4545 6923
14 4545 6924
14 4545 6925
14 4545 6926
14 4545 6927
14 4545 6928
14 4546 6915
14 4546 6926
14 4550 6916
15 9091 13831
15 9091 13834
15 9091 13835
15 9091 13836
15 9091 13837
15 9091 13838
15 9091 13839
15 9091 13840
15 9091 13841
15 9091 13842
15 9091 13843
15 9091 13844
15 9091 13845
15 9091 13846
15 9091 13847
15 9091 13848
15 9091 13849
15 9091 13850
15 9091 13851
15 9091 13852
15 9091 13853
15 9091 13854
15 9091 13855
15 9091 13856
15 9092 13852
15 9093 13831
15 9099 13832
15 9099 13833
16 18183 27662
16 18183 27663
16 18183 27664
16 18183 27668
16 18183 27669
16 18183 27670
16 18183 27671
16 18183 27672
16 18183 27673
16 18183 27674
16 18183 27675
16 18183 27676
16 18183 27677
16 18183 27678
16 18183 27679
16 18183 27680
16 18183 27681
16 18183 27682
16 18183 27683
16 18183 27684
16 18183 27685
16 18183 27686
16 18183 27687
16 18183 27688
16 18183 27689
16 18183 27690
16 18183 27691
16 18183 27692
16 18183 27693
16 18183 27694
16 18183 27695
16 18183 27696
16 18183 27697
16 18183 27698
16 18183 27699
16 18183 27700
16 18183 27701
16 18183 27702
16 18183 27703
16 18183 27704
16 18183 27705
16 18183 27706
16 18183 27707
16 18183 27708
16 18183 27709
16 18183 27710
16 18183 27711
16 18183 27712
16 18185 27705
16 18187 27662
16 18198 27665
16 18198 27666
16 18198 27667
17 36366 55324
18 72732 110649
3 2 3
4 4 6
4 4 6
5 8 13
5 8 13
6 17 27
6 17 27
7 35 54
7 35 54
8 71 108
8 71 108
