13 2258 3511
13 2258 3511
13 2261 3509
13 2261 3509
14 4517 7018
14 4517 7021
14 4517 7022
14 4517 7023
14 4522 7018
14 4522 7019
15 9035 14036
15 9035 14037
15 9035 14038
15 9035 14041
15 9035 14042
15 9035 14043
15 9035 14044
15 9035 14045
15 9035 14046
15 9035 14047
15 9044 14038
15 9044 14039
15 9045 14036
15 9045 14040
16 18070 28072
16 18070 28073
16 18070 28074
16 18070 28075
16 18070 28076
16 18070 28077
16 18070 28078
16 18070 28079
16 18070 28080
16 18070 28081
16 18070 28082
16 18070 28083
16 18070 28084
16 18070 28085
16 18070 28086
16 18070 28087
16 18070 28088
16 18070 28089
16 18070 28090
16 18070 28091
16 18070 28092
16 18070 28093
16 18070 28094
16 18088 28077
16 18090 28073
17 36141 56144
18 72283 112288
3 2 3
4 4 6
4 4 6
5 8 13
5 8 13
6 17 27
6 17 27
7 35 54
7 35 54
8 70 109
8 70 109
