13 2215 3445
13 2215 3445
13 2218 3445
13 2218 3445
14 4431 6890
15 8862 13776
15 8862 13779
15 8862 13780
16 17725 27552
16 17725 27553
16 17725 27554
16 17725 27558
16 17725 27559
16 17725 27560
16 17743 27558
16 17744 27557
16 17745 27556
17 35450 55104
17 35450 55105
17 35450 55106
17 35450 55107
17 35450 55108
17 35450 55109
17 35450 55110
17 35450 55111
17 35450 55112
17 35450 55113
17 35450 55114
17 35450 55115
17 35450 55116
17 35450 55117
17 35450 55118
17 35450 55119
17 35450 55120
18 70901 110208
3 2 3
4 4 6
4 4 6
5 8 13
5 8 13
6 17 26
6 17 26
7 34 53
7 34 53
8 69 107
8 69 107
