11 592 790
12 1184 1580
12 1184 1580
12 1184 1581
12 1184 1581
12 1184 1582
12 1184 1582
12 1184 1583
12 1184 1583
12 1184 1584
12 1184 1584
12 1184 1585
12 1184 1585
12 1184 1586
12 1184 1586
12 1184 1587
12 1184 1587
12 1184 1588
12 1184 1588
12 1184 1589
12 1184 1589
12 1185 1580
12 1185 1580
12 1185 1581
12 1185 1581
12 1185 1582
12 1185 1582
12 1185 1583
12 1185 1583
12 1186 1580
12 1186 1580
12 1186 1581
12 1186 1581
12 1186 1582
12 1186 1582
12 1186 1583
12 1186 1583
13 2369 3161
13 2369 3161
13 2369 3162
13 2369 3162
13 2369 3163
13 2369 3163
13 2369 3164
13 2369 3164
13 2369 3165
13 2369 3165
13 2369 3166
13 2369 3166
13 2369 3167
13 2369 3167
13 2369 3168
13 2369 3168
13 2369 3169
13 2369 3169
13 2369 3170
13 2369 3170
13 2369 3171
13 2369 3171
13 2369 3172
13 2369 3172
13 2369 3173
13 2369 3173
13 2369 3174
13 2369 3174
13 2369 3175
13 2369 3175
13 2369 3176
13 2369 3176
13 2369 3177
13 2369 3177
13 2369 3178
13 2369 3178
13 2369 3179
13 2369 3179
13 2370 3161
13 2370 3161
13 2370 3162
13 2370 3162
13 2370 3163
13 2370 3163
13 2370 3164
13 2370 3164
13 2370 3165
13 2370 3165
13 2370 3166
13 2370 3166
13 2370 3167
13 2370 3167
13 2370 3179
13 2370 3179
13 2371 3161
13 2371 3161
13 2371 3162
13 2371 3162
13 2371 3163
13 2371 3163
13 2371 3164
13 2371 3164
13 2371 3165
13 2371 3165
13 2371 3166
13 2371 3166
13 2371 3167
13 2371 3167
13 2371 3179
13 2371 3179
13 2372 3161
13 2372 3161
13 2372 3162
13 2372 3162
13 2372 3163
13 2372 3163
13 2372 3164
13 2372 3164
13 2372 3165
13 2372 3165
13 2372 3166
13 2372 3166
13 2372 3167
13 2372 3167
13 2372 3179
13 2372 3179
13 2373 3161
13 2373 3161
13 2373 3162
13 2373 3162
13 2373 3163
13 2373 3163
13 2373 3164
13 2373 3164
13 2373 3165
13 2373 3165
13 2373 3166
13 2373 3166
13 2373 3167
13 2373 3167
13 2373 3179
13 2373 3179
13 2374 3161
13 2374 3161
13 2374 3162
13 2374 3162
13 2374 3163
13 2374 3163
13 2374 3164
13 2374 3164
13 2374 3165
13 2374 3165
13 2374 3166
13 2374 3166
13 2374 3167
13 2374 3167
13 2374 3179
13 2374 3179
13 2375 3179
13 2375 3179
13 2376 3179
13 2376 3179
13 2377 3179
13 2377 3179
13 2378 3179
13 2378 3179
13 2379 3179
13 2379 3179
13 2380 3179
13 2380 3179
13 2381 3179
13 2381 3179
13 2382 3179
13 2382 3179
13 2383 3179
13 2383 3179
13 2384 3179
13 2384 3179
13 2385 3179
13 2385 3179
13 2386 3179
13 2386 3179
13 2387 3179
13 2387 3179
13 2388 3179
13 2388 3179
13 2389 3179
13 2389 3179
13 2390 3179
13 2390 3179
13 2391 3179
13 2391 3179
14 4739 6322
14 4739 6323
14 4739 6324
14 4739 6325
14 4739 6326
14 4739 6327
14 4739 6328
14 4739 6329
14 4739 6330
14 4739 6331
14 4739 6332
14 4739 6333
14 4739 6334
14 4739 6335
14 4739 6336
14 4739 6337
14 4739 6338
14 4739 6339
14 4739 6340
14 4739 6341
14 4739 6342
14 4739 6343
14 4739 6344
14 4739 6345
14 4739 6346
14 4739 6347
14 4739 6348
14 4739 6349
14 4739 6350
14 4739 6351
14 4739 6352
14 4739 6353
14 4739 6354
14 4739 6355
14 4739 6356
14 4739 6357
14 4739 6358
14 4739 6359
14 4745 6330
14 4750 6323
15 9479 12644
15 9479 12645
15 9479 12646
15 9479 12647
15 9479 12648
15 9479 12649
15 9479 12650
15 9479 12651
15 9479 12652
15 9479 12653
15 9479 12654
15 9479 12655
15 9479 12656
15 9479 12657
15 9479 12658
15 9479 12659
15 9479 12660
15 9479 12661
15 9479 12662
15 9479 12663
15 9479 12664
15 9479 12665
15 9479 12666
15 9479 12667
15 9479 12668
15 9479 12669
15 9479 12670
15 9479 12671
15 9479 12672
15 9479 12673
15 9479 12674
15 9479 12675
15 9479 12676
15 9479 12677
15 9479 12678
15 9479 12679
15 9479 12680
15 9479 12681
15 9479 12682
15 9479 12683
15 9479 12684
15 9479 12685
15 9479 12686
15 9479 12687
15 9479 12688
15 9479 12689
15 9479 12690
15 9479 12691
15 9479 12692
15 9479 12693
15 9479 12694
15 9479 12695
15 9479 12696
15 9479 12697
15 9479 12698
15 9479 12699
15 9479 12700
15 9479 12701
15 9479 12702
15 9479 12703
15 9479 12704
15 9479 12705
15 9479 12706
15 9479 12707
15 9479 12708
15 9479 12709
15 9479 12710
15 9479 12711
15 9479 12712
15 9479 12713
15 9479 12714
15 9479 12715
15 9479 12716
15 9479 12717
15 9479 12718
15 9490 12660
15 9501 12647
15 9503 12653
15 9503 12660
15 9508 12664
15 9511 12655
15 9525 12647
16 18958 25288
16 18958 25289
16 18958 25290
16 18958 25291
16 18958 25292
16 18958 25293
16 18958 25294
16 18958 25295
16 18958 25296
16 18958 25297
16 18958 25298
16 18958 25299
16 18958 25300
16 18958 25301
16 18958 25302
16 18958 25303
16 18958 25304
16 18958 25305
16 18958 25306
16 18958 25307
16 18958 25308
16 18958 25309
16 18958 25310
16 18958 25311
16 18958 25312
16 18958 25313
16 18958 25314
16 18958 25315
16 18958 25316
16 18958 25317
16 18958 25318
16 18958 25319
16 18958 25320
16 18958 25321
16 18958 25322
16 18958 25323
16 18958 25324
16 18958 25325
16 18958 25326
16 18958 25327
16 18958 25328
16 18958 25329
16 18958 25330
16 18958 25331
16 18958 25332
16 18958 25333
16 18958 25334
16 18958 25335
16 18958 25336
16 18958 25337
16 18958 25338
16 18958 25339
16 18958 25340
16 18958 25341
16 18958 25342
16 18958 25343
16 18958 25344
16 18958 25345
16 18958 25346
16 18958 25347
16 18958 25348
16 18958 25349
16 18958 25350
16 18958 25351
16 18958 25352
16 18958 25353
16 18958 25354
16 18958 25355
16 18958 25356
16 18958 25357
16 18958 25358
16 18958 25359
16 18958 25360
16 18958 25361
16 18958 25362
16 18958 25363
16 18958 25364
16 18958 25365
16 18958 25366
16 18958 25367
16 18958 25368
16 18958 25369
16 18958 25370
16 18958 25371
16 18958 25372
16 18958 25373
16 18958 25374
16 18958 25375
16 18958 25376
16 18958 25377
16 18958 25378
16 18958 25379
16 18958 25380
16 18958 25381
16 18958 25382
16 18958 25383
16 18958 25384
16 18958 25385
16 18958 25386
16 18958 25387
16 18958 25388
16 18958 25389
16 18958 25390
16 18958 25391
16 18958 25392
16 18958 25393
16 18958 25394
16 18958 25395
16 18958 25396
16 18958 25397
16 18958 25398
16 18958 25399
16 18958 25400
16 18958 25401
16 18958 25402
16 18958 25403
16 18958 25404
16 18958 25405
16 18958 25406
16 18958 25407
16 18958 25408
16 18958 25409
16 18958 25410
16 18958 25411
16 18958 25412
16 18958 25413
16 18958 25414
16 18958 25415
16 18958 25416
16 18958 25417
16 18958 25418
16 18958 25419
16 18958 25420
16 18958 25421
16 18958 25422
16 18958 25423
16 18958 25424
16 18958 25425
16 18958 25426
16 18958 25427
16 18958 25428
16 18958 25429
16 18958 25430
16 18958 25431
16 18958 25432
16 18958 25433
16 18958 25434
16 18958 25435
16 18958 25436
16 18980 25320
16 19003 25295
16 19007 25307
16 19007 25320
16 19016 25329
16 19022 25311
16 19051 25294
17 37917 50577
18 75835 101154
3 2 3
4 4 6
4 4 6
5 9 12
5 9 12
6 18 24
6 18 24
