11 497 845
11 497 845
12 991 1688
12 991 1688
12 993 1690
12 993 1690
12 994 1690
12 994 1690
13 1983 3376
13 1983 3376
13 1983 3377
13 1983 3377
13 1983 3378
13 1983 3378
13 1983 3381
13 1983 3381
13 1984 3376
13 1984 3376
13 1984 3377
13 1984 3377
13 1985 3376
13 1985 3376
13 1985 3381
13 1985 3381
13 1986 3376
13 1986 3376
13 1986 3380
13 1986 3380
13 1986 3381
13 1986 3381
13 1987 3380
13 1987 3380
13 1987 3381
13 1987 3381
13 1988 3379
13 1988 3379
13 1988 3380
13 1988 3380
13 1988 3381
13 1988 3381
14 3966 6752
14 3966 6753
14 3966 6754
14 3966 6755
14 3966 6756
14 3966 6757
14 3966 6758
14 3966 6760
14 3966 6761
14 3966 6762
14 3973 6759
15 7933 13504
15 7933 13505
15 7933 13506
15 7933 13507
15 7933 13508
15 7933 13509
15 7933 13510
15 7933 13511
15 7933 13512
15 7933 13513
15 7933 13514
15 7933 13515
15 7933 13516
15 7933 13517
15 7933 13518
15 7933 13520
15 7933 13521
15 7933 13522
15 7933 13523
15 7933 13524
15 7945 13519
16 15866 27009
16 15866 27010
16 15866 27011
16 15866 27012
16 15866 27013
16 15866 27014
16 15866 27015
16 15866 27016
16 15866 27017
16 15866 27018
16 15866 27019
16 15866 27020
16 15866 27021
16 15866 27022
16 15866 27023
16 15866 27024
16 15866 27025
16 15866 27026
16 15866 27027
16 15866 27028
16 15866 27029
16 15866 27030
16 15866 27031
16 15866 27032
16 15866 27033
16 15866 27034
16 15866 27035
16 15866 27036
16 15866 27037
16 15866 27038
16 15866 27039
16 15866 27040
16 15866 27041
16 15866 27042
16 15866 27043
16 15866 27044
16 15866 27045
16 15866 27046
16 15866 27047
16 15866 27048
16 15866 27049
17 31732 54019
17 31732 54020
17 31732 54021
17 31732 54022
17 31732 54023
17 31732 54024
17 31732 54025
17 31732 54026
17 31732 54027
17 31732 54028
17 31732 54029
17 31732 54030
17 31732 54031
17 31732 54032
17 31732 54033
17 31732 54034
17 31732 54035
17 31732 54036
17 31732 54037
17 31732 54038
17 31732 54039
17 31732 54040
17 31732 54041
17 31732 54042
17 31732 54043
17 31732 54044
17 31732 54045
17 31732 54046
17 31732 54047
17 31732 54048
17 31732 54049
17 31732 54050
17 31732 54051
17 31732 54052
17 31732 54053
17 31732 54054
17 31732 54055
17 31732 54056
17 31732 54057
17 31732 54058
17 31732 54059
17 31732 54060
17 31732 54061
17 31732 54062
17 31732 54063
17 31732 54064
17 31732 54065
17 31732 54066
17 31732 54067
17 31732 54068
17 31732 54069
17 31732 54070
17 31732 54071
17 31732 54072
17 31732 54073
17 31732 54074
17 31732 54075
17 31732 54076
17 31732 54077
17 31732 54078
17 31732 54079
17 31732 54080
17 31732 54081
17 31732 54082
17 31732 54083
17 31732 54084
17 31732 54085
17 31732 54086
17 31732 54087
17 31732 54088
17 31732 54089
17 31732 54090
17 31732 54091
17 31732 54092
17 31732 54093
17 31732 54094
17 31732 54095
17 31732 54096
17 31732 54097
17 31732 54098
18 63465 108039
3 1 3
4 3 6
4 3 6
5 7 13
5 7 13
6 15 26
6 15 26
7 30 52
7 30 52
7 31 52
7 31 52
