11 559 869
12 1116 1738
12 1116 1738
12 1116 1741
12 1116 1741
12 1116 1742
12 1116 1742
12 1116 1743
12 1116 1743
12 1116 1744
12 1116 1744
12 1117 1738
12 1117 1738
12 1117 1744
12 1117 1744
12 1118 1738
12 1118 1738
12 1118 1739
12 1118 1739
12 1119 1738
12 1119 1738
12 1119 1739
12 1119 1739
12 1119 1740
12 1119 1740
12 1119 1744
12 1119 1744
13 2233 3477
13 2233 3477
13 2233 3482
13 2233 3482
13 2233 3483
13 2233 3483
13 2233 3484
13 2233 3484
13 2233 3485
13 2233 3485
13 2233 3486
13 2233 3486
13 2233 3487
13 2233 3487
13 2233 3488
13 2233 3488
13 2234 3477
13 2234 3477
13 2234 3485
13 2234 3485
13 2234 3486
13 2234 3486
13 2234 3487
13 2234 3487
13 2234 3488
13 2234 3488
13 2235 3477
13 2235 3477
13 2235 3488
13 2235 3488
13 2236 3477
13 2236 3477
13 2236 3478
13 2236 3478
13 2236 3479
13 2236 3479
13 2236 3480
13 2236 3480
13 2237 3477
13 2237 3477
13 2237 3478
13 2237 3478
13 2237 3479
13 2237 3479
13 2238 3477
13 2238 3477
13 2238 3478
13 2238 3478
13 2238 3479
13 2238 3479
13 2238 3480
13 2238 3480
13 2238 3481
13 2238 3481
13 2238 3488
13 2238 3488
13 2239 3477
13 2239 3477
13 2239 3478
13 2239 3478
13 2239 3479
13 2239 3479
13 2239 3480
13 2239 3480
13 2239 3481
13 2239 3481
13 2239 3482
13 2239 3482
13 2239 3483
13 2239 3483
13 2239 3484
13 2239 3484
13 2239 3485
13 2239 3485
13 2239 3488
13 2239 3488
14 4466 6955
14 4473 6956
14 4478 6967
14 4478 6969
14 4478 6970
15 8932 13910
15 8947 13912
15 8955 13936
15 8956 13934
15 8956 13938
15 8956 13939
15 8957 13940
16 17864 27820
16 17883 27832
16 17895 27825
16 17910 27873
16 17911 27882
16 17912 27868
16 17912 27878
16 17913 27877
16 17915 27880
17 35729 55641
18 71459 111283
3 2 3
4 4 6
4 4 6
5 8 13
5 8 13
6 17 27
6 17 27
7 34 54
7 34 54
8 69 108
8 69 108
8 69 109
8 69 109
14 4466 6956
14 4471 6957
14 4471 6958
14 4472 6959
14 4466 6960
14 4466 6961
14 4466 6962
14 4466 6963
14 4466 6964
14 4466 6965
14 4466 6966
14 4466 6967
14 4466 6968
14 4466 6969
14 4466 6970
14 4466 6971
14 4466 6972
14 4466 6973
14 4466 6974
14 4466 6975
14 4466 6976
15 8932 13911
15 8932 13912
15 8932 13913
15 8941 13914
15 8942 13915
15 8932 13916
15 8932 13917
15 8932 13918
15 8932 13919
15 8932 13920
15 8932 13921
15 8932 13922
15 8932 13923
15 8932 13924
15 8932 13925
15 8932 13926
15 8932 13927
15 8932 13928
15 8932 13929
15 8932 13930
15 8932 13931
15 8932 13932
15 8932 13933
15 8932 13934
15 8932 13935
15 8932 13936
15 8932 13937
15 8932 13938
15 8932 13939
15 8932 13940
15 8932 13941
15 8932 13942
15 8932 13943
15 8932 13944
15 8932 13945
15 8932 13946
15 8932 13947
15 8932 13948
15 8932 13949
15 8932 13950
15 8932 13951
15 8932 13952
15 8932 13953
