10 236 434
11 472 869
11 472 869
12 938 1738
12 938 1738
12 938 1742
12 938 1742
12 938 1743
12 938 1743
12 939 1738
12 939 1738
12 940 1738
12 940 1738
12 941 1743
12 941 1743
12 942 1743
12 942 1743
12 943 1742
12 943 1742
12 943 1743
12 943 1743
12 944 1738
12 944 1738
12 944 1739
12 944 1739
12 944 1742
12 944 1742
12 944 1743
12 944 1743
13 1876 3476
13 1876 3476
13 1876 3477
13 1876 3477
13 1876 3478
13 1876 3478
13 1876 3479
13 1876 3479
13 1876 3481
13 1876 3481
13 1876 3482
13 1876 3482
13 1876 3483
13 1876 3483
13 1876 3484
13 1876 3484
13 1876 3485
13 1876 3485
13 1876 3486
13 1876 3486
13 1877 3476
13 1877 3476
13 1877 3477
13 1877 3477
13 1877 3478
13 1877 3478
13 1877 3483
13 1877 3483
13 1877 3484
13 1877 3484
13 1877 3485
13 1877 3485
13 1877 3486
13 1877 3486
13 1878 3476
13 1878 3476
13 1878 3477
13 1878 3477
13 1878 3478
13 1878 3478
13 1878 3486
13 1878 3486
13 1879 3476
13 1879 3476
13 1879 3477
13 1879 3477
13 1880 3476
13 1880 3476
13 1880 3477
13 1880 3477
13 1881 3476
13 1881 3476
13 1881 3477
13 1881 3477
13 1881 3486
13 1881 3486
13 1882 3476
13 1882 3476
13 1882 3486
13 1882 3486
13 1883 3476
13 1883 3476
13 1883 3485
13 1883 3485
13 1883 3486
13 1883 3486
13 1884 3485
13 1884 3485
13 1884 3486
13 1884 3486
13 1885 3484
13 1885 3484
13 1885 3485
13 1885 3485
13 1885 3486
13 1885 3486
13 1886 3484
13 1886 3484
13 1886 3485
13 1886 3485
13 1886 3486
13 1886 3486
13 1887 3476
13 1887 3476
13 1887 3477
13 1887 3477
13 1887 3478
13 1887 3478
13 1887 3483
13 1887 3483
13 1887 3484
13 1887 3484
13 1887 3485
13 1887 3485
13 1887 3486
13 1887 3486
13 1888 3476
13 1888 3476
13 1888 3477
13 1888 3477
13 1888 3478
13 1888 3478
13 1888 3479
13 1888 3479
13 1888 3480
13 1888 3480
13 1888 3483
13 1888 3483
13 1888 3484
13 1888 3484
13 1888 3485
13 1888 3485
13 1888 3486
13 1888 3486
14 3753 6952
14 3753 6953
14 3753 6954
14 3753 6955
14 3753 6956
14 3753 6957
14 3753 6958
14 3753 6959
14 3753 6962
14 3753 6963
14 3753 6964
14 3753 6965
14 3753 6966
14 3753 6967
14 3753 6968
14 3753 6969
14 3753 6970
14 3753 6971
14 3753 6972
14 3753 6973
14 3754 6970
14 3776 6960
14 3776 6961
15 7506 13904
15 7506 13905
15 7506 13906
15 7506 13907
15 7506 13908
15 7506 13909
15 7506 13910
15 7506 13911
15 7506 13912
15 7506 13913
15 7506 13914
15 7506 13915
15 7506 13916
15 7506 13917
15 7506 13918
15 7506 13919
15 7506 13920
15 7506 13921
15 7506 13922
15 7506 13923
15 7506 13924
15 7506 13925
15 7506 13926
15 7506 13927
15 7506 13928
15 7506 13929
15 7506 13930
15 7506 13931
15 7506 13932
15 7506 13933
15 7506 13934
15 7506 13935
15 7506 13936
15 7506 13937
15 7506 13938
15 7506 13939
15 7506 13940
15 7506 13941
15 7506 13942
15 7506 13943
15 7506 13944
15 7506 13945
15 7506 13946
15 7509 13940
15 7512 13918
16 15012 27808
16 15012 27809
16 15012 27810
16 15012 27811
16 15012 27812
16 15012 27813
16 15012 27814
16 15012 27815
16 15012 27816
16 15012 27817
16 15012 27818
16 15012 27819
16 15012 27820
16 15012 27821
16 15012 27822
16 15012 27823
16 15012 27824
16 15012 27825
16 15012 27826
16 15012 27827
16 15012 27828
16 15012 27829
16 15012 27830
16 15012 27831
16 15012 27832
16 15012 27833
16 15012 27834
16 15012 27835
16 15012 27836
16 15012 27837
16 15012 27838
16 15012 27839
16 15012 27840
16 15012 27841
16 15012 27842
16 15012 27843
16 15012 27844
16 15012 27845
16 15012 27846
16 15012 27847
16 15012 27848
16 15012 27849
16 15012 27850
16 15012 27851
16 15012 27852
16 15012 27853
16 15012 27854
16 15012 27855
16 15012 27856
16 15012 27857
16 15012 27858
16 15012 27859
16 15012 27860
16 15012 27861
16 15012 27862
16 15012 27863
16 15012 27864
16 15012 27865
16 15012 27866
16 15012 27867
16 15012 27868
16 15012 27869
16 15012 27870
16 15012 27871
16 15012 27872
16 15012 27873
16 15012 27874
16 15012 27875
16 15012 27876
16 15012 27877
16 15012 27878
16 15012 27879
16 15012 27880
16 15012 27881
16 15012 27882
16 15012 27883
16 15012 27884
16 15012 27885
16 15012 27886
16 15012 27887
16 15012 27888
16 15012 27889
16 15012 27890
16 15012 27891
16 15012 27892
16 15019 27880
16 15024 27836
17 30024 55616
17 30024 55617
17 30024 55618
17 30024 55619
17 30024 55620
17 30024 55621
17 30024 55622
17 30024 55623
17 30024 55624
17 30024 55625
17 30024 55626
17 30024 55627
17 30024 55628
17 30024 55629
17 30024 55630
17 30024 55631
17 30024 55632
17 30024 55633
17 30024 55634
17 30024 55635
17 30024 55636
17 30024 55637
17 30024 55638
17 30024 55639
17 30024 55640
17 30024 55641
17 30024 55642
17 30024 55643
17 30024 55644
17 30024 55645
17 30024 55646
17 30024 55647
17 30024 55648
17 30024 55649
17 30024 55650
17 30024 55651
17 30024 55652
17 30024 55653
17 30024 55654
17 30024 55655
17 30024 55656
17 30024 55657
17 30024 55658
17 30024 55659
17 30024 55660
17 30024 55661
17 30024 55662
17 30024 55663
17 30024 55664
17 30024 55665
17 30024 55666
17 30024 55667
17 30024 55668
17 30024 55669
17 30024 55670
17 30024 55671
17 30024 55672
17 30024 55673
17 30024 55674
17 30024 55675
17 30024 55676
17 30024 55677
17 30024 55678
17 30024 55679
17 30024 55680
17 30024 55681
17 30024 55682
17 30024 55683
17 30024 55684
17 30024 55685
17 30024 55686
17 30024 55687
17 30024 55688
17 30024 55689
17 30024 55690
17 30024 55691
17 30024 55692
17 30024 55693
17 30024 55694
17 30024 55695
17 30024 55696
17 30024 55697
17 30024 55698
17 30024 55699
17 30024 55700
17 30024 55701
17 30024 55702
17 30024 55703
17 30024 55704
17 30024 55705
17 30024 55706
17 30024 55707
17 30024 55708
17 30024 55709
17 30024 55710
17 30024 55711
17 30024 55712
17 30024 55713
17 30024 55714
17 30024 55715
17 30024 55716
17 30024 55717
17 30024 55718
17 30024 55719
17 30024 55720
17 30024 55721
17 30024 55722
17 30024 55723
17 30024 55724
17 30024 55725
17 30024 55726
17 30024 55727
17 30024 55728
17 30024 55729
17 30024 55730
17 30024 55731
17 30024 55732
17 30024 55733
17 30024 55734
17 30024 55735
17 30024 55736
17 30024 55737
17 30024 55738
17 30024 55739
17 30024 55740
17 30024 55741
17 30024 55742
17 30024 55743
17 30024 55744
17 30024 55745
17 30024 55746
17 30024 55747
17 30024 55748
17 30024 55749
17 30024 55750
17 30024 55751
17 30024 55752
17 30024 55753
17 30024 55754
17 30024 55755
17 30024 55756
17 30024 55757
17 30024 55758
17 30024 55759
17 30024 55760
17 30024 55761
17 30024 55762
17 30024 55763
17 30024 55764
17 30024 55765
17 30024 55766
17 30024 55767
17 30024 55768
17 30024 55769
17 30024 55770
17 30024 55771
17 30024 55772
17 30024 55773
17 30024 55774
17 30024 55775
17 30024 55776
17 30024 55777
17 30024 55778
17 30024 55779
17 30024 55780
17 30024 55781
17 30024 55782
17 30024 55783
17 30024 55784
17 30024 55785
17 30039 55760
18 60049 111233
18 60078 111521
3 1 3
4 3 6
4 3 6
5 7 13
5 7 13
6 14 27
6 14 27
7 29 54
7 29 54
8 58 108
8 58 108
8 59 108
8 59 108
