13 2185 3378
13 2185 3379
13 2185 3380
13 2185 3381
13 2185 3382
13 2185 3383
13 2185 3384
13 2185 3385
13 2185 3386
13 2185 3387
13 2185 3388
13 2185 3389
13 2185 3390
13 2185 3391
13 2185 3392
13 2185 3393
13 2185 3394
13 2185 3395
13 2185 3396
13 2185 3397
13 2185 3398
13 2202 3378
13 2202 3379
13 2202 3380
13 2202 3381
13 2202 3382
13 2202 3383
13 2202 3384
13 2202 3385
13 2202 3386
13 2202 3387
13 2202 3388
13 2202 3389
13 2202 3390
13 2202 3391
13 2202 3392
13 2202 3393
13 2202 3394
13 2202 3395
13 2202 3396
13 2202 3397
13 2202 3398
