13 2352 3178
13 2352 3178
13 2352 3179
13 2352 3179
13 2352 3180
13 2352 3180
13 2352 3181
13 2352 3181
13 2352 3182
13 2352 3182
13 2352 3183
13 2352 3183
13 2353 3178
13 2353 3178
13 2354 3178
13 2354 3178
13 2355 3178
13 2355 3178
13 2356 3178
13 2356 3178
13 2357 3178
13 2357 3178
13 2358 3178
13 2358 3178
14 4705 6357
14 4705 6358
14 4705 6359
14 4705 6360
14 4705 6361
14 4705 6362
14 4705 6363
14 4705 6364
14 4705 6365
14 4705 6366
15 9411 12715
15 9411 12716
15 9411 12717
15 9411 12718
15 9411 12719
15 9411 12720
15 9411 12721
15 9411 12722
15 9411 12723
15 9411 12724
15 9411 12725
15 9411 12726
15 9411 12727
15 9411 12728
15 9411 12729
15 9411 12730
15 9411 12731
15 9411 12732
15 9411 12733
16 18823 25431
16 18823 25432
16 18823 25433
16 18823 25434
16 18823 25435
16 18823 25436
16 18823 25437
16 18823 25438
16 18823 25439
16 18823 25440
16 18823 25441
16 18823 25442
16 18823 25443
16 18823 25444
16 18823 25445
16 18823 25446
16 18823 25447
16 18823 25448
16 18823 25449
16 18823 25450
16 18823 25451
16 18823 25452
16 18823 25453
16 18823 25454
16 18823 25455
16 18823 25456
16 18823 25457
16 18823 25458
16 18823 25459
16 18823 25460
16 18823 25461
16 18823 25462
16 18823 25463
16 18823 25464
16 18823 25465
16 18823 25466
17 37646 50862
18 75293 101725
3 2 3
4 4 6
4 4 6
5 9 12
5 9 12
6 18 24
6 18 24
7 36 49
7 36 49
8 73 99
8 73 99
