13 2262 3308
13 2262 3308
13 2262 3309
13 2262 3309
13 2262 3310
13 2262 3310
13 2262 3311
13 2262 3311
13 2262 3312
13 2262 3312
13 2262 3313
13 2262 3313
13 2262 3314
13 2262 3314
13 2262 3315
13 2262 3315
13 2262 3316
13 2262 3316
13 2262 3317
13 2262 3317
13 2262 3318
13 2262 3318
13 2262 3319
13 2262 3319
14 4525 6616
14 4525 6617
14 4525 6618
14 4525 6619
14 4525 6620
14 4525 6621
14 4525 6622
14 4525 6623
14 4525 6624
14 4525 6625
14 4525 6626
14 4525 6627
14 4525 6628
14 4525 6629
14 4525 6630
14 4525 6631
14 4525 6632
14 4525 6633
14 4525 6634
14 4525 6635
14 4525 6636
14 4525 6637
14 4525 6638
14 4525 6639
15 9051 13233
15 9051 13234
15 9051 13235
15 9051 13236
15 9051 13237
15 9051 13238
15 9051 13239
15 9051 13240
15 9051 13241
15 9051 13242
15 9051 13243
15 9051 13244
15 9051 13245
15 9051 13246
15 9051 13247
15 9051 13248
15 9051 13249
15 9051 13250
15 9051 13251
15 9051 13252
15 9051 13253
15 9051 13254
15 9051 13255
15 9051 13256
15 9051 13257
15 9051 13258
15 9051 13259
15 9051 13260
15 9051 13261
15 9051 13262
15 9051 13263
15 9051 13264
15 9051 13265
15 9051 13266
15 9051 13267
15 9051 13268
15 9051 13269
15 9051 13270
15 9051 13271
15 9051 13272
15 9051 13273
15 9051 13274
15 9051 13275
15 9051 13276
15 9051 13277
15 9051 13278
16 18102 26467
16 18102 26468
16 18102 26469
16 18102 26470
16 18102 26471
16 18102 26472
16 18102 26473
16 18102 26474
16 18102 26475
16 18102 26476
16 18102 26477
16 18102 26478
16 18102 26479
16 18102 26480
16 18102 26481
16 18102 26482
16 18102 26483
16 18102 26484
16 18102 26485
16 18102 26486
16 18102 26487
16 18102 26488
16 18102 26489
16 18102 26490
16 18102 26491
16 18102 26492
16 18102 26493
16 18102 26494
16 18102 26495
16 18102 26496
16 18102 26497
16 18102 26498
16 18102 26499
16 18102 26500
16 18102 26501
16 18102 26502
16 18102 26503
16 18102 26504
16 18102 26505
16 18102 26506
16 18102 26507
16 18102 26508
16 18102 26509
16 18102 26510
16 18102 26511
16 18102 26512
16 18102 26513
16 18102 26514
16 18102 26515
16 18102 26516
16 18102 26517
16 18102 26518
16 18102 26519
16 18102 26520
16 18102 26521
16 18102 26522
16 18102 26523
16 18102 26524
16 18102 26525
16 18102 26526
16 18102 26527
16 18102 26528
16 18102 26529
16 18102 26530
16 18102 26531
16 18102 26532
16 18102 26533
16 18102 26534
16 18102 26535
16 18102 26536
16 18102 26537
16 18102 26538
16 18102 26539
16 18102 26540
16 18102 26541
16 18102 26542
16 18102 26543
16 18102 26544
16 18102 26545
16 18102 26546
16 18102 26547
16 18102 26548
16 18102 26549
16 18102 26550
16 18102 26551
16 18102 26552
16 18102 26553
16 18102 26554
16 18102 26555
16 18102 26556
16 18102 26557
17 36205 52934
17 36205 52935
17 36205 52936
17 36205 52937
17 36205 52938
17 36205 52939
17 36205 52940
17 36205 52941
17 36205 52942
17 36205 52943
17 36205 52944
17 36205 52945
17 36205 52946
17 36205 52947
17 36205 52948
17 36205 52949
17 36205 52950
17 36205 52951
17 36205 52952
17 36205 52953
17 36205 52954
17 36205 52955
17 36205 52956
17 36205 52957
17 36205 52958
17 36205 52959
17 36205 52960
17 36205 52961
17 36205 52962
17 36205 52963
17 36205 52964
17 36205 52965
17 36205 52966
17 36205 52967
17 36205 52968
17 36205 52969
17 36205 52970
17 36205 52971
17 36205 52972
17 36205 52973
17 36205 52974
17 36205 52975
17 36205 52976
17 36205 52977
17 36205 52978
17 36205 52979
17 36205 52980
17 36205 52981
17 36205 52982
17 36205 52983
17 36205 52984
17 36205 52985
17 36205 52986
17 36205 52987
17 36205 52988
17 36205 52989
17 36205 52990
17 36205 52991
17 36205 52992
17 36205 52993
17 36205 52994
17 36205 52995
17 36205 52996
17 36205 52997
17 36205 52998
17 36205 52999
17 36205 53000
17 36205 53001
17 36205 53002
17 36205 53003
17 36205 53004
17 36205 53005
17 36205 53006
17 36205 53007
17 36205 53008
17 36205 53009
17 36205 53010
17 36205 53011
17 36205 53012
17 36205 53013
17 36205 53014
17 36205 53015
17 36205 53016
17 36205 53017
17 36205 53018
17 36205 53019
17 36205 53020
17 36205 53021
17 36205 53022
17 36205 53023
17 36205 53024
17 36205 53025
17 36205 53026
17 36205 53027
17 36205 53028
17 36205 53029
17 36205 53030
17 36205 53031
17 36205 53032
17 36205 53033
17 36205 53034
17 36205 53035
17 36205 53036
17 36205 53037
17 36205 53038
17 36205 53039
17 36205 53040
17 36205 53041
17 36205 53042
17 36205 53043
17 36205 53044
17 36205 53045
17 36205 53046
17 36205 53047
17 36205 53048
17 36205 53049
17 36205 53050
17 36205 53051
17 36205 53052
17 36205 53053
17 36205 53054
17 36205 53055
17 36205 53056
17 36205 53057
17 36205 53058
17 36205 53059
17 36205 53060
17 36205 53061
17 36205 53062
17 36205 53063
17 36205 53064
17 36205 53065
17 36205 53066
17 36205 53067
17 36205 53068
17 36205 53069
17 36205 53070
17 36205 53071
17 36205 53072
17 36205 53073
17 36205 53074
17 36205 53075
17 36205 53076
17 36205 53077
17 36205 53078
17 36205 53079
17 36205 53080
17 36205 53081
17 36205 53082
17 36205 53083
17 36205 53084
17 36205 53085
17 36205 53086
17 36205 53087
17 36205 53088
17 36205 53089
17 36205 53090
17 36205 53091
17 36205 53092
17 36205 53093
17 36205 53094
17 36205 53095
17 36205 53096
17 36205 53097
17 36205 53098
17 36205 53099
17 36205 53100
17 36205 53101
17 36205 53102
17 36205 53103
17 36205 53104
17 36205 53105
17 36205 53106
17 36205 53107
17 36205 53108
17 36205 53109
17 36205 53110
17 36205 53111
17 36205 53112
17 36205 53113
17 36205 53114
18 72410 105868
3 2 3
4 4 6
4 4 6
5 8 12
5 8 12
6 17 25
6 17 25
7 35 51
7 35 51
