12 1217 1530
12 1217 1530
13 2435 3061
13 2435 3061
14 4871 6123
14 4871 6124
15 9743 12247
15 9743 12248
15 9743 12249
16 19486 24495
16 19486 24496
16 19486 24497
16 19486 24498
16 19486 24499
16 19486 24500
16 19486 24501
16 19486 24502
16 19486 24503
16 19486 24504
16 19486 24505
16 19486 24506
16 19486 24507
16 19486 24508
16 19486 24509
16 19486 24510
16 19486 24511
16 19486 24512
16 19486 24513
16 19486 24514
16 19486 24515
16 19486 24516
16 19486 24517
16 19486 24518
16 19486 24519
16 19486 24520
16 19486 24521
16 19486 24522
16 19486 24523
16 19486 24524
16 19486 24525
16 19486 24526
16 19486 24527
17 38972 48990
18 77945 97980
3 2 2
4 4 5
4 4 5
5 9 11
5 9 11
6 19 23
6 19 23
7 38 47
7 38 47
