12 1184 1565
12 1184 1565
12 1184 1566
12 1184 1566
13 2369 3130
13 2369 3130
13 2369 3131
13 2369 3131
13 2369 3132
13 2369 3132
13 2369 3133
13 2369 3133
13 2370 3130
13 2370 3130
13 2371 3130
13 2371 3130
14 4739 6261
15 9479 12523
16 18959 25047
17 37918 50095
18 75837 100191
3 2 3
4 4 6
4 4 6
5 9 12
5 9 12
6 18 24
6 18 24
7 37 48
7 37 48
14 4739 6262
14 4739 6263
14 4739 6264
14 4739 6265
14 4739 6266
14 4739 6267
15 9479 12524
15 9479 12525
15 9479 12526
15 9479 12527
15 9479 12528
15 9479 12529
15 9479 12530
15 9479 12531
15 9479 12532
15 9479 12533
15 9479 12534
15 9479 12535
