14 2621 5717
14 2621 5718
14 2621 5719
14 2621 5720
14 2622 5717
14 2622 5721
14 2622 5722
14 2623 5716
14 2623 5717
14 2623 5721
14 2623 5722
14 2624 5717
14 2624 5721
14 2624 5722
14 2625 5717
14 2626 5717
15 5243 11436
15 5243 11437
15 5243 11438
15 5243 11439
15 5244 11436
15 5244 11437
15 5244 11438
15 5244 11439
15 5245 11435
15 5246 11435
15 5246 11442
15 5246 11443
15 5246 11444
15 5247 11435
15 5247 11442
15 5247 11443
15 5247 11444
15 5248 11434
15 5248 11435
15 5248 11442
15 5248 11443
15 5248 11444
15 5249 11434
15 5249 11435
15 5249 11442
15 5250 11434
15 5250 11435
15 5251 11434
15 5251 11435
15 5252 11435
15 5255 11439
15 5255 11440
15 5255 11441
15 5256 11439
15 5256 11440
15 5256 11441
16 10490 22873
16 10490 22874
16 10490 22875
16 10490 22876
16 10490 22877
16 10493 22872
16 10494 22872
16 10495 22872
16 10495 22883
16 10495 22884
16 10496 22872
16 10496 22883
16 10496 22884
17 20978 45748
17 20978 45749
17 20978 45750
17 20979 45747
17 20979 45748
17 20979 45749
17 20979 45750
17 20980 45747
17 20980 45748
17 20980 45749
17 20980 45750
17 20981 45747
17 20981 45748
17 20981 45749
17 20981 45750
18 41970 91501
18 41970 91502
18 41970 91503
18 41970 91504
18 41971 91500
18 41971 91501
18 41971 91502
18 41971 91503
18 41971 91504
18 41972 91500
18 41972 91501
18 41972 91502
18 41972 91503
18 41972 91504
18 41973 91500
18 41973 91501
18 41973 91502
18 41973 91503
18 41973 91504
18 41974 91500
18 41974 91501
18 41974 91502
18 41974 91503
18 41974 91504
18 41975 91500
18 41975 91501
18 41975 91502
18 41975 91503
18 41975 91504
18 41976 91500
18 41976 91501
18 41976 91502
18 41976 91503
18 41976 91504
18 41977 91500
18 41977 91501
18 41977 91502
18 41977 91503
4 2 5
5 5 11
6 10 22
7 20 44
8 40 89
8 41 89
9 81 178
9 82 178
