12 1002 1692
12 1002 1692
12 1002 1693
12 1002 1693
12 1002 1694
12 1002 1694
12 1002 1695
12 1002 1695
12 1002 1696
12 1002 1696
12 1002 1697
12 1002 1697
12 1002 1698
12 1002 1698
12 1002 1699
12 1002 1699
12 1002 1700
12 1002 1700
12 1002 1701
12 1002 1701
12 1002 1702
12 1002 1702
12 1002 1703
12 1002 1703
12 1003 1692
12 1003 1692
12 1004 1692
12 1004 1692
12 1005 1692
12 1005 1692
12 1006 1692
12 1006 1692
12 1007 1692
12 1007 1692
12 1008 1692
12 1008 1692
12 1009 1692
12 1009 1692
12 1010 1692
12 1010 1692
13 2005 3385
13 2005 3385
13 2005 3386
13 2005 3386
13 2005 3387
13 2005 3387
13 2005 3388
13 2005 3388
13 2005 3389
13 2005 3389
13 2005 3390
13 2005 3390
13 2005 3391
13 2005 3391
13 2005 3392
13 2005 3392
13 2005 3393
13 2005 3393
13 2005 3394
13 2005 3394
13 2005 3395
13 2005 3395
13 2005 3396
13 2005 3396
13 2005 3397
13 2005 3397
13 2005 3398
13 2005 3398
13 2005 3399
13 2005 3399
13 2005 3400
13 2005 3400
13 2005 3401
13 2005 3401
13 2005 3402
13 2005 3402
13 2005 3403
13 2005 3403
13 2005 3404
13 2005 3404
13 2005 3405
13 2005 3405
13 2005 3406
13 2005 3406
13 2005 3407
13 2005 3407
13 2006 3385
13 2006 3385
13 2006 3407
13 2006 3407
13 2007 3385
13 2007 3385
13 2007 3407
13 2007 3407
13 2008 3385
13 2008 3385
13 2008 3407
13 2008 3407
13 2009 3385
13 2009 3385
13 2009 3407
13 2009 3407
13 2010 3385
13 2010 3385
13 2010 3407
13 2010 3407
13 2011 3385
13 2011 3385
13 2011 3407
13 2011 3407
13 2012 3385
13 2012 3385
13 2012 3407
13 2012 3407
13 2013 3385
13 2013 3385
13 2013 3407
13 2013 3407
13 2014 3385
13 2014 3385
13 2014 3407
13 2014 3407
13 2015 3385
13 2015 3385
13 2015 3407
13 2015 3407
13 2016 3385
13 2016 3385
13 2016 3407
13 2016 3407
13 2017 3385
13 2017 3385
13 2017 3407
13 2017 3407
13 2018 3385
13 2018 3385
13 2018 3407
13 2018 3407
13 2019 3385
13 2019 3385
13 2019 3407
13 2019 3407
13 2020 3385
13 2020 3385
13 2020 3407
13 2020 3407
13 2021 3385
13 2021 3385
13 2021 3386
13 2021 3386
13 2021 3392
13 2021 3392
13 2021 3393
13 2021 3393
13 2021 3394
13 2021 3394
13 2021 3395
13 2021 3395
13 2021 3396
13 2021 3396
13 2021 3397
13 2021 3397
13 2021 3398
13 2021 3398
13 2021 3399
13 2021 3399
13 2021 3400
13 2021 3400
13 2021 3401
13 2021 3401
13 2021 3402
13 2021 3402
13 2021 3403
13 2021 3403
13 2021 3404
13 2021 3404
13 2021 3405
13 2021 3405
13 2021 3406
13 2021 3406
13 2021 3407
13 2021 3407
14 4011 6770
14 4011 6771
14 4011 6772
14 4011 6773
14 4011 6774
14 4011 6775
14 4011 6776
14 4011 6777
14 4011 6778
14 4011 6779
14 4011 6780
14 4011 6781
14 4011 6782
14 4011 6783
14 4011 6784
14 4011 6785
14 4011 6786
14 4011 6787
14 4011 6788
14 4011 6789
14 4011 6790
14 4011 6791
14 4011 6792
14 4011 6793
14 4011 6794
14 4011 6795
14 4011 6796
14 4011 6797
14 4011 6798
14 4011 6799
14 4011 6800
14 4011 6801
14 4011 6802
14 4011 6803
14 4011 6804
14 4011 6805
14 4011 6806
14 4011 6807
14 4011 6808
14 4011 6809
14 4011 6810
14 4011 6811
14 4011 6812
14 4011 6813
14 4011 6814
14 4011 6815
15 8023 13541
15 8023 13542
15 8023 13543
15 8023 13544
15 8023 13545
15 8023 13546
15 8023 13547
15 8023 13548
15 8023 13549
15 8023 13550
15 8023 13551
15 8023 13552
15 8023 13553
15 8023 13554
15 8023 13555
15 8023 13556
15 8023 13557
15 8023 13558
15 8023 13559
15 8023 13560
15 8023 13561
15 8023 13562
15 8023 13563
15 8023 13564
15 8023 13565
15 8023 13566
15 8023 13567
15 8023 13568
15 8023 13569
15 8023 13570
15 8023 13571
15 8023 13572
15 8023 13573
15 8023 13574
15 8023 13575
15 8023 13576
15 8023 13577
15 8023 13578
15 8023 13579
15 8023 13580
15 8023 13581
15 8023 13582
15 8023 13583
15 8023 13584
15 8023 13585
15 8023 13586
15 8023 13587
15 8023 13588
15 8023 13589
15 8023 13590
15 8023 13591
15 8023 13592
15 8023 13593
15 8023 13594
15 8023 13595
15 8023 13596
15 8023 13597
15 8023 13598
15 8023 13599
15 8023 13600
15 8023 13601
15 8023 13602
15 8023 13603
15 8023 13604
15 8023 13605
15 8023 13606
15 8023 13607
15 8023 13608
15 8023 13609
15 8023 13610
15 8023 13611
15 8023 13612
15 8023 13613
15 8023 13614
15 8023 13615
15 8023 13616
15 8023 13617
15 8023 13618
15 8023 13619
15 8023 13620
15 8023 13621
15 8023 13622
15 8023 13623
15 8023 13624
15 8023 13625
15 8023 13626
15 8023 13627
15 8023 13628
15 8023 13629
15 8023 13630
16 16046 27083
16 16046 27084
16 16046 27085
16 16046 27086
16 16046 27087
16 16046 27088
16 16046 27089
16 16046 27090
16 16046 27091
16 16046 27092
16 16046 27093
16 16046 27094
16 16046 27095
16 16046 27096
16 16046 27097
16 16046 27098
16 16046 27099
16 16046 27100
16 16046 27101
16 16046 27102
16 16046 27103
16 16046 27104
16 16046 27105
16 16046 27106
16 16046 27107
16 16046 27108
16 16046 27109
16 16046 27110
16 16046 27111
16 16046 27112
16 16046 27113
16 16046 27114
16 16046 27115
16 16046 27116
16 16046 27117
16 16046 27118
16 16046 27119
16 16046 27120
16 16046 27121
16 16046 27122
16 16046 27123
16 16046 27124
16 16046 27125
16 16046 27126
16 16046 27127
16 16046 27128
16 16046 27129
16 16046 27130
16 16046 27131
16 16046 27132
16 16046 27133
16 16046 27134
16 16046 27135
16 16046 27136
16 16046 27137
16 16046 27138
16 16046 27139
16 16046 27140
16 16046 27141
16 16046 27142
16 16046 27143
16 16046 27144
16 16046 27145
16 16046 27146
16 16046 27147
16 16046 27148
16 16046 27149
16 16046 27150
16 16046 27151
16 16046 27152
16 16046 27153
16 16046 27154
16 16046 27155
16 16046 27156
16 16046 27157
16 16046 27158
16 16046 27159
16 16046 27160
16 16046 27161
16 16046 27162
16 16046 27163
16 16046 27164
16 16046 27165
16 16046 27166
16 16046 27167
16 16046 27168
16 16046 27169
16 16046 27170
16 16046 27171
16 16046 27172
16 16046 27173
16 16046 27174
16 16046 27175
16 16046 27176
16 16046 27177
16 16046 27178
16 16046 27179
16 16046 27180
16 16046 27181
16 16046 27182
16 16046 27183
16 16046 27184
16 16046 27185
16 16046 27186
16 16046 27187
16 16046 27188
16 16046 27189
16 16046 27190
16 16046 27191
16 16046 27192
16 16046 27193
16 16046 27194
16 16046 27195
16 16046 27196
16 16046 27197
16 16046 27198
16 16046 27199
16 16046 27200
16 16046 27201
16 16046 27202
16 16046 27203
16 16046 27204
16 16046 27205
16 16046 27206
16 16046 27207
16 16046 27208
16 16046 27209
16 16046 27210
16 16046 27211
16 16046 27212
16 16046 27213
16 16046 27214
16 16046 27215
16 16046 27216
16 16046 27217
16 16046 27218
16 16046 27219
16 16046 27220
16 16046 27221
16 16046 27222
16 16046 27223
16 16046 27224
16 16046 27225
16 16046 27226
16 16046 27227
16 16046 27228
16 16046 27229
16 16046 27230
16 16046 27231
16 16046 27232
16 16046 27233
16 16046 27234
16 16046 27235
16 16046 27236
16 16046 27237
16 16046 27238
16 16046 27239
16 16046 27240
16 16046 27241
16 16046 27242
16 16046 27243
16 16046 27244
16 16046 27245
16 16046 27246
16 16046 27247
16 16046 27248
16 16046 27249
16 16046 27250
16 16046 27251
16 16046 27252
16 16046 27253
16 16046 27254
16 16046 27255
16 16046 27256
16 16046 27257
16 16046 27258
16 16046 27259
16 16046 27260
16 16055 27125
17 32093 54167
18 64186 108335
3 1 3
4 3 6
4 3 6
5 7 13
5 7 13
6 15 26
6 15 26
7 31 52
7 31 52
7 31 53
7 31 53
