13 2342 3148
13 2342 3148
13 2343 3148
13 2343 3148
13 2344 3148
13 2344 3148
14 4684 6297
14 4684 6305
15 9368 12595
15 9368 12610
16 18736 25190
16 18736 25191
16 18736 25192
16 18736 25193
16 18736 25194
16 18736 25195
16 18736 25196
16 18736 25197
16 18736 25198
16 18736 25199
16 18736 25200
16 18736 25201
16 18736 25202
16 18736 25203
16 18736 25204
16 18736 25205
16 18736 25206
16 18736 25207
16 18736 25208
16 18736 25209
16 18736 25210
16 18736 25211
16 18736 25212
16 18736 25213
16 18736 25214
16 18736 25215
16 18736 25216
16 18736 25217
16 18736 25218
16 18736 25219
16 18736 25220
16 18736 25221
17 37472 50381
18 74945 100763
3 2 3
4 4 6
4 4 6
5 9 12
5 9 12
6 18 24
6 18 24
7 36 49
7 36 49
8 73 98
8 73 98
