13 2234 3303
13 2234 3304
13 2234 3305
13 2234 3306
13 2234 3307
13 2234 3308
13 2234 3309
13 2234 3310
13 2234 3311
13 2234 3312
13 2234 3313
13 2234 3314
13 2234 3315
13 2234 3316
13 2234 3317
13 2234 3318
13 2234 3319
13 2234 3320
13 2234 3321
13 2234 3322
13 2234 3323
13 2234 3324
13 2234 3325
13 2234 3326
13 2234 3327
13 2234 3328
13 2234 3329
13 2234 3330
13 2234 3331
13 2234 3332
13 2234 3333
13 2234 3334
13 2234 3335
13 2234 3336
13 2234 3337
13 2234 3338
13 2234 3339
13 2234 3340
13 2234 3341
13 2234 3342
13 2234 3343
13 2234 3344
13 2234 3345
13 2234 3346
13 2234 3347
13 2234 3348
13 2234 3349
13 2234 3350
13 2234 3351
13 2234 3352
13 2234 3353
13 2234 3354
13 2234 3355
13 2234 3356
13 2234 3357
13 2234 3358
13 2234 3359
13 2234 3360
13 2234 3361
13 2234 3362
13 2234 3363
13 2234 3364
13 2234 3365
13 2234 3366
13 2234 3367
13 2234 3368
13 2234 3369
13 2234 3370
13 2235 3303
13 2235 3304
13 2235 3305
13 2235 3306
13 2235 3307
13 2235 3308
13 2235 3309
13 2235 3310
13 2235 3311
13 2235 3312
13 2235 3313
13 2235 3314
13 2235 3315
13 2235 3316
13 2235 3317
13 2235 3318
13 2235 3319
13 2235 3320
13 2235 3321
13 2235 3322
13 2235 3323
13 2235 3324
13 2235 3325
13 2235 3326
13 2235 3327
13 2235 3328
13 2235 3329
13 2235 3330
13 2235 3331
13 2235 3332
13 2235 3333
13 2235 3334
13 2235 3335
13 2235 3336
13 2235 3337
13 2235 3338
13 2235 3339
13 2235 3340
13 2235 3341
13 2235 3342
13 2235 3343
13 2235 3344
13 2235 3345
13 2235 3346
13 2235 3347
13 2235 3348
13 2235 3349
13 2235 3350
13 2235 3351
13 2235 3352
13 2235 3353
13 2235 3354
13 2235 3355
13 2235 3356
13 2235 3357
13 2235 3358
13 2235 3359
13 2235 3360
13 2235 3361
13 2235 3362
13 2235 3363
13 2235 3364
13 2235 3365
13 2235 3366
13 2235 3367
13 2235 3368
13 2235 3369
13 2235 3370
13 2236 3303
13 2236 3304
13 2236 3305
13 2236 3306
13 2236 3307
13 2236 3308
13 2236 3309
13 2236 3310
13 2236 3311
13 2236 3312
13 2236 3313
13 2236 3314
13 2236 3315
13 2236 3316
13 2236 3317
13 2236 3318
13 2236 3319
13 2236 3320
13 2236 3321
13 2236 3322
13 2236 3323
13 2236 3324
13 2236 3325
13 2236 3326
13 2236 3327
13 2236 3328
13 2236 3329
13 2236 3330
13 2236 3331
13 2236 3332
13 2236 3333
13 2236 3334
13 2236 3335
13 2236 3336
13 2236 3337
13 2236 3338
13 2236 3339
13 2236 3340
13 2236 3341
13 2236 3342
13 2236 3343
13 2236 3344
13 2236 3345
13 2236 3346
13 2236 3347
13 2236 3348
13 2236 3349
13 2236 3350
13 2236 3351
13 2236 3352
13 2236 3353
13 2236 3354
13 2236 3355
13 2236 3356
13 2236 3357
13 2236 3358
13 2236 3359
13 2236 3360
13 2236 3361
13 2236 3362
13 2236 3363
13 2236 3364
13 2236 3365
13 2236 3366
13 2236 3367
13 2236 3368
13 2236 3369
13 2236 3370
13 2237 3303
13 2237 3304
13 2237 3305
13 2237 3306
13 2237 3307
13 2237 3308
13 2237 3309
13 2237 3310
13 2237 3311
13 2237 3312
13 2237 3313
13 2237 3314
13 2237 3315
13 2237 3316
13 2237 3317
13 2237 3318
13 2237 3319
13 2237 3320
13 2237 3321
13 2237 3322
13 2237 3323
13 2237 3324
13 2237 3325
13 2237 3326
13 2237 3327
13 2237 3328
13 2237 3329
13 2237 3330
13 2237 3331
13 2237 3332
13 2237 3333
13 2237 3334
13 2237 3335
13 2237 3336
13 2237 3337
13 2237 3338
13 2237 3339
13 2237 3340
13 2237 3341
13 2237 3342
13 2237 3343
13 2237 3344
13 2237 3345
13 2237 3346
13 2237 3347
13 2237 3348
13 2237 3349
13 2237 3350
13 2237 3351
13 2237 3352
13 2237 3353
13 2237 3354
13 2237 3355
13 2237 3356
13 2237 3357
13 2237 3358
13 2237 3359
13 2237 3360
13 2237 3361
13 2237 3362
13 2237 3363
13 2237 3364
13 2237 3365
13 2237 3366
13 2237 3367
13 2237 3368
13 2237 3369
13 2237 3370
13 2238 3303
13 2238 3304
13 2238 3305
13 2238 3306
13 2238 3307
13 2238 3308
13 2238 3309
13 2238 3310
13 2238 3311
13 2238 3312
13 2238 3313
13 2238 3314
13 2238 3315
13 2238 3316
13 2238 3317
13 2238 3318
13 2238 3319
13 2238 3320
13 2238 3321
13 2238 3322
13 2238 3323
13 2238 3324
13 2238 3325
13 2238 3326
13 2238 3327
13 2238 3328
13 2238 3329
13 2238 3330
13 2238 3331
13 2238 3332
13 2238 3333
13 2238 3334
13 2238 3335
13 2238 3336
13 2238 3337
13 2238 3338
13 2238 3339
13 2238 3340
13 2238 3341
13 2238 3342
13 2238 3343
13 2238 3344
13 2238 3345
13 2238 3346
13 2238 3347
13 2238 3348
13 2238 3349
13 2238 3350
13 2238 3351
13 2238 3352
13 2238 3353
13 2238 3354
13 2238 3355
13 2238 3356
13 2238 3357
13 2238 3358
13 2238 3359
13 2238 3360
13 2238 3361
13 2238 3362
13 2238 3363
13 2238 3364
13 2238 3365
13 2238 3366
13 2238 3367
13 2238 3368
13 2238 3369
13 2238 3370
13 2239 3303
13 2239 3304
13 2239 3305
13 2239 3306
13 2239 3307
13 2239 3308
13 2239 3309
13 2239 3310
13 2239 3311
13 2239 3312
13 2239 3313
13 2239 3314
13 2239 3315
13 2239 3316
13 2239 3317
13 2239 3318
13 2239 3319
13 2239 3320
13 2239 3321
13 2239 3322
13 2239 3323
13 2239 3324
13 2239 3325
13 2239 3326
13 2239 3327
13 2239 3328
13 2239 3329
13 2239 3330
13 2239 3331
13 2239 3332
13 2239 3333
13 2239 3334
13 2239 3335
13 2239 3336
13 2239 3337
13 2239 3338
13 2239 3339
13 2239 3340
13 2239 3341
13 2239 3342
13 2239 3343
13 2239 3344
13 2239 3345
13 2239 3346
13 2239 3347
13 2239 3348
13 2239 3349
13 2239 3350
13 2239 3351
13 2239 3352
13 2239 3353
13 2239 3354
13 2239 3355
13 2239 3356
13 2239 3357
13 2239 3358
13 2239 3359
13 2239 3360
13 2239 3361
13 2239 3362
13 2239 3363
13 2239 3364
13 2239 3365
13 2239 3366
13 2239 3367
13 2239 3368
13 2239 3369
13 2239 3370
13 2240 3303
13 2240 3304
13 2240 3305
13 2240 3306
13 2240 3307
13 2240 3308
13 2240 3309
13 2240 3310
13 2240 3311
13 2240 3312
13 2240 3313
13 2240 3314
13 2240 3315
13 2240 3316
13 2240 3317
13 2240 3318
13 2240 3319
13 2240 3320
13 2240 3321
13 2240 3322
13 2240 3323
13 2240 3324
13 2240 3325
13 2240 3326
13 2240 3327
13 2240 3328
13 2240 3329
13 2240 3330
13 2240 3331
13 2240 3332
13 2240 3333
13 2240 3334
13 2240 3335
13 2240 3336
13 2240 3337
13 2240 3338
13 2240 3339
13 2240 3340
13 2240 3341
13 2240 3342
13 2240 3343
13 2240 3344
13 2240 3345
13 2240 3346
13 2240 3347
13 2240 3348
13 2240 3349
13 2240 3350
13 2240 3351
13 2240 3352
13 2240 3353
13 2240 3354
13 2240 3355
13 2240 3356
13 2240 3357
13 2240 3358
13 2240 3359
13 2240 3360
13 2240 3361
13 2240 3362
13 2240 3363
13 2240 3364
13 2240 3365
13 2240 3366
13 2240 3367
13 2240 3368
13 2240 3369
13 2240 3370
13 2241 3303
13 2241 3304
13 2241 3305
13 2241 3306
13 2241 3307
13 2241 3308
13 2241 3309
13 2241 3310
13 2241 3311
13 2241 3312
13 2241 3313
13 2241 3314
13 2241 3315
13 2241 3316
13 2241 3317
13 2241 3318
13 2241 3319
13 2241 3320
13 2241 3321
13 2241 3322
13 2241 3323
13 2241 3324
13 2241 3325
13 2241 3326
13 2241 3327
13 2241 3328
13 2241 3329
13 2241 3330
13 2241 3331
13 2241 3332
13 2241 3333
13 2241 3334
13 2241 3335
13 2241 3336
13 2241 3337
13 2241 3338
13 2241 3339
13 2241 3340
13 2241 3341
13 2241 3342
13 2241 3343
13 2241 3344
13 2241 3345
13 2241 3346
13 2241 3347
13 2241 3348
13 2241 3349
13 2241 3350
13 2241 3351
13 2241 3352
13 2241 3353
13 2241 3354
13 2241 3355
13 2241 3356
13 2241 3357
13 2241 3358
13 2241 3359
13 2241 3360
13 2241 3361
13 2241 3362
13 2241 3363
13 2241 3364
13 2241 3365
13 2241 3366
13 2241 3367
13 2241 3368
13 2241 3369
13 2241 3370
13 2242 3303
13 2242 3304
13 2242 3305
13 2242 3306
13 2242 3307
13 2242 3308
13 2242 3309
13 2242 3310
13 2242 3311
13 2242 3312
13 2242 3313
13 2242 3314
13 2242 3315
13 2242 3316
13 2242 3317
13 2242 3318
13 2242 3319
13 2242 3320
13 2242 3321
13 2242 3322
13 2242 3323
13 2242 3324
13 2242 3325
13 2242 3326
13 2242 3327
13 2242 3328
13 2242 3329
13 2242 3330
13 2242 3331
13 2242 3332
13 2242 3333
13 2242 3334
13 2242 3335
13 2242 3336
13 2242 3337
13 2242 3338
13 2242 3339
13 2242 3340
13 2242 3341
13 2242 3342
13 2242 3343
13 2242 3344
13 2242 3345
13 2242 3346
13 2242 3347
13 2242 3348
13 2242 3349
13 2242 3350
13 2242 3351
13 2242 3352
13 2242 3353
13 2242 3354
13 2242 3355
13 2242 3356
13 2242 3357
13 2242 3358
13 2242 3359
13 2242 3360
13 2242 3361
13 2242 3362
13 2242 3363
13 2242 3364
13 2242 3365
13 2242 3366
13 2242 3367
13 2242 3368
13 2242 3369
13 2242 3370
13 2243 3303
13 2243 3304
13 2243 3305
13 2243 3306
13 2243 3307
13 2243 3308
13 2243 3309
13 2243 3310
13 2243 3311
13 2243 3312
13 2243 3313
13 2243 3314
13 2243 3315
13 2243 3316
13 2243 3317
13 2243 3318
13 2243 3319
13 2243 3320
13 2243 3321
13 2243 3322
13 2243 3323
13 2243 3324
13 2243 3325
13 2243 3326
13 2243 3327
13 2243 3328
13 2243 3329
13 2243 3330
13 2243 3331
13 2243 3332
13 2243 3333
13 2243 3334
13 2243 3335
13 2243 3336
13 2243 3337
13 2243 3338
13 2243 3339
13 2243 3340
13 2243 3341
13 2243 3342
13 2243 3343
13 2243 3344
13 2243 3345
13 2243 3346
13 2243 3347
13 2243 3348
13 2243 3349
13 2243 3350
13 2243 3351
13 2243 3352
13 2243 3353
13 2243 3354
13 2243 3355
13 2243 3356
13 2243 3357
13 2243 3358
13 2243 3359
13 2243 3360
13 2243 3361
13 2243 3362
13 2243 3363
13 2243 3364
13 2243 3365
13 2243 3366
13 2243 3367
13 2243 3368
13 2243 3369
13 2243 3370
13 2244 3303
13 2244 3304
13 2244 3305
13 2244 3306
13 2244 3307
13 2244 3308
13 2244 3309
13 2244 3310
13 2244 3311
13 2244 3312
13 2244 3313
13 2244 3314
13 2244 3315
13 2244 3316
13 2244 3317
13 2244 3318
13 2244 3319
13 2244 3320
13 2244 3321
13 2244 3322
13 2244 3323
13 2244 3324
13 2244 3325
13 2244 3326
13 2244 3327
13 2244 3328
13 2244 3329
13 2244 3330
13 2244 3331
13 2244 3332
13 2244 3333
13 2244 3334
13 2244 3335
13 2244 3336
13 2244 3337
13 2244 3338
13 2244 3339
13 2244 3340
13 2244 3341
13 2244 3342
13 2244 3343
13 2244 3344
13 2244 3345
13 2244 3346
13 2244 3347
13 2244 3348
13 2244 3349
13 2244 3350
13 2244 3351
13 2244 3352
13 2244 3353
13 2244 3354
13 2244 3355
13 2244 3356
13 2244 3357
13 2244 3358
13 2244 3359
13 2244 3360
13 2244 3361
13 2244 3362
13 2244 3363
13 2244 3364
13 2244 3365
13 2244 3366
13 2244 3367
13 2244 3368
13 2244 3369
13 2244 3370
13 2245 3303
13 2245 3304
13 2245 3305
13 2245 3306
13 2245 3307
13 2245 3308
13 2245 3309
13 2245 3310
13 2245 3311
13 2245 3312
13 2245 3313
13 2245 3314
13 2245 3315
13 2245 3316
13 2245 3317
13 2245 3318
13 2245 3319
13 2245 3320
13 2245 3321
13 2245 3322
13 2245 3323
13 2245 3324
13 2245 3325
13 2245 3326
13 2245 3327
13 2245 3328
13 2245 3329
13 2245 3330
13 2245 3331
13 2245 3332
13 2245 3333
13 2245 3334
13 2245 3335
13 2245 3336
13 2245 3337
13 2245 3338
13 2245 3339
13 2245 3340
13 2245 3341
13 2245 3342
13 2245 3343
13 2245 3344
13 2245 3345
13 2245 3346
13 2245 3347
13 2245 3348
13 2245 3349
13 2245 3350
13 2245 3351
13 2245 3352
13 2245 3353
13 2245 3354
13 2245 3355
13 2245 3356
13 2245 3357
13 2245 3358
13 2245 3359
13 2245 3360
13 2245 3361
13 2245 3362
13 2245 3363
13 2245 3364
13 2245 3365
13 2245 3366
13 2245 3367
13 2245 3368
13 2245 3369
13 2245 3370
13 2246 3303
13 2246 3304
13 2246 3305
13 2246 3306
13 2246 3307
13 2246 3308
13 2246 3309
13 2246 3310
13 2246 3311
13 2246 3312
13 2246 3313
13 2246 3314
13 2246 3315
13 2246 3316
13 2246 3317
13 2246 3318
13 2246 3319
13 2246 3320
13 2246 3321
13 2246 3322
13 2246 3323
13 2246 3324
13 2246 3325
13 2246 3326
13 2246 3327
13 2246 3328
13 2246 3329
13 2246 3330
13 2246 3331
13 2246 3332
13 2246 3333
13 2246 3334
13 2246 3335
13 2246 3336
13 2246 3337
13 2246 3338
13 2246 3339
13 2246 3340
13 2246 3341
13 2246 3342
13 2246 3343
13 2246 3344
13 2246 3345
13 2246 3346
13 2246 3347
13 2246 3348
13 2246 3349
13 2246 3350
13 2246 3351
13 2246 3352
13 2246 3353
13 2246 3354
13 2246 3355
13 2246 3356
13 2246 3357
13 2246 3358
13 2246 3359
13 2246 3360
13 2246 3361
13 2246 3362
13 2246 3363
13 2246 3364
13 2246 3365
13 2246 3366
13 2246 3367
13 2246 3368
13 2246 3369
13 2246 3370
13 2247 3303
13 2247 3304
13 2247 3305
13 2247 3306
13 2247 3307
13 2247 3308
13 2247 3309
13 2247 3310
13 2247 3311
13 2247 3312
13 2247 3313
13 2247 3314
13 2247 3315
13 2247 3316
13 2247 3317
13 2247 3318
13 2247 3319
13 2247 3320
13 2247 3321
13 2247 3322
13 2247 3323
13 2247 3324
13 2247 3325
13 2247 3326
13 2247 3327
13 2247 3328
13 2247 3329
13 2247 3330
13 2247 3331
13 2247 3332
13 2247 3333
13 2247 3334
13 2247 3335
13 2247 3336
13 2247 3337
13 2247 3338
13 2247 3339
13 2247 3340
13 2247 3341
13 2247 3342
13 2247 3343
13 2247 3344
13 2247 3345
13 2247 3346
13 2247 3347
13 2247 3348
13 2247 3349
13 2247 3350
13 2247 3351
13 2247 3352
13 2247 3353
13 2247 3354
13 2247 3355
13 2247 3356
13 2247 3357
13 2247 3358
13 2247 3359
13 2247 3360
13 2247 3361
13 2247 3362
13 2247 3363
13 2247 3364
13 2247 3365
13 2247 3366
13 2247 3367
13 2247 3368
13 2247 3369
13 2247 3370
13 2248 3303
13 2248 3304
13 2248 3305
13 2248 3306
13 2248 3307
13 2248 3308
13 2248 3309
13 2248 3310
13 2248 3311
13 2248 3312
13 2248 3313
13 2248 3314
13 2248 3315
13 2248 3316
13 2248 3317
13 2248 3318
13 2248 3319
13 2248 3320
13 2248 3321
13 2248 3322
13 2248 3323
13 2248 3324
13 2248 3325
13 2248 3326
13 2248 3327
13 2248 3328
13 2248 3329
13 2248 3330
13 2248 3331
13 2248 3332
13 2248 3333
13 2248 3334
13 2248 3335
13 2248 3336
13 2248 3337
13 2248 3338
13 2248 3339
13 2248 3340
13 2248 3341
13 2248 3342
13 2248 3343
13 2248 3344
13 2248 3345
13 2248 3346
13 2248 3347
13 2248 3348
13 2248 3349
13 2248 3350
13 2248 3351
13 2248 3352
13 2248 3353
13 2248 3354
13 2248 3355
13 2248 3356
13 2248 3357
13 2248 3358
13 2248 3359
13 2248 3360
13 2248 3361
13 2248 3362
13 2248 3363
13 2248 3364
13 2248 3365
13 2248 3366
13 2248 3367
13 2248 3368
13 2248 3369
13 2248 3370
13 2249 3303
13 2249 3304
13 2249 3305
13 2249 3306
13 2249 3307
13 2249 3308
13 2249 3309
13 2249 3310
13 2249 3311
13 2249 3312
13 2249 3313
13 2249 3314
13 2249 3315
13 2249 3316
13 2249 3317
13 2249 3318
13 2249 3319
13 2249 3320
13 2249 3321
13 2249 3322
13 2249 3323
13 2249 3324
13 2249 3325
13 2249 3326
13 2249 3327
13 2249 3328
13 2249 3329
13 2249 3330
13 2249 3331
13 2249 3332
13 2249 3333
13 2249 3334
13 2249 3335
13 2249 3336
13 2249 3337
13 2249 3338
13 2249 3339
13 2249 3340
13 2249 3341
13 2249 3342
13 2249 3343
13 2249 3344
13 2249 3345
13 2249 3346
13 2249 3347
13 2249 3348
13 2249 3349
13 2249 3350
13 2249 3351
13 2249 3352
13 2249 3353
13 2249 3354
13 2249 3355
13 2249 3356
13 2249 3357
13 2249 3358
13 2249 3359
13 2249 3360
13 2249 3361
13 2249 3362
13 2249 3363
13 2249 3364
13 2249 3365
13 2249 3366
13 2249 3367
13 2249 3368
13 2249 3369
13 2249 3370
13 2250 3303
13 2250 3304
13 2250 3305
13 2250 3306
13 2250 3307
13 2250 3308
13 2250 3309
13 2250 3310
13 2250 3311
13 2250 3312
13 2250 3313
13 2250 3314
13 2250 3315
13 2250 3316
13 2250 3317
13 2250 3318
13 2250 3319
13 2250 3320
13 2250 3321
13 2250 3322
13 2250 3323
13 2250 3324
13 2250 3325
13 2250 3326
13 2250 3327
13 2250 3328
13 2250 3329
13 2250 3330
13 2250 3331
13 2250 3332
13 2250 3333
13 2250 3334
13 2250 3335
13 2250 3336
13 2250 3337
13 2250 3338
13 2250 3339
13 2250 3340
13 2250 3341
13 2250 3342
13 2250 3343
13 2250 3344
13 2250 3345
13 2250 3346
13 2250 3347
13 2250 3348
13 2250 3349
13 2250 3350
13 2250 3351
13 2250 3352
13 2250 3353
13 2250 3354
13 2250 3355
13 2250 3356
13 2250 3357
13 2250 3358
13 2250 3359
13 2250 3360
13 2250 3361
13 2250 3362
13 2250 3363
13 2250 3364
13 2250 3365
13 2250 3366
13 2250 3367
13 2250 3368
13 2250 3369
13 2250 3370
13 2251 3303
13 2251 3304
13 2251 3305
13 2251 3306
13 2251 3307
13 2251 3308
13 2251 3309
13 2251 3310
13 2251 3311
13 2251 3312
13 2251 3313
13 2251 3314
13 2251 3315
13 2251 3316
13 2251 3317
13 2251 3318
13 2251 3319
13 2251 3320
13 2251 3321
13 2251 3322
13 2251 3323
13 2251 3324
13 2251 3325
13 2251 3326
13 2251 3327
13 2251 3328
13 2251 3329
13 2251 3330
13 2251 3331
13 2251 3332
13 2251 3333
13 2251 3334
13 2251 3335
13 2251 3336
13 2251 3337
13 2251 3338
13 2251 3339
13 2251 3340
13 2251 3341
13 2251 3342
13 2251 3343
13 2251 3344
13 2251 3345
13 2251 3346
13 2251 3347
13 2251 3348
13 2251 3349
13 2251 3350
13 2251 3351
13 2251 3352
13 2251 3353
13 2251 3354
13 2251 3355
13 2251 3356
13 2251 3357
13 2251 3358
13 2251 3359
13 2251 3360
13 2251 3361
13 2251 3362
13 2251 3363
13 2251 3364
13 2251 3365
13 2251 3366
13 2251 3367
13 2251 3368
13 2251 3369
13 2251 3370
13 2252 3303
13 2252 3304
13 2252 3305
13 2252 3306
13 2252 3307
13 2252 3308
13 2252 3309
13 2252 3310
13 2252 3311
13 2252 3312
13 2252 3313
13 2252 3314
13 2252 3315
13 2252 3316
13 2252 3317
13 2252 3318
13 2252 3319
13 2252 3320
13 2252 3321
13 2252 3322
13 2252 3323
13 2252 3324
13 2252 3325
13 2252 3326
13 2252 3327
13 2252 3328
13 2252 3329
13 2252 3330
13 2252 3331
13 2252 3332
13 2252 3333
13 2252 3334
13 2252 3335
13 2252 3336
13 2252 3337
13 2252 3338
13 2252 3339
13 2252 3340
13 2252 3341
13 2252 3342
13 2252 3343
13 2252 3344
13 2252 3345
13 2252 3346
13 2252 3347
13 2252 3348
13 2252 3349
13 2252 3350
13 2252 3351
13 2252 3352
13 2252 3353
13 2252 3354
13 2252 3355
13 2252 3356
13 2252 3357
13 2252 3358
13 2252 3359
13 2252 3360
13 2252 3361
13 2252 3362
13 2252 3363
13 2252 3364
13 2252 3365
13 2252 3366
13 2252 3367
13 2252 3368
13 2252 3369
13 2252 3370
13 2253 3303
13 2253 3304
13 2253 3305
13 2253 3306
13 2253 3307
13 2253 3308
13 2253 3309
13 2253 3310
13 2253 3311
13 2253 3312
13 2253 3313
13 2253 3314
13 2253 3315
13 2253 3316
13 2253 3317
13 2253 3318
13 2253 3319
13 2253 3320
13 2253 3321
13 2253 3322
13 2253 3323
13 2253 3324
13 2253 3325
13 2253 3326
13 2253 3327
13 2253 3328
13 2253 3329
13 2253 3330
13 2253 3331
13 2253 3332
13 2253 3333
13 2253 3334
13 2253 3335
13 2253 3336
13 2253 3337
13 2253 3338
13 2253 3339
13 2253 3340
13 2253 3341
13 2253 3342
13 2253 3343
13 2253 3344
13 2253 3345
13 2253 3346
13 2253 3347
13 2253 3348
13 2253 3349
13 2253 3350
13 2253 3351
13 2253 3352
13 2253 3353
13 2253 3354
13 2253 3355
13 2253 3356
13 2253 3357
13 2253 3358
13 2253 3359
13 2253 3360
13 2253 3361
13 2253 3362
13 2253 3363
13 2253 3364
13 2253 3365
13 2253 3366
13 2253 3367
13 2253 3368
13 2253 3369
13 2253 3370
13 2254 3303
13 2254 3304
13 2254 3305
13 2254 3306
13 2254 3307
13 2254 3308
13 2254 3309
13 2254 3310
13 2254 3311
13 2254 3312
13 2254 3313
13 2254 3314
13 2254 3315
13 2254 3316
13 2254 3317
13 2254 3318
13 2254 3319
13 2254 3320
13 2254 3321
13 2254 3322
13 2254 3323
13 2254 3324
13 2254 3325
13 2254 3326
13 2254 3327
13 2254 3328
13 2254 3329
13 2254 3330
13 2254 3331
13 2254 3332
13 2254 3333
13 2254 3334
13 2254 3335
13 2254 3336
13 2254 3337
13 2254 3338
13 2254 3339
13 2254 3340
13 2254 3341
13 2254 3342
13 2254 3343
13 2254 3344
13 2254 3345
13 2254 3346
13 2254 3347
13 2254 3348
13 2254 3349
13 2254 3350
13 2254 3351
13 2254 3352
13 2254 3353
13 2254 3354
13 2254 3355
13 2254 3356
13 2254 3357
13 2254 3358
13 2254 3359
13 2254 3360
13 2254 3361
13 2254 3362
13 2254 3363
13 2254 3364
13 2254 3365
13 2254 3366
13 2254 3367
13 2254 3368
13 2254 3369
13 2254 3370
13 2255 3303
13 2255 3304
13 2255 3305
13 2255 3306
13 2255 3307
13 2255 3308
13 2255 3309
13 2255 3310
13 2255 3311
13 2255 3312
13 2255 3313
13 2255 3314
13 2255 3315
13 2255 3316
13 2255 3317
13 2255 3318
13 2255 3319
13 2255 3320
13 2255 3321
13 2255 3322
13 2255 3323
13 2255 3324
13 2255 3325
13 2255 3326
13 2255 3327
13 2255 3328
13 2255 3329
13 2255 3330
13 2255 3331
13 2255 3332
13 2255 3333
13 2255 3334
13 2255 3335
13 2255 3336
13 2255 3337
13 2255 3338
13 2255 3339
13 2255 3340
13 2255 3341
13 2255 3342
13 2255 3343
13 2255 3344
13 2255 3345
13 2255 3346
13 2255 3347
13 2255 3348
13 2255 3349
13 2255 3350
13 2255 3351
13 2255 3352
13 2255 3353
13 2255 3354
13 2255 3355
13 2255 3356
13 2255 3357
13 2255 3358
13 2255 3359
13 2255 3360
13 2255 3361
13 2255 3362
13 2255 3363
13 2255 3364
13 2255 3365
13 2255 3366
13 2255 3367
13 2255 3368
13 2255 3369
13 2255 3370
13 2256 3303
13 2256 3304
13 2256 3305
13 2256 3306
13 2256 3307
13 2256 3308
13 2256 3309
13 2256 3310
13 2256 3311
13 2256 3312
13 2256 3313
13 2256 3314
13 2256 3315
13 2256 3316
13 2256 3317
13 2256 3318
13 2256 3319
13 2256 3320
13 2256 3321
13 2256 3322
13 2256 3323
13 2256 3324
13 2256 3325
13 2256 3326
13 2256 3327
13 2256 3328
13 2256 3329
13 2256 3330
13 2256 3331
13 2256 3332
13 2256 3333
13 2256 3334
13 2256 3335
13 2256 3336
13 2256 3337
13 2256 3338
13 2256 3339
13 2256 3340
13 2256 3341
13 2256 3342
13 2256 3343
13 2256 3344
13 2256 3345
13 2256 3346
13 2256 3347
13 2256 3348
13 2256 3349
13 2256 3350
13 2256 3351
13 2256 3352
13 2256 3353
13 2256 3354
13 2256 3355
13 2256 3356
13 2256 3357
13 2256 3358
13 2256 3359
13 2256 3360
13 2256 3361
13 2256 3362
13 2256 3363
13 2256 3364
13 2256 3365
13 2256 3366
13 2256 3367
13 2256 3368
13 2256 3369
13 2256 3370
13 2257 3303
13 2257 3304
13 2257 3305
13 2257 3306
13 2257 3307
13 2257 3308
13 2257 3309
13 2257 3310
13 2257 3311
13 2257 3312
13 2257 3313
13 2257 3314
13 2257 3315
13 2257 3316
13 2257 3317
13 2257 3318
13 2257 3319
13 2257 3320
13 2257 3321
13 2257 3322
13 2257 3323
13 2257 3324
13 2257 3325
13 2257 3326
13 2257 3327
13 2257 3328
13 2257 3329
13 2257 3330
13 2257 3331
13 2257 3332
13 2257 3333
13 2257 3334
13 2257 3335
13 2257 3336
13 2257 3337
13 2257 3338
13 2257 3339
13 2257 3340
13 2257 3341
13 2257 3342
13 2257 3343
13 2257 3344
13 2257 3345
13 2257 3346
13 2257 3347
13 2257 3348
13 2257 3349
13 2257 3350
13 2257 3351
13 2257 3352
13 2257 3353
13 2257 3354
13 2257 3355
13 2257 3356
13 2257 3357
13 2257 3358
13 2257 3359
13 2257 3360
13 2257 3361
13 2257 3362
13 2257 3363
13 2257 3364
13 2257 3365
13 2257 3366
13 2257 3367
13 2257 3368
13 2257 3369
13 2257 3370
13 2258 3303
13 2258 3304
13 2258 3305
13 2258 3306
13 2258 3307
13 2258 3308
13 2258 3309
13 2258 3310
13 2258 3311
13 2258 3312
13 2258 3313
13 2258 3314
13 2258 3315
13 2258 3316
13 2258 3317
13 2258 3318
13 2258 3319
13 2258 3320
13 2258 3321
13 2258 3322
13 2258 3323
13 2258 3324
13 2258 3325
13 2258 3326
13 2258 3327
13 2258 3328
13 2258 3329
13 2258 3330
13 2258 3331
13 2258 3332
13 2258 3333
13 2258 3334
13 2258 3335
13 2258 3336
13 2258 3337
13 2258 3338
13 2258 3339
13 2258 3340
13 2258 3341
13 2258 3342
13 2258 3343
13 2258 3344
13 2258 3345
13 2258 3346
13 2258 3347
13 2258 3348
13 2258 3349
13 2258 3350
13 2258 3351
13 2258 3352
13 2258 3353
13 2258 3354
13 2258 3355
13 2258 3356
13 2258 3357
13 2258 3358
13 2258 3359
13 2258 3360
13 2258 3361
13 2258 3362
13 2258 3363
13 2258 3364
13 2258 3365
13 2258 3366
13 2258 3367
13 2258 3368
13 2258 3369
13 2258 3370
13 2259 3303
13 2259 3304
13 2259 3305
13 2259 3306
13 2259 3307
13 2259 3308
13 2259 3309
13 2259 3310
13 2259 3311
13 2259 3312
13 2259 3313
13 2259 3314
13 2259 3315
13 2259 3316
13 2259 3317
13 2259 3318
13 2259 3319
13 2259 3320
13 2259 3321
13 2259 3322
13 2259 3323
13 2259 3324
13 2259 3325
13 2259 3326
13 2259 3327
13 2259 3328
13 2259 3329
13 2259 3330
13 2259 3331
13 2259 3332
13 2259 3333
13 2259 3334
13 2259 3335
13 2259 3336
13 2259 3337
13 2259 3338
13 2259 3339
13 2259 3340
13 2259 3341
13 2259 3342
13 2259 3343
13 2259 3344
13 2259 3345
13 2259 3346
13 2259 3347
13 2259 3348
13 2259 3349
13 2259 3350
13 2259 3351
13 2259 3352
13 2259 3353
13 2259 3354
13 2259 3355
13 2259 3356
13 2259 3357
13 2259 3358
13 2259 3359
13 2259 3360
13 2259 3361
13 2259 3362
13 2259 3363
13 2259 3364
13 2259 3365
13 2259 3366
13 2259 3367
13 2259 3368
13 2259 3369
13 2259 3370
13 2260 3303
13 2260 3304
13 2260 3305
13 2260 3306
13 2260 3307
13 2260 3308
13 2260 3309
13 2260 3310
13 2260 3311
13 2260 3312
13 2260 3313
13 2260 3314
13 2260 3315
13 2260 3316
13 2260 3317
13 2260 3318
13 2260 3319
13 2260 3320
13 2260 3321
13 2260 3322
13 2260 3323
13 2260 3324
13 2260 3325
13 2260 3326
13 2260 3327
13 2260 3328
13 2260 3329
13 2260 3330
13 2260 3331
13 2260 3332
13 2260 3333
13 2260 3334
13 2260 3335
13 2260 3336
13 2260 3337
13 2260 3338
13 2260 3339
13 2260 3340
13 2260 3341
13 2260 3342
13 2260 3343
13 2260 3344
13 2260 3345
13 2260 3346
13 2260 3347
13 2260 3348
13 2260 3349
13 2260 3350
13 2260 3351
13 2260 3352
13 2260 3353
13 2260 3354
13 2260 3355
13 2260 3356
13 2260 3357
13 2260 3358
13 2260 3359
13 2260 3360
13 2260 3361
13 2260 3362
13 2260 3363
13 2260 3364
13 2260 3365
13 2260 3366
13 2260 3367
13 2260 3368
13 2260 3369
13 2260 3370
13 2261 3303
13 2261 3304
13 2261 3305
13 2261 3306
13 2261 3307
13 2261 3308
13 2261 3309
13 2261 3310
13 2261 3311
13 2261 3312
13 2261 3313
13 2261 3314
13 2261 3315
13 2261 3316
13 2261 3317
13 2261 3318
13 2261 3319
13 2261 3320
13 2261 3321
13 2261 3322
13 2261 3323
13 2261 3324
13 2261 3325
13 2261 3326
13 2261 3327
13 2261 3328
13 2261 3329
13 2261 3330
13 2261 3331
13 2261 3332
13 2261 3333
13 2261 3334
13 2261 3335
13 2261 3336
13 2261 3337
13 2261 3338
13 2261 3339
13 2261 3340
13 2261 3341
13 2261 3342
13 2261 3343
13 2261 3344
13 2261 3345
13 2261 3346
13 2261 3347
13 2261 3348
13 2261 3349
13 2261 3350
13 2261 3351
13 2261 3352
13 2261 3353
13 2261 3354
13 2261 3355
13 2261 3356
13 2261 3357
13 2261 3358
13 2261 3359
13 2261 3360
13 2261 3361
13 2261 3362
13 2261 3363
13 2261 3364
13 2261 3365
13 2261 3366
13 2261 3367
13 2261 3368
13 2261 3369
13 2261 3370
13 2262 3303
13 2262 3304
13 2262 3305
13 2262 3306
13 2262 3307
13 2262 3308
13 2262 3309
13 2262 3310
13 2262 3311
13 2262 3312
13 2262 3313
13 2262 3314
13 2262 3315
13 2262 3316
13 2262 3317
13 2262 3318
13 2262 3319
13 2262 3320
13 2262 3321
13 2262 3322
13 2262 3323
13 2262 3324
13 2262 3325
13 2262 3326
13 2262 3327
13 2262 3328
13 2262 3329
13 2262 3330
13 2262 3331
13 2262 3332
13 2262 3333
13 2262 3334
13 2262 3335
13 2262 3336
13 2262 3337
13 2262 3338
13 2262 3339
13 2262 3340
13 2262 3341
13 2262 3342
13 2262 3343
13 2262 3344
13 2262 3345
13 2262 3346
13 2262 3347
13 2262 3348
13 2262 3349
13 2262 3350
13 2262 3351
13 2262 3352
13 2262 3353
13 2262 3354
13 2262 3355
13 2262 3356
13 2262 3357
13 2262 3358
13 2262 3359
13 2262 3360
13 2262 3361
13 2262 3362
13 2262 3363
13 2262 3364
13 2262 3365
13 2262 3366
13 2262 3367
13 2262 3368
13 2262 3369
13 2262 3370
13 2263 3303
13 2263 3304
13 2263 3305
13 2263 3306
13 2263 3307
13 2263 3308
13 2263 3309
13 2263 3310
13 2263 3311
13 2263 3312
13 2263 3313
13 2263 3314
13 2263 3315
13 2263 3316
13 2263 3317
13 2263 3318
13 2263 3319
13 2263 3320
13 2263 3321
13 2263 3322
13 2263 3323
13 2263 3324
13 2263 3325
13 2263 3326
13 2263 3327
13 2263 3328
13 2263 3329
13 2263 3330
13 2263 3331
13 2263 3332
13 2263 3333
13 2263 3334
13 2263 3335
13 2263 3336
13 2263 3337
13 2263 3338
13 2263 3339
13 2263 3340
13 2263 3341
13 2263 3342
13 2263 3343
13 2263 3344
13 2263 3345
13 2263 3346
13 2263 3347
13 2263 3348
13 2263 3349
13 2263 3350
13 2263 3351
13 2263 3352
13 2263 3353
13 2263 3354
13 2263 3355
13 2263 3356
13 2263 3357
13 2263 3358
13 2263 3359
13 2263 3360
13 2263 3361
13 2263 3362
13 2263 3363
13 2263 3364
13 2263 3365
13 2263 3366
13 2263 3367
13 2263 3368
13 2263 3369
13 2263 3370
13 2264 3303
13 2264 3304
13 2264 3305
13 2264 3306
13 2264 3307
13 2264 3308
13 2264 3309
13 2264 3310
13 2264 3311
13 2264 3312
13 2264 3313
13 2264 3314
13 2264 3315
13 2264 3316
13 2264 3317
13 2264 3318
13 2264 3319
13 2264 3320
13 2264 3321
13 2264 3322
13 2264 3323
13 2264 3324
13 2264 3325
13 2264 3326
13 2264 3327
13 2264 3328
13 2264 3329
13 2264 3330
13 2264 3331
13 2264 3332
13 2264 3333
13 2264 3334
13 2264 3335
13 2264 3336
13 2264 3337
13 2264 3338
13 2264 3339
13 2264 3340
13 2264 3341
13 2264 3342
13 2264 3343
13 2264 3344
13 2264 3345
13 2264 3346
13 2264 3347
13 2264 3348
13 2264 3349
13 2264 3350
13 2264 3351
13 2264 3352
13 2264 3353
13 2264 3354
13 2264 3355
13 2264 3356
13 2264 3357
13 2264 3358
13 2264 3359
13 2264 3360
13 2264 3361
13 2264 3362
13 2264 3363
13 2264 3364
13 2264 3365
13 2264 3366
13 2264 3367
13 2264 3368
13 2264 3369
13 2264 3370
13 2265 3303
13 2265 3304
13 2265 3305
13 2265 3306
13 2265 3307
13 2265 3308
13 2265 3309
13 2265 3310
13 2265 3311
13 2265 3312
13 2265 3313
13 2265 3314
13 2265 3315
13 2265 3316
13 2265 3317
13 2265 3318
13 2265 3319
13 2265 3320
13 2265 3321
13 2265 3322
13 2265 3323
13 2265 3324
13 2265 3325
13 2265 3326
13 2265 3327
13 2265 3328
13 2265 3329
13 2265 3330
13 2265 3331
13 2265 3332
13 2265 3333
13 2265 3334
13 2265 3335
13 2265 3336
13 2265 3337
13 2265 3338
13 2265 3339
13 2265 3340
13 2265 3341
13 2265 3342
13 2265 3343
13 2265 3344
13 2265 3345
13 2265 3346
13 2265 3347
13 2265 3348
13 2265 3349
13 2265 3350
13 2265 3351
13 2265 3352
13 2265 3353
13 2265 3354
13 2265 3355
13 2265 3356
13 2265 3357
13 2265 3358
13 2265 3359
13 2265 3360
13 2265 3361
13 2265 3362
13 2265 3363
13 2265 3364
13 2265 3365
13 2265 3366
13 2265 3367
13 2265 3368
13 2265 3369
13 2265 3370
13 2266 3303
13 2266 3304
13 2266 3305
13 2266 3306
13 2266 3307
13 2266 3308
13 2266 3309
13 2266 3310
13 2266 3311
13 2266 3312
13 2266 3313
13 2266 3314
13 2266 3315
13 2266 3316
13 2266 3317
13 2266 3318
13 2266 3319
13 2266 3320
13 2266 3321
13 2266 3322
13 2266 3323
13 2266 3324
13 2266 3325
13 2266 3326
13 2266 3327
13 2266 3328
13 2266 3329
13 2266 3330
13 2266 3331
13 2266 3332
13 2266 3333
13 2266 3334
13 2266 3335
13 2266 3336
13 2266 3337
13 2266 3338
13 2266 3339
13 2266 3340
13 2266 3341
13 2266 3342
13 2266 3343
13 2266 3344
13 2266 3345
13 2266 3346
13 2266 3347
13 2266 3348
13 2266 3349
13 2266 3350
13 2266 3351
13 2266 3352
13 2266 3353
13 2266 3354
13 2266 3355
13 2266 3356
13 2266 3357
13 2266 3358
13 2266 3359
13 2266 3360
13 2266 3361
13 2266 3362
13 2266 3363
13 2266 3364
13 2266 3365
13 2266 3366
13 2266 3367
13 2266 3368
13 2266 3369
13 2266 3370
13 2267 3303
13 2267 3304
13 2267 3305
13 2267 3306
13 2267 3307
13 2267 3308
13 2267 3309
13 2267 3310
13 2267 3311
13 2267 3312
13 2267 3313
13 2267 3314
13 2267 3315
13 2267 3316
13 2267 3317
13 2267 3318
13 2267 3319
13 2267 3320
13 2267 3321
13 2267 3322
13 2267 3323
13 2267 3324
13 2267 3325
13 2267 3326
13 2267 3327
13 2267 3328
13 2267 3329
13 2267 3330
13 2267 3331
13 2267 3332
13 2267 3333
13 2267 3334
13 2267 3335
13 2267 3336
13 2267 3337
13 2267 3338
13 2267 3339
13 2267 3340
13 2267 3341
13 2267 3342
13 2267 3343
13 2267 3344
13 2267 3345
13 2267 3346
13 2267 3347
13 2267 3348
13 2267 3349
13 2267 3350
13 2267 3351
13 2267 3352
13 2267 3353
13 2267 3354
13 2267 3355
13 2267 3356
13 2267 3357
13 2267 3358
13 2267 3359
13 2267 3360
13 2267 3361
13 2267 3362
13 2267 3363
13 2267 3364
13 2267 3365
13 2267 3366
13 2267 3367
13 2267 3368
13 2267 3369
13 2267 3370
13 2268 3303
13 2268 3304
13 2268 3305
13 2268 3306
13 2268 3307
13 2268 3308
13 2268 3309
13 2268 3310
13 2268 3311
13 2268 3312
13 2268 3313
13 2268 3314
13 2268 3315
13 2268 3316
13 2268 3317
13 2268 3318
13 2268 3319
13 2268 3320
13 2268 3321
13 2268 3322
13 2268 3323
13 2268 3324
13 2268 3325
13 2268 3326
13 2268 3327
13 2268 3328
13 2268 3329
13 2268 3330
13 2268 3331
13 2268 3332
13 2268 3333
13 2268 3334
13 2268 3335
13 2268 3336
13 2268 3337
13 2268 3338
13 2268 3339
13 2268 3340
13 2268 3341
13 2268 3342
13 2268 3343
13 2268 3344
13 2268 3345
13 2268 3346
13 2268 3347
13 2268 3348
13 2268 3349
13 2268 3350
13 2268 3351
13 2268 3352
13 2268 3353
13 2268 3354
13 2268 3355
13 2268 3356
13 2268 3357
13 2268 3358
13 2268 3359
13 2268 3360
13 2268 3361
13 2268 3362
13 2268 3363
13 2268 3364
13 2268 3365
13 2268 3366
13 2268 3367
13 2268 3368
13 2268 3369
13 2268 3370
13 2269 3303
13 2269 3304
13 2269 3305
13 2269 3306
13 2269 3307
13 2269 3308
13 2269 3309
13 2269 3310
13 2269 3311
13 2269 3312
13 2269 3313
13 2269 3314
13 2269 3315
13 2269 3316
13 2269 3317
13 2269 3318
13 2269 3319
13 2269 3320
13 2269 3321
13 2269 3322
13 2269 3323
13 2269 3324
13 2269 3325
13 2269 3326
13 2269 3327
13 2269 3328
13 2269 3329
13 2269 3330
13 2269 3331
13 2269 3332
13 2269 3333
13 2269 3334
13 2269 3335
13 2269 3336
13 2269 3337
13 2269 3338
13 2269 3339
13 2269 3340
13 2269 3341
13 2269 3342
13 2269 3343
13 2269 3344
13 2269 3345
13 2269 3346
13 2269 3347
13 2269 3348
13 2269 3349
13 2269 3350
13 2269 3351
13 2269 3352
13 2269 3353
13 2269 3354
13 2269 3355
13 2269 3356
13 2269 3357
13 2269 3358
13 2269 3359
13 2269 3360
13 2269 3361
13 2269 3362
13 2269 3363
13 2269 3364
13 2269 3365
13 2269 3366
13 2269 3367
13 2269 3368
13 2269 3369
13 2269 3370
13 2270 3303
13 2270 3304
13 2270 3305
13 2270 3306
13 2270 3307
13 2270 3308
13 2270 3309
13 2270 3310
13 2270 3311
13 2270 3312
13 2270 3313
13 2270 3314
13 2270 3315
13 2270 3316
13 2270 3317
13 2270 3318
13 2270 3319
13 2270 3320
13 2270 3321
13 2270 3322
13 2270 3323
13 2270 3324
13 2270 3325
13 2270 3326
13 2270 3327
13 2270 3328
13 2270 3329
13 2270 3330
13 2270 3331
13 2270 3332
13 2270 3333
13 2270 3334
13 2270 3335
13 2270 3336
13 2270 3337
13 2270 3338
13 2270 3339
13 2270 3340
13 2270 3341
13 2270 3342
13 2270 3343
13 2270 3344
13 2270 3345
13 2270 3346
13 2270 3347
13 2270 3348
13 2270 3349
13 2270 3350
13 2270 3351
13 2270 3352
13 2270 3353
13 2270 3354
13 2270 3355
13 2270 3356
13 2270 3357
13 2270 3358
13 2270 3359
13 2270 3360
13 2270 3361
13 2270 3362
13 2270 3363
13 2270 3364
13 2270 3365
13 2270 3366
13 2270 3367
13 2270 3368
13 2270 3369
13 2271 3303
13 2271 3304
13 2271 3305
13 2271 3306
13 2271 3307
13 2271 3308
13 2271 3309
13 2271 3310
13 2271 3311
13 2271 3312
13 2271 3313
13 2271 3314
13 2271 3315
13 2271 3316
13 2271 3317
13 2271 3318
13 2271 3319
13 2271 3320
13 2271 3321
13 2271 3322
13 2271 3323
13 2271 3324
13 2271 3325
13 2271 3326
13 2271 3327
13 2271 3328
13 2271 3329
13 2271 3330
13 2271 3331
13 2271 3332
13 2271 3333
13 2271 3334
13 2271 3335
13 2271 3336
13 2271 3337
13 2271 3338
13 2271 3339
13 2271 3340
13 2271 3341
13 2271 3342
13 2271 3343
13 2271 3344
13 2271 3345
13 2271 3346
13 2271 3347
13 2271 3348
13 2271 3349
13 2271 3350
13 2271 3351
13 2271 3352
13 2271 3353
13 2271 3354
13 2271 3355
13 2271 3356
13 2271 3357
13 2271 3358
13 2271 3359
13 2271 3360
13 2271 3361
13 2271 3362
13 2271 3363
13 2271 3364
13 2271 3365
13 2271 3366
13 2271 3367
13 2271 3368
13 2271 3369
13 2272 3303
13 2272 3304
13 2272 3305
13 2272 3306
13 2272 3307
13 2272 3308
13 2272 3309
13 2272 3310
13 2272 3311
13 2272 3312
13 2272 3313
13 2272 3314
13 2272 3315
13 2272 3316
13 2272 3317
13 2272 3318
13 2272 3319
13 2272 3320
13 2272 3321
13 2272 3322
13 2272 3323
13 2272 3324
13 2272 3325
13 2272 3326
13 2272 3327
13 2272 3328
13 2272 3329
13 2272 3330
13 2272 3331
13 2272 3332
13 2272 3333
13 2272 3334
13 2272 3335
13 2272 3336
13 2272 3337
13 2272 3338
13 2272 3339
13 2272 3340
13 2272 3341
13 2272 3342
13 2272 3343
13 2272 3344
13 2272 3345
13 2272 3346
13 2272 3347
13 2272 3348
13 2272 3349
13 2272 3350
13 2272 3351
13 2272 3352
13 2272 3353
13 2272 3354
13 2272 3355
13 2272 3356
13 2272 3357
13 2272 3358
13 2272 3359
13 2272 3360
13 2272 3361
13 2272 3362
13 2272 3363
13 2272 3364
13 2272 3365
13 2272 3366
13 2272 3367
13 2272 3368
13 2272 3369
13 2273 3303
13 2273 3304
13 2273 3305
13 2273 3306
13 2273 3307
13 2273 3308
13 2273 3309
13 2273 3310
13 2273 3311
13 2273 3312
13 2273 3313
13 2273 3314
13 2273 3315
13 2273 3316
13 2273 3317
13 2273 3318
13 2273 3319
13 2273 3320
13 2273 3321
13 2273 3322
13 2273 3323
13 2273 3324
13 2273 3325
13 2273 3326
13 2273 3327
13 2273 3328
13 2273 3329
13 2273 3330
13 2273 3331
13 2273 3332
13 2273 3333
13 2273 3334
13 2273 3335
13 2273 3336
13 2273 3337
13 2273 3338
13 2273 3339
13 2273 3340
13 2273 3341
13 2273 3342
13 2273 3343
13 2273 3344
13 2273 3345
13 2273 3346
13 2273 3347
13 2273 3348
13 2273 3349
13 2273 3350
13 2273 3351
13 2273 3352
13 2273 3353
13 2273 3354
13 2273 3355
13 2273 3356
13 2273 3357
13 2273 3358
13 2273 3359
13 2273 3360
13 2273 3361
13 2273 3362
13 2273 3363
13 2273 3364
13 2273 3365
13 2273 3366
13 2273 3367
13 2273 3368
13 2273 3369
13 2274 3303
13 2274 3304
13 2274 3305
13 2274 3306
13 2274 3307
13 2274 3308
13 2274 3309
13 2274 3310
13 2274 3311
13 2274 3312
13 2274 3313
13 2274 3314
13 2274 3315
13 2274 3316
13 2274 3317
13 2274 3318
13 2274 3319
13 2274 3320
13 2274 3321
13 2274 3322
13 2274 3323
13 2274 3324
13 2274 3325
13 2274 3326
13 2274 3327
13 2274 3328
13 2274 3329
13 2274 3330
13 2274 3331
13 2274 3332
13 2274 3333
13 2274 3334
13 2274 3335
13 2274 3336
13 2274 3337
13 2274 3338
13 2274 3339
13 2274 3340
13 2274 3341
13 2274 3342
13 2274 3343
13 2274 3344
13 2274 3345
13 2274 3346
13 2274 3347
13 2274 3348
13 2274 3349
13 2274 3350
13 2274 3351
13 2274 3352
13 2274 3353
13 2274 3354
13 2274 3355
13 2274 3356
13 2274 3357
13 2274 3358
13 2274 3359
13 2274 3360
13 2274 3361
13 2274 3362
13 2274 3363
13 2274 3364
13 2274 3365
13 2274 3366
13 2274 3367
13 2274 3368
13 2274 3369
13 2275 3303
13 2275 3304
13 2275 3305
13 2275 3306
13 2275 3307
13 2275 3308
13 2275 3309
13 2275 3310
13 2275 3311
13 2275 3312
13 2275 3313
13 2275 3314
13 2275 3315
13 2275 3316
13 2275 3317
13 2275 3318
13 2275 3319
13 2275 3320
13 2275 3321
13 2275 3322
13 2275 3323
13 2275 3324
13 2275 3325
13 2275 3326
13 2275 3327
13 2275 3328
13 2275 3329
13 2275 3330
13 2275 3331
13 2275 3332
13 2275 3333
13 2275 3334
13 2275 3335
13 2275 3336
13 2275 3337
13 2275 3338
13 2275 3339
13 2275 3340
13 2275 3341
13 2275 3342
13 2275 3343
13 2275 3344
13 2275 3345
13 2275 3346
13 2275 3347
13 2275 3348
13 2275 3349
13 2275 3350
13 2275 3351
13 2275 3352
13 2275 3353
13 2275 3354
13 2275 3355
13 2275 3356
13 2275 3357
13 2275 3358
13 2275 3359
13 2275 3360
13 2275 3361
13 2275 3362
13 2275 3363
13 2275 3364
13 2275 3365
13 2275 3366
13 2275 3367
13 2275 3368
13 2275 3369
13 2276 3303
13 2276 3304
13 2276 3305
13 2276 3306
13 2276 3307
13 2276 3308
13 2276 3309
13 2276 3310
13 2276 3311
13 2276 3312
13 2276 3313
13 2276 3314
13 2276 3315
13 2276 3316
13 2276 3317
13 2276 3318
13 2276 3319
13 2276 3320
13 2276 3321
13 2276 3322
13 2276 3323
13 2276 3324
13 2276 3325
13 2276 3326
13 2276 3327
13 2276 3328
13 2276 3329
13 2276 3330
13 2276 3331
13 2276 3332
13 2276 3333
13 2276 3334
13 2276 3335
13 2276 3336
13 2276 3337
13 2276 3338
13 2276 3339
13 2276 3340
13 2276 3341
13 2276 3342
13 2276 3343
13 2276 3344
13 2276 3345
13 2276 3346
13 2276 3347
13 2276 3348
13 2276 3349
13 2276 3350
13 2276 3351
13 2276 3352
13 2276 3353
13 2276 3354
13 2276 3355
13 2276 3356
13 2276 3357
13 2276 3358
13 2276 3359
13 2276 3360
13 2276 3361
13 2276 3362
13 2276 3363
13 2276 3364
13 2276 3365
13 2276 3366
13 2276 3367
13 2276 3368
13 2276 3369
13 2277 3303
13 2277 3304
13 2277 3305
13 2277 3306
13 2277 3307
13 2277 3308
13 2277 3309
13 2277 3310
13 2277 3311
13 2277 3312
13 2277 3313
13 2277 3314
13 2277 3315
13 2277 3316
13 2277 3317
13 2277 3318
13 2277 3319
13 2277 3320
13 2277 3321
13 2277 3322
13 2277 3323
13 2277 3324
13 2277 3325
13 2277 3326
13 2277 3327
13 2277 3328
13 2277 3329
13 2277 3330
13 2277 3331
13 2277 3332
13 2277 3333
13 2277 3334
13 2277 3335
13 2277 3336
13 2277 3337
13 2277 3338
13 2277 3339
13 2277 3340
13 2277 3341
13 2277 3342
13 2277 3343
13 2277 3344
13 2277 3345
13 2277 3346
13 2277 3347
13 2277 3348
13 2277 3349
13 2277 3350
13 2277 3351
13 2277 3352
13 2277 3353
13 2277 3354
13 2277 3355
13 2277 3356
13 2277 3357
13 2277 3358
13 2277 3359
13 2277 3360
13 2277 3361
13 2277 3362
13 2277 3363
13 2277 3364
13 2277 3365
13 2277 3366
13 2277 3367
13 2277 3368
13 2277 3369
13 2278 3303
13 2278 3304
13 2278 3305
13 2278 3306
13 2278 3307
13 2278 3308
13 2278 3309
13 2278 3310
13 2278 3311
13 2278 3312
13 2278 3313
13 2278 3314
13 2278 3315
13 2278 3316
13 2278 3317
13 2278 3318
13 2278 3319
13 2278 3320
13 2278 3321
13 2278 3322
13 2278 3323
13 2278 3324
13 2278 3325
13 2278 3326
13 2278 3327
13 2278 3328
13 2278 3329
13 2278 3330
13 2278 3331
13 2278 3332
13 2278 3333
13 2278 3334
13 2278 3335
13 2278 3336
13 2278 3338
13 2278 3339
13 2278 3340
13 2278 3341
13 2278 3342
13 2278 3343
13 2278 3344
13 2278 3345
13 2278 3346
13 2278 3347
13 2278 3348
13 2278 3349
13 2278 3350
13 2278 3351
13 2278 3352
13 2278 3353
13 2278 3354
13 2278 3355
13 2278 3356
13 2278 3357
13 2278 3358
13 2278 3359
13 2278 3360
13 2278 3361
13 2278 3362
13 2278 3363
13 2278 3364
13 2278 3365
13 2278 3366
13 2278 3367
13 2278 3368
13 2278 3369
13 2279 3303
13 2279 3304
13 2279 3305
13 2279 3306
13 2279 3307
13 2279 3308
13 2279 3309
13 2279 3310
13 2279 3311
13 2279 3312
13 2279 3313
13 2279 3314
13 2279 3315
13 2279 3316
13 2279 3317
13 2279 3318
13 2279 3319
13 2279 3320
13 2279 3321
13 2279 3322
13 2279 3323
13 2279 3324
13 2279 3325
13 2279 3326
13 2279 3327
13 2279 3328
13 2279 3329
13 2279 3330
13 2279 3331
13 2279 3332
13 2279 3333
13 2279 3334
13 2279 3335
13 2279 3336
13 2279 3337
13 2279 3338
13 2279 3339
13 2279 3340
13 2279 3341
13 2279 3342
13 2279 3343
13 2279 3344
13 2279 3345
13 2279 3346
13 2279 3347
13 2279 3348
13 2279 3349
13 2279 3350
13 2279 3351
13 2279 3352
13 2279 3353
13 2279 3354
13 2279 3355
13 2279 3356
13 2279 3357
13 2279 3358
13 2279 3359
13 2279 3360
13 2279 3361
13 2279 3362
13 2279 3363
13 2279 3364
13 2279 3365
13 2279 3366
13 2279 3367
13 2279 3368
13 2279 3369
13 2280 3303
13 2280 3304
13 2280 3305
13 2280 3306
13 2280 3307
13 2280 3308
13 2280 3309
13 2280 3310
13 2280 3311
13 2280 3312
13 2280 3313
13 2280 3314
13 2280 3315
13 2280 3316
13 2280 3317
13 2280 3318
13 2280 3319
13 2280 3320
13 2280 3321
13 2280 3322
13 2280 3323
13 2280 3324
13 2280 3325
13 2280 3326
13 2280 3327
13 2280 3328
13 2280 3329
13 2280 3330
13 2280 3331
13 2280 3332
13 2280 3333
13 2280 3334
13 2280 3335
13 2280 3336
13 2280 3337
13 2280 3338
13 2280 3339
13 2280 3340
13 2280 3341
13 2280 3342
13 2280 3343
13 2280 3344
13 2280 3345
13 2280 3346
13 2280 3347
13 2280 3348
13 2280 3349
13 2280 3350
13 2280 3351
13 2280 3352
13 2280 3353
13 2280 3354
13 2280 3355
13 2280 3356
13 2280 3357
13 2280 3358
13 2280 3359
13 2280 3360
13 2280 3361
13 2280 3362
13 2280 3363
13 2280 3364
13 2280 3365
13 2280 3366
13 2280 3367
13 2280 3368
13 2280 3369
13 2281 3303
13 2281 3304
13 2281 3305
13 2281 3306
13 2281 3307
13 2281 3308
13 2281 3309
13 2281 3310
13 2281 3311
13 2281 3312
13 2281 3313
13 2281 3314
13 2281 3315
13 2281 3316
13 2281 3317
13 2281 3318
13 2281 3319
13 2281 3320
13 2281 3321
13 2281 3322
13 2281 3323
13 2281 3324
13 2281 3325
13 2281 3326
13 2281 3327
13 2281 3328
13 2281 3329
13 2281 3330
13 2281 3331
13 2281 3332
13 2281 3333
13 2281 3334
13 2281 3335
13 2281 3336
13 2281 3337
13 2281 3338
13 2281 3339
13 2281 3340
13 2281 3341
13 2281 3342
13 2281 3343
13 2281 3344
13 2281 3345
13 2281 3346
13 2281 3347
13 2281 3348
13 2281 3349
13 2281 3350
13 2281 3351
13 2281 3352
13 2281 3353
13 2281 3354
13 2281 3355
13 2281 3356
13 2281 3357
13 2281 3358
13 2281 3359
13 2281 3360
13 2281 3361
13 2281 3362
13 2281 3363
13 2281 3364
13 2281 3365
13 2281 3366
13 2281 3367
13 2281 3368
13 2281 3369
13 2282 3303
13 2282 3304
13 2282 3305
13 2282 3306
13 2282 3307
13 2282 3308
13 2282 3309
13 2282 3310
13 2282 3311
13 2282 3312
13 2282 3313
13 2282 3314
13 2282 3315
13 2282 3316
13 2282 3317
13 2282 3318
13 2282 3319
13 2282 3320
13 2282 3321
13 2282 3322
13 2282 3323
13 2282 3324
13 2282 3325
13 2282 3326
13 2282 3327
13 2282 3328
13 2282 3329
13 2282 3330
13 2282 3331
13 2282 3332
13 2282 3333
13 2282 3334
13 2282 3335
13 2282 3336
13 2282 3337
13 2282 3338
13 2282 3339
13 2282 3340
13 2282 3341
13 2282 3342
13 2282 3343
13 2282 3344
13 2282 3345
13 2282 3346
13 2282 3347
13 2282 3348
13 2282 3349
13 2282 3350
13 2282 3351
13 2282 3352
13 2282 3353
13 2282 3354
13 2282 3355
13 2282 3356
13 2282 3357
13 2282 3358
13 2282 3359
13 2282 3360
13 2282 3361
13 2282 3362
13 2282 3363
13 2282 3364
13 2282 3365
13 2282 3366
13 2282 3367
13 2282 3368
13 2282 3369
13 2283 3303
13 2283 3304
13 2283 3305
13 2283 3306
13 2283 3307
13 2283 3308
13 2283 3309
13 2283 3310
13 2283 3311
13 2283 3312
13 2283 3313
13 2283 3314
13 2283 3315
13 2283 3316
13 2283 3317
13 2283 3318
13 2283 3319
13 2283 3320
13 2283 3321
13 2283 3322
13 2283 3323
13 2283 3324
13 2283 3325
13 2283 3326
13 2283 3327
13 2283 3328
13 2283 3329
13 2283 3330
13 2283 3331
13 2283 3332
13 2283 3333
13 2283 3334
13 2283 3335
13 2283 3336
13 2283 3337
13 2283 3338
13 2283 3339
13 2283 3340
13 2283 3341
13 2283 3342
13 2283 3343
13 2283 3344
13 2283 3345
13 2283 3346
13 2283 3347
13 2283 3348
13 2283 3349
13 2283 3350
13 2283 3351
13 2283 3352
13 2283 3353
13 2283 3354
13 2283 3355
13 2283 3356
13 2283 3357
13 2283 3358
13 2283 3359
13 2283 3360
13 2283 3361
13 2283 3362
13 2283 3363
13 2283 3364
13 2283 3365
13 2283 3366
13 2283 3367
13 2283 3368
13 2283 3369
13 2284 3303
13 2284 3304
13 2284 3305
13 2284 3306
13 2284 3307
13 2284 3308
13 2284 3309
13 2284 3310
13 2284 3311
13 2284 3312
13 2284 3313
13 2284 3314
13 2284 3315
13 2284 3316
13 2284 3317
13 2284 3318
13 2284 3319
13 2284 3320
13 2284 3321
13 2284 3322
13 2284 3323
13 2284 3324
13 2284 3325
13 2284 3326
13 2284 3327
13 2284 3328
13 2284 3329
13 2284 3330
13 2284 3331
13 2284 3332
13 2284 3333
13 2284 3334
13 2284 3335
13 2284 3336
13 2284 3337
13 2284 3338
13 2284 3339
13 2284 3340
13 2284 3341
13 2284 3342
13 2284 3343
13 2284 3344
13 2284 3345
13 2284 3346
13 2284 3347
13 2284 3348
13 2284 3349
13 2284 3350
13 2284 3351
13 2284 3352
13 2284 3353
13 2284 3354
13 2284 3355
13 2284 3356
13 2284 3357
13 2284 3358
13 2284 3359
13 2284 3360
13 2284 3361
13 2284 3362
13 2284 3363
13 2284 3364
13 2284 3365
13 2284 3366
13 2284 3367
13 2284 3368
13 2284 3369
13 2285 3303
13 2285 3304
13 2285 3305
13 2285 3306
13 2285 3307
13 2285 3308
13 2285 3309
13 2285 3310
13 2285 3311
13 2285 3312
13 2285 3313
13 2285 3314
13 2285 3315
13 2285 3316
13 2285 3317
13 2285 3318
13 2285 3319
13 2285 3320
13 2285 3321
13 2285 3322
13 2285 3323
13 2285 3324
13 2285 3325
13 2285 3326
13 2285 3327
13 2285 3328
13 2285 3329
13 2285 3330
13 2285 3331
13 2285 3332
13 2285 3333
13 2285 3334
13 2285 3335
13 2285 3336
13 2285 3337
13 2285 3338
13 2285 3339
13 2285 3340
13 2285 3341
13 2285 3342
13 2285 3343
13 2285 3344
13 2285 3345
13 2285 3346
13 2285 3347
13 2285 3348
13 2285 3349
13 2285 3350
13 2285 3351
13 2285 3352
13 2285 3353
13 2285 3354
13 2285 3355
13 2285 3356
13 2285 3357
13 2285 3358
13 2285 3359
13 2285 3360
13 2285 3361
13 2285 3362
13 2285 3363
13 2285 3364
13 2285 3365
13 2285 3366
13 2285 3367
13 2285 3368
13 2285 3369
13 2286 3303
13 2286 3304
13 2286 3305
13 2286 3306
13 2286 3307
13 2286 3308
13 2286 3309
13 2286 3310
13 2286 3311
13 2286 3312
13 2286 3313
13 2286 3314
13 2286 3315
13 2286 3316
13 2286 3317
13 2286 3318
13 2286 3319
13 2286 3320
13 2286 3321
13 2286 3322
13 2286 3323
13 2286 3324
13 2286 3325
13 2286 3326
13 2286 3327
13 2286 3328
13 2286 3329
13 2286 3330
13 2286 3331
13 2286 3332
13 2286 3333
13 2286 3334
13 2286 3335
13 2286 3336
13 2286 3337
13 2286 3338
13 2286 3339
13 2286 3340
13 2286 3341
13 2286 3342
13 2286 3343
13 2286 3344
13 2286 3345
13 2286 3346
13 2286 3347
13 2286 3348
13 2286 3349
13 2286 3350
13 2286 3351
13 2286 3352
13 2286 3353
13 2286 3354
13 2286 3355
13 2286 3356
13 2286 3357
13 2286 3358
13 2286 3359
13 2286 3360
13 2286 3361
13 2286 3362
13 2286 3363
13 2286 3364
13 2286 3365
13 2286 3366
13 2286 3367
13 2286 3368
13 2286 3369
13 2287 3303
13 2287 3304
13 2287 3305
13 2287 3306
13 2287 3307
13 2287 3308
13 2287 3309
13 2287 3310
13 2287 3311
13 2287 3312
13 2287 3313
13 2287 3314
13 2287 3315
13 2287 3316
13 2287 3317
13 2287 3318
13 2287 3319
13 2287 3320
13 2287 3321
13 2287 3322
13 2287 3323
13 2287 3324
13 2287 3325
13 2287 3326
13 2287 3327
13 2287 3328
13 2287 3329
13 2287 3330
13 2287 3331
13 2287 3332
13 2287 3333
13 2287 3334
13 2287 3335
13 2287 3336
13 2287 3337
13 2287 3338
13 2287 3339
13 2287 3340
13 2287 3341
13 2287 3342
13 2287 3343
13 2287 3344
13 2287 3345
13 2287 3346
13 2287 3347
13 2287 3348
13 2287 3349
13 2287 3350
13 2287 3351
13 2287 3352
13 2287 3353
13 2287 3354
13 2287 3355
13 2287 3356
13 2287 3357
13 2287 3358
13 2287 3359
13 2287 3360
13 2287 3361
13 2287 3362
13 2287 3363
13 2287 3364
13 2287 3365
13 2287 3366
13 2287 3367
13 2287 3368
13 2287 3369
13 2288 3303
13 2288 3304
13 2288 3305
13 2288 3306
13 2288 3307
13 2288 3308
13 2288 3309
13 2288 3310
13 2288 3311
13 2288 3312
13 2288 3313
13 2288 3314
13 2288 3315
13 2288 3316
13 2288 3317
13 2288 3318
13 2288 3319
13 2288 3320
13 2288 3321
13 2288 3322
13 2288 3323
13 2288 3324
13 2288 3325
13 2288 3326
13 2288 3327
13 2288 3328
13 2288 3329
13 2288 3330
13 2288 3331
13 2288 3332
13 2288 3333
13 2288 3334
13 2288 3335
13 2288 3336
13 2288 3337
13 2288 3338
13 2288 3339
13 2288 3340
13 2288 3341
13 2288 3342
13 2288 3343
13 2288 3344
13 2288 3345
13 2288 3346
13 2288 3347
13 2288 3348
13 2288 3349
13 2288 3350
13 2288 3351
13 2288 3352
13 2288 3353
13 2288 3354
13 2288 3355
13 2288 3356
13 2288 3357
13 2288 3358
13 2288 3359
13 2288 3360
13 2288 3361
13 2288 3362
13 2288 3363
13 2288 3364
13 2288 3365
13 2288 3366
13 2288 3367
13 2288 3368
13 2288 3369
13 2289 3303
13 2289 3304
13 2289 3305
13 2289 3306
13 2289 3307
13 2289 3308
13 2289 3309
13 2289 3310
13 2289 3311
13 2289 3312
13 2289 3313
13 2289 3314
13 2289 3315
13 2289 3316
13 2289 3317
13 2289 3318
13 2289 3319
13 2289 3320
13 2289 3321
13 2289 3322
13 2289 3323
13 2289 3324
13 2289 3325
13 2289 3326
13 2289 3327
13 2289 3328
13 2289 3329
13 2289 3330
13 2289 3331
13 2289 3332
13 2289 3333
13 2289 3334
13 2289 3335
13 2289 3336
13 2289 3337
13 2289 3338
13 2289 3339
13 2289 3340
13 2289 3341
13 2289 3342
13 2289 3343
13 2289 3344
13 2289 3345
13 2289 3346
13 2289 3347
13 2289 3348
13 2289 3349
13 2289 3350
13 2289 3351
13 2289 3352
13 2289 3353
13 2289 3354
13 2289 3355
13 2289 3356
13 2289 3357
13 2289 3358
13 2289 3359
13 2289 3360
13 2289 3361
13 2289 3362
13 2289 3363
13 2289 3364
13 2289 3365
13 2289 3366
13 2289 3367
13 2289 3368
13 2289 3369
13 2290 3303
13 2290 3304
13 2290 3305
13 2290 3306
13 2290 3307
13 2290 3308
13 2290 3309
13 2290 3310
13 2290 3311
13 2290 3312
13 2290 3313
13 2290 3314
13 2290 3315
13 2290 3316
13 2290 3317
13 2290 3318
13 2290 3319
13 2290 3320
13 2290 3321
13 2290 3322
13 2290 3323
13 2290 3324
13 2290 3325
13 2290 3326
13 2290 3327
13 2290 3328
13 2290 3329
13 2290 3330
13 2290 3331
13 2290 3332
13 2290 3333
13 2290 3334
13 2290 3335
13 2290 3336
13 2290 3337
13 2290 3338
13 2290 3339
13 2290 3340
13 2290 3341
13 2290 3342
13 2290 3343
13 2290 3344
13 2290 3345
13 2290 3346
13 2290 3347
13 2290 3348
13 2290 3349
13 2290 3350
13 2290 3351
13 2290 3352
13 2290 3353
13 2290 3354
13 2290 3355
13 2290 3356
13 2290 3357
13 2290 3358
13 2290 3359
13 2290 3360
13 2290 3361
13 2290 3362
13 2290 3363
13 2290 3364
13 2290 3365
13 2290 3366
13 2290 3367
13 2290 3368
13 2290 3369
13 2291 3303
13 2291 3304
13 2291 3305
13 2291 3306
13 2291 3307
13 2291 3308
13 2291 3309
13 2291 3310
13 2291 3311
13 2291 3312
13 2291 3313
13 2291 3314
13 2291 3315
13 2291 3316
13 2291 3317
13 2291 3318
13 2291 3319
13 2291 3320
13 2291 3321
13 2291 3322
13 2291 3323
13 2291 3324
13 2291 3325
13 2291 3326
13 2291 3327
13 2291 3328
13 2291 3329
13 2291 3330
13 2291 3331
13 2291 3332
13 2291 3333
13 2291 3334
13 2291 3335
13 2291 3336
13 2291 3337
13 2291 3338
13 2291 3339
13 2291 3340
13 2291 3341
13 2291 3342
13 2291 3343
13 2291 3344
13 2291 3345
13 2291 3346
13 2291 3347
13 2291 3348
13 2291 3349
13 2291 3350
13 2291 3351
13 2291 3352
13 2291 3353
13 2291 3354
13 2291 3355
13 2291 3356
13 2291 3357
13 2291 3358
13 2291 3359
13 2291 3360
13 2291 3361
13 2291 3362
13 2291 3363
13 2291 3364
13 2291 3365
13 2291 3366
13 2291 3367
13 2291 3368
13 2291 3369
13 2292 3303
13 2292 3304
13 2292 3305
13 2292 3306
13 2292 3307
13 2292 3308
13 2292 3309
13 2292 3310
13 2292 3311
13 2292 3312
13 2292 3313
13 2292 3314
13 2292 3315
13 2292 3316
13 2292 3317
13 2292 3318
13 2292 3319
13 2292 3320
13 2292 3321
13 2292 3322
13 2292 3323
13 2292 3324
13 2292 3325
13 2292 3326
13 2292 3327
13 2292 3328
13 2292 3329
13 2292 3330
13 2292 3331
13 2292 3332
13 2292 3333
13 2292 3334
13 2292 3335
13 2292 3336
13 2292 3337
13 2292 3338
13 2292 3339
13 2292 3340
13 2292 3341
13 2292 3342
13 2292 3343
13 2292 3344
13 2292 3345
13 2292 3346
13 2292 3347
13 2292 3348
13 2292 3349
13 2292 3350
13 2292 3351
13 2292 3352
13 2292 3353
13 2292 3354
13 2292 3355
13 2292 3356
13 2292 3357
13 2292 3358
13 2292 3359
13 2292 3360
13 2292 3361
13 2292 3362
13 2292 3363
13 2292 3364
13 2292 3365
13 2292 3366
13 2292 3367
13 2292 3368
13 2292 3369
13 2293 3303
13 2293 3304
13 2293 3305
13 2293 3306
13 2293 3307
13 2293 3308
13 2293 3309
13 2293 3310
13 2293 3311
13 2293 3312
13 2293 3313
13 2293 3314
13 2293 3315
13 2293 3316
13 2293 3317
13 2293 3318
13 2293 3319
13 2293 3320
13 2293 3321
13 2293 3322
13 2293 3323
13 2293 3324
13 2293 3325
13 2293 3326
13 2293 3327
13 2293 3328
13 2293 3329
13 2293 3330
13 2293 3331
13 2293 3332
13 2293 3333
13 2293 3334
13 2293 3335
13 2293 3336
13 2293 3337
13 2293 3338
13 2293 3339
13 2293 3340
13 2293 3341
13 2293 3342
13 2293 3343
13 2293 3344
13 2293 3345
13 2293 3346
13 2293 3347
13 2293 3348
13 2293 3349
13 2293 3350
13 2293 3351
13 2293 3352
13 2293 3353
13 2293 3354
13 2293 3355
13 2293 3356
13 2293 3357
13 2293 3358
13 2293 3359
13 2293 3360
13 2293 3361
13 2293 3362
13 2293 3363
13 2293 3364
13 2293 3365
13 2293 3366
13 2293 3367
13 2293 3368
13 2293 3369
13 2294 3303
13 2294 3304
13 2294 3305
13 2294 3306
13 2294 3307
13 2294 3308
13 2294 3309
13 2294 3310
13 2294 3311
13 2294 3312
13 2294 3313
13 2294 3314
13 2294 3315
13 2294 3316
13 2294 3317
13 2294 3318
13 2294 3319
13 2294 3320
13 2294 3321
13 2294 3322
13 2294 3323
13 2294 3324
13 2294 3325
13 2294 3326
13 2294 3327
13 2294 3328
13 2294 3329
13 2294 3330
13 2294 3331
13 2294 3332
13 2294 3333
13 2294 3334
13 2294 3335
13 2294 3336
13 2294 3337
13 2294 3338
13 2294 3339
13 2294 3340
13 2294 3341
13 2294 3342
13 2294 3343
13 2294 3344
13 2294 3345
13 2294 3346
13 2294 3347
13 2294 3348
13 2294 3349
13 2294 3350
13 2294 3351
13 2294 3352
13 2294 3353
13 2294 3354
13 2294 3355
13 2294 3356
13 2294 3357
13 2294 3358
13 2294 3359
13 2294 3360
13 2294 3361
13 2294 3362
13 2294 3363
13 2294 3364
13 2294 3365
13 2294 3366
13 2294 3367
13 2294 3368
13 2294 3369
13 2295 3303
13 2295 3304
13 2295 3305
13 2295 3306
13 2295 3307
13 2295 3308
13 2295 3309
13 2295 3310
13 2295 3311
13 2295 3312
13 2295 3313
13 2295 3314
13 2295 3315
13 2295 3316
13 2295 3317
13 2295 3318
13 2295 3319
13 2295 3320
13 2295 3321
13 2295 3322
13 2295 3323
13 2295 3324
13 2295 3325
13 2295 3326
13 2295 3327
13 2295 3328
13 2295 3329
13 2295 3330
13 2295 3331
13 2295 3332
13 2295 3333
13 2295 3334
13 2295 3335
13 2295 3336
13 2295 3337
13 2295 3338
13 2295 3339
13 2295 3340
13 2295 3341
13 2295 3342
13 2295 3343
13 2295 3344
13 2295 3345
13 2295 3346
13 2295 3347
13 2295 3348
13 2295 3349
13 2295 3350
13 2295 3351
13 2295 3352
13 2295 3353
13 2295 3354
13 2295 3355
13 2295 3356
13 2295 3357
13 2295 3358
13 2295 3359
13 2295 3360
13 2295 3361
13 2295 3362
13 2295 3363
13 2295 3364
13 2295 3365
13 2295 3366
13 2295 3367
13 2295 3368
13 2295 3369
13 2296 3303
13 2296 3304
13 2296 3305
13 2296 3306
13 2296 3307
13 2296 3308
13 2296 3309
13 2296 3310
13 2296 3311
13 2296 3312
13 2296 3313
13 2296 3314
13 2296 3315
13 2296 3316
13 2296 3317
13 2296 3318
13 2296 3319
13 2296 3320
13 2296 3321
13 2296 3322
13 2296 3323
13 2296 3324
13 2296 3325
13 2296 3326
13 2296 3327
13 2296 3328
13 2296 3329
13 2296 3330
13 2296 3331
13 2296 3332
13 2296 3333
13 2296 3334
13 2296 3335
13 2296 3336
13 2296 3337
13 2296 3338
13 2296 3339
13 2296 3340
13 2296 3341
13 2296 3342
13 2296 3343
13 2296 3344
13 2296 3345
13 2296 3346
13 2296 3347
13 2296 3348
13 2296 3349
13 2296 3350
13 2296 3351
13 2296 3352
13 2296 3353
13 2296 3354
13 2296 3355
13 2296 3356
13 2296 3357
13 2296 3358
13 2296 3359
13 2296 3360
13 2296 3361
13 2296 3362
13 2296 3363
13 2296 3364
13 2296 3365
13 2296 3366
13 2296 3367
13 2296 3368
13 2296 3369
13 2297 3303
13 2297 3304
13 2297 3305
13 2297 3306
13 2297 3307
13 2297 3308
13 2297 3309
13 2297 3310
13 2297 3311
13 2297 3312
13 2297 3313
13 2297 3314
13 2297 3315
13 2297 3316
13 2297 3317
13 2297 3318
13 2297 3319
13 2297 3320
13 2297 3321
13 2297 3322
13 2297 3323
13 2297 3324
13 2297 3325
13 2297 3326
13 2297 3327
13 2297 3328
13 2297 3329
13 2297 3330
13 2297 3331
13 2297 3332
13 2297 3333
13 2297 3334
13 2297 3335
13 2297 3336
13 2297 3337
13 2297 3338
13 2297 3339
13 2297 3340
13 2297 3341
13 2297 3342
13 2297 3343
13 2297 3344
13 2297 3345
13 2297 3346
13 2297 3347
13 2297 3348
13 2297 3349
13 2297 3350
13 2297 3351
13 2297 3352
13 2297 3353
13 2297 3354
13 2297 3355
13 2297 3356
13 2297 3357
13 2297 3358
13 2297 3359
13 2297 3360
13 2297 3361
13 2297 3362
13 2297 3363
13 2297 3364
13 2297 3365
13 2297 3366
13 2297 3367
13 2297 3368
13 2297 3369
13 2298 3303
13 2298 3304
13 2298 3305
13 2298 3306
13 2298 3307
13 2298 3308
13 2298 3309
13 2298 3310
13 2298 3311
13 2298 3312
13 2298 3313
13 2298 3314
13 2298 3315
13 2298 3316
13 2298 3317
13 2298 3318
13 2298 3319
13 2298 3320
13 2298 3321
13 2298 3322
13 2298 3323
13 2298 3324
13 2298 3325
13 2298 3326
13 2298 3327
13 2298 3328
13 2298 3329
13 2298 3330
13 2298 3331
13 2298 3332
13 2298 3333
13 2298 3334
13 2298 3335
13 2298 3336
13 2298 3337
13 2298 3338
13 2298 3339
13 2298 3340
13 2298 3341
13 2298 3342
13 2298 3343
13 2298 3344
13 2298 3345
13 2298 3346
13 2298 3347
13 2298 3348
13 2298 3349
13 2298 3350
13 2298 3351
13 2298 3352
13 2298 3353
13 2298 3354
13 2298 3355
13 2298 3356
13 2298 3357
13 2298 3358
13 2298 3359
13 2298 3360
13 2298 3361
13 2298 3362
13 2298 3363
13 2298 3364
13 2298 3365
13 2298 3366
13 2298 3367
13 2298 3368
13 2298 3369
13 2299 3303
13 2299 3304
13 2299 3305
13 2299 3306
13 2299 3307
13 2299 3308
13 2299 3309
13 2299 3310
13 2299 3311
13 2299 3312
13 2299 3313
13 2299 3314
13 2299 3315
13 2299 3316
13 2299 3317
13 2299 3318
13 2299 3319
13 2299 3320
13 2299 3321
13 2299 3322
13 2299 3323
13 2299 3324
13 2299 3325
13 2299 3326
13 2299 3327
13 2299 3328
13 2299 3329
13 2299 3330
13 2299 3331
13 2299 3332
13 2299 3333
13 2299 3334
13 2299 3335
13 2299 3336
13 2299 3337
13 2299 3338
13 2299 3339
13 2299 3340
13 2299 3341
13 2299 3342
13 2299 3343
13 2299 3344
13 2299 3345
13 2299 3346
13 2299 3347
13 2299 3348
13 2299 3349
13 2299 3350
13 2299 3351
13 2299 3352
13 2299 3353
13 2299 3354
13 2299 3355
13 2299 3356
13 2299 3357
13 2299 3358
13 2299 3359
13 2299 3360
13 2299 3361
13 2299 3362
13 2299 3363
13 2299 3364
13 2299 3365
13 2299 3366
13 2299 3367
13 2299 3368
13 2299 3369
13 2300 3303
13 2300 3304
13 2300 3305
13 2300 3306
13 2300 3307
13 2300 3308
13 2300 3309
13 2300 3310
13 2300 3311
13 2300 3312
13 2300 3313
13 2300 3314
13 2300 3315
13 2300 3316
13 2300 3317
13 2300 3318
13 2300 3319
13 2300 3320
13 2300 3321
13 2300 3322
13 2300 3323
13 2300 3324
13 2300 3325
13 2300 3326
13 2300 3327
13 2300 3328
13 2300 3329
13 2300 3330
13 2300 3331
13 2300 3332
13 2300 3333
13 2300 3334
13 2300 3335
13 2300 3336
13 2300 3337
13 2300 3338
13 2300 3339
13 2300 3340
13 2300 3341
13 2300 3342
13 2300 3343
13 2300 3344
13 2300 3345
13 2300 3346
13 2300 3347
13 2300 3348
13 2300 3349
13 2300 3350
13 2300 3351
13 2300 3352
13 2300 3353
13 2300 3354
13 2300 3355
13 2300 3356
13 2300 3357
13 2300 3358
13 2300 3359
13 2300 3360
13 2300 3361
13 2300 3362
13 2300 3363
13 2300 3364
13 2300 3365
13 2300 3366
13 2300 3367
13 2300 3368
13 2300 3369
13 2301 3303
13 2301 3304
13 2301 3305
13 2301 3306
13 2301 3307
13 2301 3308
13 2301 3309
13 2301 3310
13 2301 3311
13 2301 3312
13 2301 3313
13 2301 3314
13 2301 3315
13 2301 3316
13 2301 3317
13 2301 3318
13 2301 3319
13 2301 3320
13 2301 3321
13 2301 3322
13 2301 3323
13 2301 3324
13 2301 3325
13 2301 3326
13 2301 3327
13 2301 3328
13 2301 3329
13 2301 3330
13 2301 3331
13 2301 3332
13 2301 3333
13 2301 3334
13 2301 3335
13 2301 3336
13 2301 3337
13 2301 3338
13 2301 3339
13 2301 3340
13 2301 3341
13 2301 3342
13 2301 3343
13 2301 3344
13 2301 3345
13 2301 3346
13 2301 3347
13 2301 3348
13 2301 3349
13 2301 3350
13 2301 3351
13 2301 3352
13 2301 3353
13 2301 3354
13 2301 3355
13 2301 3356
13 2301 3357
13 2301 3358
13 2301 3359
13 2301 3360
13 2301 3361
13 2301 3362
13 2301 3363
13 2301 3364
13 2301 3365
13 2301 3366
13 2301 3367
13 2301 3368
13 2301 3369
13 2302 3303
13 2302 3304
13 2302 3305
13 2302 3306
13 2302 3307
13 2302 3308
13 2302 3309
13 2302 3310
13 2302 3311
13 2302 3312
13 2302 3313
13 2302 3314
13 2302 3315
13 2302 3316
13 2302 3317
13 2302 3318
13 2302 3319
13 2302 3320
13 2302 3321
13 2302 3322
13 2302 3323
13 2302 3324
13 2302 3325
13 2302 3326
13 2302 3327
13 2302 3328
13 2302 3329
13 2302 3330
13 2302 3331
13 2302 3332
13 2302 3333
13 2302 3334
13 2302 3335
13 2302 3336
13 2302 3337
13 2302 3338
13 2302 3339
13 2302 3340
13 2302 3341
13 2302 3342
13 2302 3343
13 2302 3344
13 2302 3345
13 2302 3346
13 2302 3347
13 2302 3348
13 2302 3349
13 2302 3350
13 2302 3351
13 2302 3352
13 2302 3353
13 2302 3354
13 2302 3355
13 2302 3356
13 2302 3357
13 2302 3358
13 2302 3359
13 2302 3360
13 2302 3361
13 2302 3362
13 2302 3363
13 2302 3364
13 2302 3365
13 2302 3366
13 2302 3367
13 2302 3368
13 2302 3369
13 2303 3303
13 2303 3304
13 2303 3305
13 2303 3306
13 2303 3307
13 2303 3308
13 2303 3309
13 2303 3310
13 2303 3311
13 2303 3312
13 2303 3313
13 2303 3314
13 2303 3315
13 2303 3316
13 2303 3317
13 2303 3318
13 2303 3319
13 2303 3320
13 2303 3321
13 2303 3322
13 2303 3323
13 2303 3324
13 2303 3325
13 2303 3326
13 2303 3327
13 2303 3328
13 2303 3329
13 2303 3330
13 2303 3331
13 2303 3332
13 2303 3333
13 2303 3334
13 2303 3335
13 2303 3336
13 2303 3337
13 2303 3338
13 2303 3339
13 2303 3340
13 2303 3341
13 2303 3342
13 2303 3343
13 2303 3344
13 2303 3345
13 2303 3346
13 2303 3347
13 2303 3348
13 2303 3349
13 2303 3350
13 2303 3351
13 2303 3352
13 2303 3353
13 2303 3354
13 2303 3355
13 2303 3356
13 2303 3357
13 2303 3358
13 2303 3359
13 2303 3360
13 2303 3361
13 2303 3362
13 2303 3363
13 2303 3364
13 2303 3365
13 2303 3366
13 2303 3367
13 2303 3368
13 2303 3369
13 2304 3303
13 2304 3304
13 2304 3305
13 2304 3306
13 2304 3307
13 2304 3308
13 2304 3309
13 2304 3310
13 2304 3311
13 2304 3312
13 2304 3313
13 2304 3314
13 2304 3315
13 2304 3316
13 2304 3317
13 2304 3318
13 2304 3319
13 2304 3320
13 2304 3321
13 2304 3322
13 2304 3323
13 2304 3324
13 2304 3325
13 2304 3326
13 2304 3327
13 2304 3328
13 2304 3329
13 2304 3330
13 2304 3331
13 2304 3332
13 2304 3333
13 2304 3334
13 2304 3335
13 2304 3336
13 2304 3337
13 2304 3338
13 2304 3339
13 2304 3340
13 2304 3341
13 2304 3342
13 2304 3343
13 2304 3344
13 2304 3345
13 2304 3346
13 2304 3347
13 2304 3348
13 2304 3349
13 2304 3350
13 2304 3351
13 2304 3352
13 2304 3353
13 2304 3354
13 2304 3355
13 2304 3356
13 2304 3357
13 2304 3358
13 2304 3359
13 2304 3360
13 2304 3361
13 2304 3362
13 2304 3363
13 2304 3364
13 2304 3365
13 2304 3366
13 2304 3367
13 2304 3368
13 2304 3369
13 2305 3303
13 2305 3304
13 2305 3305
13 2305 3306
13 2305 3307
13 2305 3308
13 2305 3309
13 2305 3310
13 2305 3311
13 2305 3312
13 2305 3313
13 2305 3314
13 2305 3315
13 2305 3316
13 2305 3317
13 2305 3318
13 2305 3319
13 2305 3320
13 2305 3321
13 2305 3322
13 2305 3323
13 2305 3324
13 2305 3325
13 2305 3326
13 2305 3327
13 2305 3328
13 2305 3329
13 2305 3330
13 2305 3331
13 2305 3332
13 2305 3333
13 2305 3334
13 2305 3335
13 2305 3336
13 2305 3337
13 2305 3338
13 2305 3339
13 2305 3340
13 2305 3341
13 2305 3342
13 2305 3343
13 2305 3344
13 2305 3345
13 2305 3346
13 2305 3347
13 2305 3348
13 2305 3349
13 2305 3350
13 2305 3351
13 2305 3352
13 2305 3353
13 2305 3354
13 2305 3355
13 2305 3356
13 2305 3357
13 2305 3358
13 2305 3359
13 2305 3360
13 2305 3361
13 2305 3362
13 2305 3363
13 2305 3364
13 2305 3365
13 2305 3366
13 2305 3367
13 2305 3368
13 2305 3369
13 2306 3303
13 2306 3304
13 2306 3305
13 2306 3306
13 2306 3307
13 2306 3308
13 2306 3309
13 2306 3310
13 2306 3311
13 2306 3312
13 2306 3313
13 2306 3314
13 2306 3315
13 2306 3316
13 2306 3317
13 2306 3318
13 2306 3319
13 2306 3320
13 2306 3321
13 2306 3322
13 2306 3323
13 2306 3324
13 2306 3325
13 2306 3326
13 2306 3327
13 2306 3328
13 2306 3329
13 2306 3330
13 2306 3331
13 2306 3332
13 2306 3333
13 2306 3334
13 2306 3335
13 2306 3336
13 2306 3337
13 2306 3338
13 2306 3339
13 2306 3340
13 2306 3341
13 2306 3342
13 2306 3343
13 2306 3344
13 2306 3345
13 2306 3346
13 2306 3347
13 2306 3348
13 2306 3349
13 2306 3350
13 2306 3351
13 2306 3352
13 2306 3353
13 2306 3354
13 2306 3355
13 2306 3356
13 2306 3357
13 2306 3358
13 2306 3359
13 2306 3360
13 2306 3361
13 2306 3362
13 2306 3363
13 2306 3364
13 2306 3365
13 2306 3366
13 2306 3367
13 2306 3368
13 2306 3369
13 2307 3303
13 2307 3304
13 2307 3305
13 2307 3306
13 2307 3307
13 2307 3308
13 2307 3309
13 2307 3310
13 2307 3311
13 2307 3312
13 2307 3313
13 2307 3314
13 2307 3315
13 2307 3316
13 2307 3317
13 2307 3318
13 2307 3319
13 2307 3320
13 2307 3321
13 2307 3322
13 2307 3323
13 2307 3324
13 2307 3325
13 2307 3326
13 2307 3327
13 2307 3328
13 2307 3329
13 2307 3330
13 2307 3331
13 2307 3332
13 2307 3333
13 2307 3334
13 2307 3335
13 2307 3336
13 2307 3337
13 2307 3338
13 2307 3339
13 2307 3340
13 2307 3341
13 2307 3342
13 2307 3343
13 2307 3344
13 2307 3345
13 2307 3346
13 2307 3347
13 2307 3348
13 2307 3349
13 2307 3350
13 2307 3351
13 2307 3352
13 2307 3353
13 2307 3354
13 2307 3355
13 2307 3356
13 2307 3357
13 2307 3358
13 2307 3359
13 2307 3360
13 2307 3361
13 2307 3362
13 2307 3363
13 2307 3364
13 2307 3365
13 2307 3366
13 2307 3367
13 2307 3368
13 2307 3369
13 2308 3303
13 2308 3304
13 2308 3305
13 2308 3306
13 2308 3307
13 2308 3308
13 2308 3309
13 2308 3310
13 2308 3311
13 2308 3312
13 2308 3313
13 2308 3314
13 2308 3315
13 2308 3316
13 2308 3317
13 2308 3318
13 2308 3319
13 2308 3320
13 2308 3321
13 2308 3322
13 2308 3323
13 2308 3324
13 2308 3325
13 2308 3326
13 2308 3327
13 2308 3328
13 2308 3329
13 2308 3330
13 2308 3331
13 2308 3332
13 2308 3333
13 2308 3334
13 2308 3335
13 2308 3336
13 2308 3337
13 2308 3338
13 2308 3339
13 2308 3340
13 2308 3341
13 2308 3342
13 2308 3343
13 2308 3344
13 2308 3345
13 2308 3346
13 2308 3347
13 2308 3348
13 2308 3349
13 2308 3350
13 2308 3351
13 2308 3352
13 2308 3353
13 2308 3354
13 2308 3355
13 2308 3356
13 2308 3357
13 2308 3358
13 2308 3359
13 2308 3360
13 2308 3361
13 2308 3362
13 2308 3363
13 2308 3364
13 2308 3365
13 2308 3366
13 2308 3367
13 2308 3368
13 2308 3369
13 2309 3303
13 2309 3304
13 2309 3305
13 2309 3306
13 2309 3307
13 2309 3308
13 2309 3309
13 2309 3310
13 2309 3311
13 2309 3312
13 2309 3313
13 2309 3314
13 2309 3315
13 2309 3316
13 2309 3317
13 2309 3318
13 2309 3319
13 2309 3320
13 2309 3321
13 2309 3322
13 2309 3323
13 2309 3324
13 2309 3325
13 2309 3326
13 2309 3327
13 2309 3328
13 2309 3329
13 2309 3330
13 2309 3331
13 2309 3332
13 2309 3333
13 2309 3334
13 2309 3335
13 2309 3336
13 2309 3337
13 2309 3338
13 2309 3339
13 2309 3340
13 2309 3341
13 2309 3342
13 2309 3343
13 2309 3344
13 2309 3345
13 2309 3346
13 2309 3347
13 2309 3348
13 2309 3349
13 2309 3350
13 2309 3351
13 2309 3352
13 2309 3353
13 2309 3354
13 2309 3355
13 2309 3356
13 2309 3357
13 2309 3358
13 2309 3359
13 2309 3360
13 2309 3361
13 2309 3362
13 2309 3363
13 2309 3364
13 2309 3365
13 2309 3366
13 2309 3367
13 2309 3368
13 2309 3369
13 2310 3303
13 2310 3304
13 2310 3305
13 2310 3306
13 2310 3307
13 2310 3308
13 2310 3309
13 2310 3310
13 2310 3311
13 2310 3312
13 2310 3313
13 2310 3314
13 2310 3315
13 2310 3316
13 2310 3317
13 2310 3318
13 2310 3319
13 2310 3320
13 2310 3321
13 2310 3322
13 2310 3323
13 2310 3324
13 2310 3325
13 2310 3326
13 2310 3327
13 2310 3328
13 2310 3329
13 2310 3330
13 2310 3331
13 2310 3332
13 2310 3333
13 2310 3334
13 2310 3335
13 2310 3336
13 2310 3337
13 2310 3338
13 2310 3339
13 2310 3340
13 2310 3341
13 2310 3342
13 2310 3343
13 2310 3344
13 2310 3345
13 2310 3346
13 2310 3347
13 2310 3348
13 2310 3349
13 2310 3350
13 2310 3351
13 2310 3352
13 2310 3353
13 2310 3354
13 2310 3355
13 2310 3356
13 2310 3357
13 2310 3358
13 2310 3359
13 2310 3360
13 2310 3361
13 2310 3362
13 2310 3363
13 2310 3364
13 2310 3365
13 2310 3366
13 2310 3367
13 2310 3368
13 2310 3369
13 2311 3303
13 2311 3304
13 2311 3305
13 2311 3306
13 2311 3307
13 2311 3308
13 2311 3309
13 2311 3310
13 2311 3311
13 2311 3312
13 2311 3313
13 2311 3314
13 2311 3315
13 2311 3316
13 2311 3317
13 2311 3318
13 2311 3319
13 2311 3320
13 2311 3321
13 2311 3322
13 2311 3323
13 2311 3324
13 2311 3325
13 2311 3326
13 2311 3327
13 2311 3328
13 2311 3329
13 2311 3330
13 2311 3331
13 2311 3332
13 2311 3333
13 2311 3334
13 2311 3335
13 2311 3336
13 2311 3337
13 2311 3338
13 2311 3339
13 2311 3340
13 2311 3341
13 2311 3342
13 2311 3343
13 2311 3344
13 2311 3345
13 2311 3346
13 2311 3347
13 2311 3348
13 2311 3349
13 2311 3350
13 2311 3351
13 2311 3352
13 2311 3353
13 2311 3354
13 2311 3355
13 2311 3356
13 2311 3357
13 2311 3358
13 2311 3359
13 2311 3360
13 2311 3361
13 2311 3362
13 2311 3363
13 2311 3364
13 2311 3365
13 2311 3366
13 2311 3367
13 2311 3368
13 2311 3369
13 2312 3303
13 2312 3304
13 2312 3305
13 2312 3306
13 2312 3307
13 2312 3308
13 2312 3309
13 2312 3310
13 2312 3311
13 2312 3312
13 2312 3313
13 2312 3314
13 2312 3315
13 2312 3316
13 2312 3317
13 2312 3318
13 2312 3319
13 2312 3320
13 2312 3321
13 2312 3322
13 2312 3323
13 2312 3324
13 2312 3325
13 2312 3326
13 2312 3327
13 2312 3328
13 2312 3329
13 2312 3330
13 2312 3331
13 2312 3332
13 2312 3333
13 2312 3334
13 2312 3335
13 2312 3336
13 2312 3337
13 2312 3338
13 2312 3339
13 2312 3340
13 2312 3341
13 2312 3342
13 2312 3343
13 2312 3344
13 2312 3345
13 2312 3346
13 2312 3347
13 2312 3348
13 2312 3349
13 2312 3350
13 2312 3351
13 2312 3352
13 2312 3353
13 2312 3354
13 2312 3355
13 2312 3356
13 2312 3357
13 2312 3358
13 2312 3359
13 2312 3360
13 2312 3361
13 2312 3362
13 2312 3363
13 2312 3364
13 2312 3365
13 2312 3366
13 2312 3367
13 2312 3368
13 2312 3369
13 2313 3303
13 2313 3304
13 2313 3305
13 2313 3306
13 2313 3307
13 2313 3308
13 2313 3309
13 2313 3310
13 2313 3311
13 2313 3312
13 2313 3313
13 2313 3314
13 2313 3315
13 2313 3316
13 2313 3317
13 2313 3318
13 2313 3319
13 2313 3320
13 2313 3321
13 2313 3322
13 2313 3323
13 2313 3324
13 2313 3325
13 2313 3326
13 2313 3327
13 2313 3328
13 2313 3329
13 2313 3330
13 2313 3331
13 2313 3332
13 2313 3333
13 2313 3334
13 2313 3335
13 2313 3336
13 2313 3337
13 2313 3338
13 2313 3339
13 2313 3340
13 2313 3341
13 2313 3342
13 2313 3343
13 2313 3344
13 2313 3345
13 2313 3346
13 2313 3347
13 2313 3348
13 2313 3349
13 2313 3350
13 2313 3351
13 2313 3352
13 2313 3353
13 2313 3354
13 2313 3355
13 2313 3356
13 2313 3357
13 2313 3358
13 2313 3359
13 2313 3360
13 2313 3361
13 2313 3362
13 2313 3363
13 2313 3364
13 2313 3365
13 2313 3366
13 2313 3367
13 2313 3368
13 2313 3369
13 2314 3303
13 2314 3304
13 2314 3305
13 2314 3306
13 2314 3307
13 2314 3308
13 2314 3309
13 2314 3310
13 2314 3311
13 2314 3312
13 2314 3313
13 2314 3314
13 2314 3315
13 2314 3316
13 2314 3317
13 2314 3318
13 2314 3319
13 2314 3320
13 2314 3321
13 2314 3322
13 2314 3323
13 2314 3324
13 2314 3325
13 2314 3326
13 2314 3327
13 2314 3328
13 2314 3329
13 2314 3330
13 2314 3331
13 2314 3332
13 2314 3333
13 2314 3334
13 2314 3335
13 2314 3336
13 2314 3337
13 2314 3338
13 2314 3339
13 2314 3340
13 2314 3341
13 2314 3342
13 2314 3343
13 2314 3344
13 2314 3345
13 2314 3346
13 2314 3347
13 2314 3348
13 2314 3349
13 2314 3350
13 2314 3351
13 2314 3352
13 2314 3353
13 2314 3354
13 2314 3355
13 2314 3356
13 2314 3357
13 2314 3358
13 2314 3359
13 2314 3360
13 2314 3361
13 2314 3362
13 2314 3363
13 2314 3364
13 2314 3365
13 2314 3366
13 2314 3367
13 2314 3368
13 2314 3369
13 2315 3303
13 2315 3304
13 2315 3305
13 2315 3306
13 2315 3307
13 2315 3308
13 2315 3309
13 2315 3310
13 2315 3311
13 2315 3312
13 2315 3313
13 2315 3314
13 2315 3315
13 2315 3316
13 2315 3317
13 2315 3318
13 2315 3319
13 2315 3320
13 2315 3321
13 2315 3322
13 2315 3323
13 2315 3324
13 2315 3325
13 2315 3326
13 2315 3327
13 2315 3328
13 2315 3329
13 2315 3330
13 2315 3331
13 2315 3332
13 2315 3333
13 2315 3334
13 2315 3335
13 2315 3336
13 2315 3337
13 2315 3338
13 2315 3339
13 2315 3340
13 2315 3341
13 2315 3342
13 2315 3343
13 2315 3344
13 2315 3345
13 2315 3346
13 2315 3347
13 2315 3348
13 2315 3349
13 2315 3350
13 2315 3351
13 2315 3352
13 2315 3353
13 2315 3354
13 2315 3355
13 2315 3356
13 2315 3357
13 2315 3358
13 2315 3359
13 2315 3360
13 2315 3361
13 2315 3362
13 2315 3363
13 2315 3364
13 2315 3365
13 2315 3366
13 2315 3367
13 2315 3368
13 2315 3369
13 2316 3303
13 2316 3304
13 2316 3305
13 2316 3306
13 2316 3307
13 2316 3308
13 2316 3309
13 2316 3310
13 2316 3311
13 2316 3312
13 2316 3313
13 2316 3314
13 2316 3315
13 2316 3316
13 2316 3317
13 2316 3318
13 2316 3319
13 2316 3320
13 2316 3321
13 2316 3322
13 2316 3323
13 2316 3324
13 2316 3325
13 2316 3326
13 2316 3327
13 2316 3328
13 2316 3329
13 2316 3330
13 2316 3331
13 2316 3332
13 2316 3333
13 2316 3334
13 2316 3335
13 2316 3336
13 2316 3337
13 2316 3338
13 2316 3339
13 2316 3340
13 2316 3341
13 2316 3342
13 2316 3343
13 2316 3344
13 2316 3345
13 2316 3346
13 2316 3347
13 2316 3348
13 2316 3349
13 2316 3350
13 2316 3351
13 2316 3352
13 2316 3353
13 2316 3354
13 2316 3355
13 2316 3356
13 2316 3357
13 2316 3358
13 2316 3359
13 2316 3360
13 2316 3361
13 2316 3362
13 2316 3363
13 2316 3364
13 2316 3365
13 2316 3366
13 2316 3367
13 2316 3368
13 2316 3369
13 2317 3303
13 2317 3304
13 2317 3305
13 2317 3306
13 2317 3307
13 2317 3308
13 2317 3309
13 2317 3310
13 2317 3311
13 2317 3312
13 2317 3313
13 2317 3314
13 2317 3315
13 2317 3316
13 2317 3317
13 2317 3318
13 2317 3319
13 2317 3320
13 2317 3321
13 2317 3322
13 2317 3323
13 2317 3324
13 2317 3325
13 2317 3326
13 2317 3327
13 2317 3328
13 2317 3329
13 2317 3330
13 2317 3331
13 2317 3332
13 2317 3333
13 2317 3334
13 2317 3335
13 2317 3336
13 2317 3337
13 2317 3338
13 2317 3339
13 2317 3340
13 2317 3341
13 2317 3342
13 2317 3343
13 2317 3344
13 2317 3345
13 2317 3346
13 2317 3347
13 2317 3348
13 2317 3349
13 2317 3350
13 2317 3351
13 2317 3352
13 2317 3353
13 2317 3354
13 2317 3355
13 2317 3356
13 2317 3357
13 2317 3358
13 2317 3359
13 2317 3360
13 2317 3361
13 2317 3362
13 2317 3363
13 2317 3364
13 2317 3365
13 2317 3366
13 2317 3367
13 2317 3368
13 2317 3369
13 2318 3303
13 2318 3304
13 2318 3305
13 2318 3306
13 2318 3307
13 2318 3308
13 2318 3309
13 2318 3310
13 2318 3311
13 2318 3312
13 2318 3313
13 2318 3314
13 2318 3315
13 2318 3316
13 2318 3317
13 2318 3318
13 2318 3319
13 2318 3320
13 2318 3321
13 2318 3322
13 2318 3323
13 2318 3324
13 2318 3325
13 2318 3326
13 2318 3327
13 2318 3328
13 2318 3329
13 2318 3330
13 2318 3331
13 2318 3332
13 2318 3333
13 2318 3334
13 2318 3335
13 2318 3336
13 2318 3337
13 2318 3338
13 2318 3339
13 2318 3340
13 2318 3341
13 2318 3342
13 2318 3343
13 2318 3344
13 2318 3345
13 2318 3346
13 2318 3347
13 2318 3348
13 2318 3349
13 2318 3350
13 2318 3351
13 2318 3352
13 2318 3353
13 2318 3354
13 2318 3355
13 2318 3356
13 2318 3357
13 2318 3358
13 2318 3359
13 2318 3360
13 2318 3361
13 2318 3362
13 2318 3363
13 2318 3364
13 2318 3365
13 2318 3366
13 2318 3367
13 2318 3368
13 2318 3369
13 2319 3303
13 2319 3304
13 2319 3305
13 2319 3306
13 2319 3307
13 2319 3308
13 2319 3309
13 2319 3310
13 2319 3311
13 2319 3312
13 2319 3313
13 2319 3314
13 2319 3315
13 2319 3316
13 2319 3317
13 2319 3318
13 2319 3319
13 2319 3320
13 2319 3321
13 2319 3322
13 2319 3323
13 2319 3324
13 2319 3325
13 2319 3326
13 2319 3327
13 2319 3328
13 2319 3329
13 2319 3330
13 2319 3331
13 2319 3332
13 2319 3333
13 2319 3334
13 2319 3335
13 2319 3336
13 2319 3337
13 2319 3338
13 2319 3339
13 2319 3340
13 2319 3341
13 2319 3342
13 2319 3343
13 2319 3344
13 2319 3345
13 2319 3346
13 2319 3347
13 2319 3348
13 2319 3349
13 2319 3350
13 2319 3351
13 2319 3352
13 2319 3353
13 2319 3354
13 2319 3355
13 2319 3356
13 2319 3357
13 2319 3358
13 2319 3359
13 2319 3360
13 2319 3361
13 2319 3362
13 2319 3363
13 2319 3364
13 2319 3365
13 2319 3366
13 2319 3367
13 2319 3368
13 2319 3369
13 2320 3303
13 2320 3304
13 2320 3305
13 2320 3306
13 2320 3307
13 2320 3308
13 2320 3309
13 2320 3310
13 2320 3311
13 2320 3312
13 2320 3313
13 2320 3314
13 2320 3315
13 2320 3316
13 2320 3317
13 2320 3318
13 2320 3319
13 2320 3320
13 2320 3321
13 2320 3322
13 2320 3323
13 2320 3324
13 2320 3325
13 2320 3326
13 2320 3327
13 2320 3328
13 2320 3329
13 2320 3330
13 2320 3331
13 2320 3332
13 2320 3333
13 2320 3334
13 2320 3335
13 2320 3336
13 2320 3337
13 2320 3338
13 2320 3339
13 2320 3340
13 2320 3341
13 2320 3342
13 2320 3343
13 2320 3344
13 2320 3345
13 2320 3346
13 2320 3347
13 2320 3348
13 2320 3349
13 2320 3350
13 2320 3351
13 2320 3352
13 2320 3353
13 2320 3354
13 2320 3355
13 2320 3356
13 2320 3357
13 2320 3358
13 2320 3359
13 2320 3360
13 2320 3361
13 2320 3362
13 2320 3363
13 2320 3364
13 2320 3365
13 2320 3366
13 2320 3367
13 2320 3368
13 2320 3369
13 2321 3303
13 2321 3304
13 2321 3305
13 2321 3306
13 2321 3307
13 2321 3308
13 2321 3309
13 2321 3310
13 2321 3311
13 2321 3312
13 2321 3313
13 2321 3314
13 2321 3315
13 2321 3316
13 2321 3317
13 2321 3318
13 2321 3319
13 2321 3320
13 2321 3321
13 2321 3322
13 2321 3323
13 2321 3324
13 2321 3325
13 2321 3326
13 2321 3327
13 2321 3328
13 2321 3329
13 2321 3330
13 2321 3331
13 2321 3332
13 2321 3333
13 2321 3334
13 2321 3335
13 2321 3336
13 2321 3337
13 2321 3338
13 2321 3339
13 2321 3340
13 2321 3341
13 2321 3342
13 2321 3343
13 2321 3344
13 2321 3345
13 2321 3346
13 2321 3347
13 2321 3348
13 2321 3349
13 2321 3350
13 2321 3351
13 2321 3352
13 2321 3353
13 2321 3354
13 2321 3355
13 2321 3356
13 2321 3357
13 2321 3358
13 2321 3359
13 2321 3360
13 2321 3361
13 2321 3362
13 2321 3363
13 2321 3364
13 2321 3365
13 2321 3366
13 2321 3367
13 2321 3368
13 2321 3369
