12 1125 1755
12 1125 1755
12 1126 1755
12 1126 1755
12 1127 1755
12 1127 1755
12 1128 1755
12 1128 1755
13 2250 3510
13 2250 3510
13 2251 3510
13 2251 3510
13 2252 3510
13 2252 3510
13 2253 3510
13 2253 3510
13 2254 3510
13 2254 3510
13 2255 3510
13 2255 3510
13 2256 3510
13 2256 3510
13 2257 3510
13 2257 3510
14 4501 7020
15 9002 14040
15 9031 14013
15 9031 14014
15 9031 14015
15 9031 14016
15 9031 14017
15 9031 14018
15 9031 14019
15 9031 14020
15 9031 14021
15 9031 14022
15 9031 14023
15 9031 14024
15 9031 14025
15 9031 14026
15 9031 14027
15 9031 14028
15 9031 14029
15 9031 14030
15 9031 14031
15 9031 14032
15 9031 14033
15 9031 14034
15 9031 14035
15 9031 14036
15 9031 14037
15 9031 14038
15 9031 14039
16 18004 28026
16 18004 28027
16 18004 28028
16 18004 28029
16 18004 28030
16 18004 28031
16 18004 28032
16 18004 28033
16 18004 28034
16 18004 28035
16 18004 28036
16 18004 28037
16 18004 28038
16 18004 28039
16 18004 28040
16 18004 28041
16 18004 28042
16 18004 28043
16 18004 28044
16 18004 28045
16 18004 28046
16 18004 28047
16 18004 28048
16 18004 28049
16 18004 28050
16 18004 28051
16 18004 28052
16 18004 28053
16 18004 28054
16 18004 28055
16 18004 28056
16 18004 28057
16 18004 28058
16 18004 28059
16 18004 28060
16 18004 28061
16 18004 28062
16 18004 28063
16 18004 28064
16 18004 28065
16 18004 28066
16 18004 28067
16 18004 28068
16 18004 28069
16 18004 28070
16 18004 28071
16 18004 28072
16 18004 28073
16 18004 28074
16 18004 28075
16 18004 28076
16 18004 28077
16 18004 28078
16 18004 28079
16 18004 28080
16 18006 28041
16 18007 28048
16 18010 28036
16 18015 28049
16 18019 28031
16 18021 28028
16 18029 28031
16 18029 28038
16 18031 28066
16 18032 28038
16 18033 28030
16 18033 28037
16 18034 28030
16 18034 28037
16 18035 28036
16 18035 28049
16 18036 28033
16 18036 28045
16 18038 28035
16 18038 28043
16 18039 28042
16 18040 28028
16 18040 28036
16 18043 28031
16 18043 28045
16 18043 28053
16 18045 28057
16 18047 28059
16 18049 28043
16 18052 28045
16 18057 28027
16 18057 28029
16 18057 28042
16 18061 28030
16 18061 28077
17 36008 56052
17 36008 56053
17 36008 56054
17 36008 56055
17 36008 56056
17 36008 56057
17 36008 56058
17 36008 56059
17 36008 56060
17 36008 56061
17 36008 56062
17 36008 56063
17 36008 56064
17 36008 56065
17 36008 56066
17 36008 56067
17 36008 56068
17 36008 56069
17 36008 56070
17 36008 56071
17 36008 56072
17 36008 56073
17 36008 56074
17 36008 56075
17 36008 56076
17 36008 56077
17 36008 56078
17 36008 56079
17 36008 56080
17 36008 56081
17 36008 56082
17 36008 56083
17 36008 56084
17 36008 56085
17 36008 56086
17 36008 56087
17 36008 56088
17 36008 56089
17 36008 56090
17 36008 56091
17 36008 56092
17 36008 56093
17 36008 56094
17 36008 56095
17 36008 56096
17 36008 56097
17 36008 56098
17 36008 56099
17 36008 56100
17 36008 56101
17 36008 56102
17 36008 56103
17 36008 56104
17 36008 56105
17 36008 56106
17 36008 56107
17 36008 56108
17 36008 56109
17 36008 56110
17 36008 56111
17 36008 56112
17 36008 56113
17 36008 56114
17 36008 56115
17 36008 56116
17 36008 56117
17 36008 56118
17 36008 56119
17 36008 56120
17 36008 56121
17 36008 56122
17 36008 56123
17 36008 56124
17 36008 56125
17 36008 56126
17 36008 56127
17 36008 56128
17 36008 56129
17 36008 56130
17 36008 56131
17 36008 56132
17 36008 56133
17 36008 56134
17 36008 56135
17 36008 56136
17 36008 56137
17 36008 56138
17 36008 56139
17 36008 56140
17 36008 56141
17 36008 56142
17 36008 56143
17 36008 56144
17 36008 56145
17 36008 56146
17 36008 56147
17 36008 56148
17 36008 56149
17 36008 56150
17 36008 56151
17 36008 56152
17 36008 56153
17 36008 56154
17 36008 56155
17 36008 56156
17 36008 56157
17 36008 56158
17 36008 56159
17 36008 56160
18 72016 112105
3 2 3
4 4 6
4 4 6
5 8 13
5 8 13
6 17 27
6 17 27
7 35 54
7 35 54
