12 1127 1755
12 1127 1755
12 1127 1756
12 1127 1756
12 1127 1757
12 1127 1757
12 1127 1758
12 1127 1758
12 1127 1759
12 1127 1759
13 2254 3511
13 2254 3511
13 2254 3512
13 2254 3512
13 2254 3513
13 2254 3513
13 2254 3514
13 2254 3514
13 2254 3515
13 2254 3515
13 2254 3516
13 2254 3516
13 2254 3517
13 2254 3517
13 2254 3518
13 2254 3518
14 4508 7023
14 4508 7024
14 4508 7025
14 4508 7026
14 4508 7027
14 4508 7028
14 4508 7029
14 4508 7030
14 4508 7031
14 4508 7032
14 4508 7033
14 4508 7034
14 4508 7035
14 4508 7036
15 9016 14047
15 9016 14048
15 9016 14049
15 9016 14050
15 9016 14051
15 9016 14052
15 9016 14053
15 9016 14054
15 9016 14055
15 9016 14056
15 9016 14057
15 9016 14058
15 9016 14059
15 9016 14060
15 9016 14061
15 9016 14062
15 9016 14063
15 9016 14064
15 9016 14065
15 9016 14066
15 9016 14067
15 9016 14068
15 9016 14069
15 9016 14070
15 9016 14071
15 9016 14072
15 9016 14073
16 17972 28094
16 17974 28132
16 17977 28113
16 17979 28116
16 17983 28113
16 17994 28102
16 17998 28118
16 18001 28122
16 18004 28125
16 18005 28123
16 18005 28138
16 18006 28123
16 18008 28127
16 18009 28132
16 18019 28118
16 18021 28114
16 18021 28119
16 18023 28095
16 18024 28113
16 18024 28118
16 18025 28116
16 18026 28115
16 18028 28097
16 18029 28108
16 18030 28112
16 18030 28130
16 18031 28126
17 35945 56188
18 71890 112376
3 2 3
4 4 6
4 4 6
5 8 13
5 8 13
6 17 27
6 17 27
7 35 54
7 35 54
