10 258 423
10 259 423
10 260 420
10 260 423
10 261 420
10 261 421
10 261 422
11 520 841
11 521 841
11 522 841
11 522 842
12 1033 1683
12 1033 1683
12 1033 1684
12 1033 1684
12 1033 1685
12 1033 1685
12 1033 1686
12 1033 1686
12 1033 1687
12 1033 1687
12 1033 1688
12 1033 1688
12 1033 1689
12 1033 1689
12 1033 1690
12 1033 1690
12 1034 1683
12 1034 1683
12 1035 1683
12 1035 1683
12 1036 1683
12 1036 1683
12 1037 1683
12 1037 1683
12 1038 1683
12 1038 1683
12 1039 1683
12 1039 1683
12 1040 1683
12 1040 1683
12 1041 1683
12 1041 1683
12 1042 1683
12 1042 1683
12 1043 1683
12 1043 1683
12 1044 1683
12 1044 1683
12 1044 1684
12 1044 1684
12 1044 1685
12 1044 1685
12 1044 1686
12 1044 1686
12 1044 1687
12 1044 1687
12 1044 1688
12 1044 1688
12 1044 1689
12 1044 1689
12 1044 1690
12 1044 1690
13 2067 3366
13 2067 3366
13 2067 3367
13 2067 3367
13 2067 3368
13 2067 3368
13 2067 3369
13 2067 3369
13 2067 3370
13 2067 3370
13 2067 3371
13 2067 3371
13 2067 3372
13 2067 3372
13 2067 3373
13 2067 3373
13 2067 3374
13 2067 3374
13 2067 3375
13 2067 3375
13 2067 3376
13 2067 3376
13 2067 3377
13 2067 3377
13 2067 3378
13 2067 3378
13 2067 3379
13 2067 3379
13 2067 3380
13 2067 3380
13 2067 3381
13 2067 3381
13 2068 3366
13 2068 3366
13 2068 3367
13 2068 3367
13 2068 3381
13 2068 3381
13 2069 3366
13 2069 3366
13 2069 3367
13 2069 3367
13 2069 3381
13 2069 3381
13 2070 3366
13 2070 3366
13 2070 3367
13 2070 3367
13 2070 3381
13 2070 3381
13 2071 3366
13 2071 3366
13 2071 3367
13 2071 3367
13 2071 3381
13 2071 3381
13 2072 3366
13 2072 3366
13 2072 3367
13 2072 3367
13 2072 3381
13 2072 3381
13 2073 3366
13 2073 3366
13 2073 3367
13 2073 3367
13 2073 3381
13 2073 3381
13 2074 3366
13 2074 3366
13 2074 3367
13 2074 3367
13 2074 3381
13 2074 3381
13 2075 3366
13 2075 3366
13 2075 3367
13 2075 3367
13 2075 3381
13 2075 3381
13 2076 3366
13 2076 3366
13 2076 3367
13 2076 3367
13 2076 3381
13 2076 3381
13 2077 3366
13 2077 3366
13 2077 3367
13 2077 3367
13 2077 3381
13 2077 3381
13 2078 3366
13 2078 3366
13 2078 3367
13 2078 3367
13 2078 3381
13 2078 3381
13 2079 3366
13 2079 3366
13 2079 3367
13 2079 3367
13 2079 3381
13 2079 3381
13 2080 3366
13 2080 3366
13 2080 3367
13 2080 3367
13 2080 3381
13 2080 3381
13 2081 3366
13 2081 3366
13 2081 3367
13 2081 3367
13 2081 3381
13 2081 3381
13 2082 3366
13 2082 3366
13 2082 3367
13 2082 3367
13 2082 3381
13 2082 3381
13 2083 3366
13 2083 3366
13 2083 3367
13 2083 3367
13 2083 3381
13 2083 3381
13 2084 3366
13 2084 3366
13 2084 3367
13 2084 3367
13 2084 3381
13 2084 3381
13 2085 3366
13 2085 3366
13 2085 3367
13 2085 3367
13 2085 3381
13 2085 3381
13 2086 3366
13 2086 3366
13 2086 3367
13 2086 3367
13 2086 3381
13 2086 3381
13 2087 3366
13 2087 3366
13 2087 3367
13 2087 3367
13 2087 3381
13 2087 3381
13 2088 3366
13 2088 3366
13 2088 3367
13 2088 3367
13 2088 3368
13 2088 3368
13 2088 3369
13 2088 3369
13 2088 3370
13 2088 3370
13 2088 3371
13 2088 3371
13 2088 3372
13 2088 3372
13 2088 3373
13 2088 3373
13 2088 3374
13 2088 3374
13 2088 3375
13 2088 3375
13 2088 3376
13 2088 3376
13 2088 3377
13 2088 3377
13 2088 3378
13 2088 3378
13 2088 3379
13 2088 3379
13 2088 3380
13 2088 3380
13 2088 3381
13 2088 3381
14 4135 6732
14 4167 6734
14 4169 6733
14 4169 6734
14 4170 6734
14 4171 6733
14 4171 6734
14 4172 6733
14 4173 6734
14 4174 6733
14 4175 6733
14 4176 6735
14 4176 6739
15 8334 13468
15 8334 13469
15 8338 13466
15 8338 13468
15 8339 13466
15 8339 13467
15 8339 13469
15 8341 13469
15 8342 13469
15 8343 13466
15 8343 13468
15 8344 13467
15 8347 13468
15 8349 13466
15 8350 13466
15 8350 13472
15 8352 13471
15 8352 13478
15 8352 13479
16 16570 26947
16 16668 26936
16 16668 26938
16 16676 26959
16 16676 26964
16 16677 26932
16 16677 26936
16 16677 26958
16 16678 26933
16 16678 26935
16 16678 26954
16 16679 26938
16 16680 26956
16 16680 26957
16 16682 26953
16 16683 26939
16 16683 26953
16 16684 26958
16 16685 26938
16 16685 26954
16 16685 26956
16 16686 26937
16 16686 26953
16 16687 26933
16 16688 26934
16 16688 26953
16 16688 26990
16 16690 26958
16 16690 26960
16 16693 26951
16 16694 26936
16 16694 26956
16 16694 26960
16 16696 26957
16 16698 26932
16 16699 26968
16 16700 26945
16 16701 26932
16 16701 26956
16 16701 26966
16 16702 26953
16 16702 26964
16 16703 26952
16 16704 26943
16 16704 26957
16 16704 26959
3 2 3
4 4 6
4 4 6
5 8 13
5 8 13
6 16 26
6 16 26
7 32 52
7 32 52
