13 2391 3133
13 2391 3133
13 2392 3133
13 2392 3133
14 4782 6266
15 9564 12526
15 9564 12532
15 9565 12526
15 9566 12526
15 9568 12526
15 9569 12526
16 19129 25053
16 19129 25064
16 19131 25053
16 19132 25053
16 19137 25053
16 19139 25053
17 38258 50106
17 38258 50107
17 38258 50108
17 38258 50109
17 38258 50110
17 38258 50111
17 38258 50112
17 38258 50113
17 38258 50114
17 38258 50115
17 38258 50116
17 38258 50117
17 38258 50118
17 38258 50119
17 38258 50120
17 38258 50121
17 38258 50122
17 38258 50123
17 38258 50124
17 38258 50125
17 38258 50126
17 38258 50127
17 38258 50128
17 38258 50129
17 38259 50108
17 38262 50107
17 38264 50107
17 38271 50108
17 38274 50107
17 38274 50108
17 38277 50108
17 38279 50107
18 76517 100213
18 76517 100214
18 76517 100215
18 76517 100216
18 76517 100217
18 76517 100218
18 76517 100219
18 76517 100220
18 76517 100221
18 76517 100222
18 76517 100223
18 76517 100224
18 76517 100225
18 76517 100226
18 76517 100227
18 76517 100228
18 76517 100229
18 76517 100230
18 76517 100231
18 76517 100232
18 76517 100233
18 76517 100234
18 76517 100235
18 76517 100236
18 76517 100237
18 76517 100238
18 76517 100239
18 76517 100240
18 76517 100241
18 76517 100242
18 76517 100243
18 76517 100244
18 76517 100245
18 76517 100246
18 76517 100247
18 76517 100248
18 76517 100249
18 76517 100250
18 76517 100251
18 76517 100252
18 76517 100253
18 76517 100254
18 76517 100255
18 76517 100256
18 76517 100257
18 76517 100258
3 2 3
4 4 6
4 4 6
5 9 12
5 9 12
6 18 24
6 18 24
7 37 48
7 37 48
8 74 97
8 74 97
9 149 195
9 149 195
