11 560 840
12 1121 1681
12 1121 1681
12 1121 1682
12 1121 1682
12 1122 1681
12 1122 1681
12 1122 1682
12 1122 1682
12 1123 1681
12 1123 1681
12 1123 1682
12 1123 1682
12 1124 1681
12 1124 1681
12 1124 1682
12 1124 1682
12 1125 1681
12 1125 1681
12 1125 1682
12 1125 1682
13 2242 3362
13 2242 3362
13 2242 3363
13 2242 3363
13 2242 3364
13 2242 3364
13 2242 3365
13 2242 3365
13 2242 3373
13 2242 3373
13 2243 3362
13 2243 3362
13 2243 3363
13 2243 3363
13 2243 3364
13 2243 3364
13 2243 3365
13 2243 3365
13 2243 3373
13 2243 3373
13 2244 3362
13 2244 3362
13 2244 3363
13 2244 3363
13 2244 3364
13 2244 3364
13 2244 3365
13 2244 3365
13 2244 3373
13 2244 3373
13 2245 3362
13 2245 3362
13 2245 3363
13 2245 3363
13 2245 3364
13 2245 3364
13 2245 3365
13 2245 3365
13 2245 3373
13 2245 3373
13 2246 3362
13 2246 3362
13 2246 3363
13 2246 3363
13 2246 3364
13 2246 3364
13 2246 3365
13 2246 3365
13 2246 3373
13 2246 3373
13 2247 3362
13 2247 3362
13 2247 3363
13 2247 3363
13 2247 3364
13 2247 3364
13 2247 3365
13 2247 3365
13 2247 3373
13 2247 3373
13 2248 3362
13 2248 3362
13 2248 3363
13 2248 3363
13 2248 3364
13 2248 3364
13 2248 3365
13 2248 3365
13 2248 3373
13 2248 3373
13 2249 3362
13 2249 3362
13 2249 3363
13 2249 3363
13 2249 3364
13 2249 3364
13 2249 3365
13 2249 3365
13 2249 3373
13 2249 3373
13 2250 3362
13 2250 3362
13 2250 3363
13 2250 3363
13 2250 3364
13 2250 3364
13 2250 3365
13 2250 3365
13 2250 3373
13 2250 3373
14 4484 6725
14 4484 6726
14 4484 6727
14 4484 6728
14 4484 6729
14 4484 6730
14 4484 6731
14 4484 6732
14 4484 6733
14 4484 6734
14 4484 6735
14 4484 6736
14 4484 6737
14 4484 6738
14 4484 6739
14 4484 6740
14 4484 6741
14 4484 6742
14 4484 6743
14 4484 6744
14 4484 6745
14 4484 6746
14 4485 6729
14 4485 6730
14 4485 6731
14 4488 6746
15 8969 13450
15 8969 13451
15 8969 13452
15 8969 13453
15 8969 13454
15 8969 13455
15 8969 13456
15 8969 13457
15 8969 13458
15 8969 13459
15 8969 13460
15 8969 13461
15 8969 13462
15 8969 13463
15 8969 13464
15 8969 13465
15 8969 13466
15 8969 13467
15 8969 13468
15 8969 13469
15 8969 13470
15 8969 13471
15 8969 13472
15 8969 13473
15 8969 13474
15 8969 13475
15 8969 13476
15 8969 13477
15 8969 13478
15 8969 13479
15 8969 13480
15 8969 13481
15 8969 13482
15 8969 13483
15 8969 13484
15 8969 13485
15 8969 13486
15 8969 13487
15 8969 13488
15 8969 13489
15 8969 13490
15 8969 13491
15 8969 13492
15 8970 13458
15 8970 13460
15 8971 13463
15 8976 13492
16 17938 26900
16 17938 26901
16 17938 26902
16 17938 26903
16 17938 26904
16 17938 26905
16 17938 26906
16 17938 26907
16 17938 26908
16 17938 26909
16 17938 26910
16 17938 26911
16 17938 26912
16 17938 26913
16 17938 26914
16 17938 26915
16 17938 26916
16 17938 26917
16 17938 26918
16 17938 26919
16 17938 26920
16 17938 26921
16 17938 26922
16 17938 26923
16 17938 26924
16 17938 26925
16 17938 26926
16 17938 26927
16 17938 26928
16 17938 26929
16 17938 26930
16 17938 26931
16 17938 26932
16 17938 26933
16 17938 26934
16 17938 26935
16 17938 26936
16 17938 26937
16 17938 26938
16 17938 26939
16 17938 26940
16 17938 26941
16 17938 26942
16 17938 26943
16 17938 26944
16 17938 26945
16 17938 26946
16 17938 26947
16 17938 26948
16 17938 26949
16 17938 26950
16 17938 26951
16 17938 26952
16 17938 26953
16 17938 26954
16 17938 26955
16 17938 26956
16 17938 26957
16 17938 26958
16 17938 26959
16 17938 26960
16 17938 26961
16 17938 26962
16 17938 26963
16 17938 26964
16 17938 26965
16 17938 26966
16 17938 26967
16 17938 26968
16 17938 26969
16 17938 26970
16 17938 26971
16 17938 26972
16 17938 26973
16 17938 26974
16 17938 26975
16 17938 26976
16 17938 26977
16 17938 26978
16 17938 26979
16 17938 26980
16 17938 26981
16 17938 26982
16 17938 26983
16 17938 26984
16 17939 26914
16 17939 26941
16 17939 26956
16 17939 26959
16 17939 26960
16 17940 26921
16 17941 26917
16 17942 26926
16 17945 26983
16 17952 26984
17 35876 53800
17 35876 53801
17 35876 53802
17 35876 53803
17 35876 53804
17 35876 53805
17 35876 53806
17 35876 53807
17 35876 53808
17 35876 53809
17 35876 53810
17 35876 53811
17 35876 53812
17 35876 53813
17 35876 53814
17 35876 53815
17 35876 53816
17 35876 53817
17 35876 53818
17 35876 53819
17 35876 53820
17 35876 53821
17 35876 53822
17 35876 53823
17 35876 53824
17 35876 53825
17 35876 53826
17 35876 53827
17 35876 53828
17 35876 53829
17 35876 53830
17 35876 53831
17 35876 53832
17 35876 53833
17 35876 53834
17 35876 53835
17 35876 53836
17 35876 53837
17 35876 53838
17 35876 53839
17 35876 53840
17 35876 53841
17 35876 53842
17 35876 53843
17 35876 53844
17 35876 53845
17 35876 53846
17 35876 53847
17 35876 53848
17 35876 53849
17 35876 53850
17 35876 53851
17 35876 53852
17 35876 53853
17 35876 53854
17 35876 53855
17 35876 53856
17 35876 53857
17 35876 53858
17 35876 53859
17 35876 53860
17 35876 53861
17 35876 53862
17 35876 53863
17 35876 53864
17 35876 53865
17 35876 53866
17 35876 53867
17 35876 53868
17 35876 53869
17 35876 53870
17 35876 53871
17 35876 53872
17 35876 53873
17 35876 53874
17 35876 53875
17 35876 53876
17 35876 53877
17 35876 53878
17 35876 53879
17 35876 53880
17 35876 53881
17 35876 53882
17 35876 53883
17 35876 53884
17 35876 53885
17 35876 53886
17 35876 53887
17 35876 53888
17 35876 53889
17 35876 53890
17 35876 53891
17 35876 53892
17 35876 53893
17 35876 53894
17 35876 53895
17 35876 53896
17 35876 53897
17 35876 53898
17 35876 53899
17 35876 53900
17 35876 53901
17 35876 53902
17 35876 53903
17 35876 53904
17 35876 53905
17 35876 53906
17 35876 53907
17 35876 53908
17 35876 53909
17 35876 53910
17 35876 53911
17 35876 53912
17 35876 53913
17 35876 53914
17 35876 53915
17 35876 53916
17 35876 53917
17 35876 53918
17 35876 53919
17 35876 53920
17 35876 53921
17 35876 53922
17 35876 53923
17 35876 53924
17 35876 53925
17 35876 53926
17 35876 53927
17 35876 53928
17 35876 53929
17 35876 53930
17 35876 53931
17 35876 53932
17 35876 53933
17 35876 53934
17 35876 53935
17 35876 53936
17 35876 53937
17 35876 53938
17 35876 53939
17 35876 53940
17 35876 53941
17 35876 53942
17 35876 53943
17 35876 53944
17 35876 53945
17 35876 53946
17 35876 53947
17 35876 53948
17 35876 53949
17 35876 53950
17 35876 53951
17 35876 53952
17 35876 53953
17 35876 53954
17 35876 53955
17 35876 53956
17 35876 53957
17 35876 53958
17 35876 53959
17 35876 53960
17 35876 53961
17 35876 53962
17 35876 53963
17 35876 53964
17 35876 53965
17 35876 53966
17 35876 53967
17 35876 53968
17 35876 53969
18 71752 107600
3 2 3
4 4 6
4 4 6
5 8 13
5 8 13
6 17 26
6 17 26
7 35 52
7 35 52
8 70 105
8 70 105
