12 1186 1570
12 1186 1570
12 1187 1572
12 1187 1572
13 2372 3141
13 2372 3141
13 2372 3142
13 2372 3142
13 2373 3141
13 2373 3141
13 2374 3144
13 2374 3144
13 2375 3144
13 2375 3144
14 4745 6282
14 4745 6283
14 4745 6284
14 4745 6285
14 4746 6282
14 4748 6282
14 4748 6288
14 4749 6288
14 4751 6284
14 4751 6286
14 4751 6287
15 9490 12564
15 9490 12565
15 9490 12566
15 9490 12567
15 9490 12568
15 9490 12569
15 9490 12570
15 9490 12571
15 9490 12572
15 9490 12573
15 9490 12574
15 9490 12575
15 9490 12576
15 9490 12577
15 9493 12565
15 9496 12564
15 9496 12565
15 9498 12565
15 9499 12575
15 9499 12576
15 9501 12574
15 9502 12568
15 9502 12575
16 18981 25128
16 18981 25129
16 18981 25130
16 18981 25131
16 18981 25132
16 18981 25133
16 18981 25134
16 18981 25135
16 18981 25136
16 18981 25137
16 18981 25138
16 18981 25139
16 18981 25140
16 18981 25141
16 18981 25142
16 18981 25143
16 18981 25144
16 18981 25145
16 18981 25146
16 18981 25147
16 18981 25148
16 18981 25149
16 18981 25150
16 18981 25151
16 18981 25152
16 18981 25153
16 18981 25154
16 18986 25131
16 18987 25148
16 18988 25150
16 18989 25149
16 18990 25148
16 18991 25147
16 18992 25129
16 18992 25130
16 18992 25148
16 18993 25147
16 18994 25139
16 18994 25149
16 18995 25138
16 18995 25139
16 18995 25140
16 18995 25147
16 18995 25148
16 18996 25130
16 18996 25132
16 18996 25133
16 18997 25139
16 18997 25146
16 18998 25134
16 18998 25135
16 18998 25136
16 18998 25153
16 18999 25130
16 18999 25148
16 18999 25149
16 18999 25150
16 19000 25129
16 19000 25148
16 19001 25133
16 19001 25134
16 19001 25146
16 19001 25148
16 19002 25128
16 19002 25148
16 19003 25128
16 19003 25130
16 19003 25131
16 19004 25129
16 19004 25130
16 19004 25132
16 19005 25128
16 19005 25129
16 19005 25136
16 19005 25151
17 37963 50256
17 37963 50257
17 37963 50258
17 37963 50259
17 37963 50260
17 37963 50261
17 37963 50262
17 37963 50263
17 37963 50264
17 37963 50265
17 37963 50266
17 37963 50267
17 37963 50268
17 37963 50269
17 37963 50270
17 37963 50271
17 37963 50272
17 37963 50273
17 37963 50274
17 37963 50275
17 37963 50276
17 37963 50277
17 37963 50278
17 37963 50279
17 37963 50280
17 37963 50281
17 37963 50282
17 37963 50283
17 37963 50284
17 37963 50285
17 37963 50286
17 37963 50287
17 37963 50288
17 37963 50289
17 37963 50290
17 37963 50291
17 37963 50292
17 37963 50293
17 37963 50294
17 37963 50295
17 37963 50296
17 37963 50297
17 37963 50298
17 37963 50299
17 37963 50300
17 37963 50301
17 37963 50302
17 37963 50303
17 37963 50304
17 37963 50305
17 37963 50306
17 37963 50307
17 37963 50308
18 75927 100512
3 2 3
4 4 6
4 4 6
5 9 12
5 9 12
6 18 24
6 18 24
7 37 49
7 37 49
