10 291 392
10 291 394
11 583 785
11 583 788
12 1166 1571
12 1166 1571
12 1166 1572
12 1166 1572
12 1166 1573
12 1166 1573
12 1166 1575
12 1166 1575
12 1166 1576
12 1166 1576
12 1166 1577
12 1166 1577
12 1166 1578
12 1166 1578
12 1167 1571
12 1167 1571
12 1167 1576
12 1167 1576
12 1167 1577
12 1167 1577
12 1167 1578
12 1167 1578
12 1168 1576
12 1168 1576
12 1168 1577
12 1168 1577
12 1168 1578
12 1168 1578
12 1169 1577
12 1169 1577
12 1169 1578
12 1169 1578
12 1170 1577
12 1170 1577
12 1170 1578
12 1170 1578
12 1171 1571
12 1171 1571
12 1171 1578
12 1171 1578
12 1172 1571
12 1172 1571
12 1172 1578
12 1172 1578
12 1173 1571
12 1173 1571
12 1173 1572
12 1173 1572
12 1174 1571
12 1174 1571
12 1174 1572
12 1174 1572
12 1175 1571
12 1175 1571
12 1175 1572
12 1175 1572
12 1175 1573
12 1175 1573
12 1175 1577
12 1175 1577
12 1175 1578
12 1175 1578
12 1176 1571
12 1176 1571
12 1176 1572
12 1176 1572
12 1176 1573
12 1176 1573
12 1176 1574
12 1176 1574
12 1176 1575
12 1176 1575
12 1176 1576
12 1176 1576
12 1176 1577
12 1176 1577
12 1176 1578
12 1176 1578
13 2333 3142
13 2333 3142
13 2333 3143
13 2333 3143
13 2333 3144
13 2333 3144
13 2333 3145
13 2333 3145
13 2333 3146
13 2333 3146
13 2333 3147
13 2333 3147
13 2333 3150
13 2333 3150
13 2333 3151
13 2333 3151
13 2333 3152
13 2333 3152
13 2333 3153
13 2333 3153
13 2333 3154
13 2333 3154
13 2333 3155
13 2333 3155
13 2333 3156
13 2333 3156
13 2334 3142
13 2334 3142
13 2334 3143
13 2334 3143
13 2334 3144
13 2334 3144
13 2334 3145
13 2334 3145
13 2334 3150
13 2334 3150
13 2334 3151
13 2334 3151
13 2334 3152
13 2334 3152
13 2334 3153
13 2334 3153
13 2334 3154
13 2334 3154
13 2334 3155
13 2334 3155
13 2334 3156
13 2334 3156
13 2335 3142
13 2335 3142
13 2335 3143
13 2335 3143
13 2335 3151
13 2335 3151
13 2335 3152
13 2335 3152
13 2335 3153
13 2335 3153
13 2335 3154
13 2335 3154
13 2335 3155
13 2335 3155
13 2335 3156
13 2335 3156
13 2336 3151
13 2336 3151
13 2336 3152
13 2336 3152
13 2336 3153
13 2336 3153
13 2336 3154
13 2336 3154
13 2336 3155
13 2336 3155
13 2336 3156
13 2336 3156
13 2337 3152
13 2337 3152
13 2337 3153
13 2337 3153
13 2337 3154
13 2337 3154
13 2337 3155
13 2337 3155
13 2337 3156
13 2337 3156
13 2338 3152
13 2338 3152
13 2338 3153
13 2338 3153
13 2338 3154
13 2338 3154
13 2338 3155
13 2338 3155
13 2338 3156
13 2338 3156
13 2339 3142
13 2339 3142
13 2339 3153
13 2339 3153
13 2339 3154
13 2339 3154
13 2339 3155
13 2339 3155
13 2339 3156
13 2339 3156
13 2340 3142
13 2340 3142
13 2340 3153
13 2340 3153
13 2340 3154
13 2340 3154
13 2340 3155
13 2340 3155
13 2340 3156
13 2340 3156
13 2341 3142
13 2341 3142
13 2341 3143
13 2341 3143
13 2341 3154
13 2341 3154
13 2341 3155
13 2341 3155
13 2341 3156
13 2341 3156
13 2342 3142
13 2342 3142
13 2342 3143
13 2342 3143
13 2342 3154
13 2342 3154
13 2342 3155
13 2342 3155
13 2342 3156
13 2342 3156
13 2343 3142
13 2343 3142
13 2343 3143
13 2343 3143
13 2343 3144
13 2343 3144
13 2343 3155
13 2343 3155
13 2343 3156
13 2343 3156
13 2344 3142
13 2344 3142
13 2344 3143
13 2344 3143
13 2344 3144
13 2344 3144
13 2344 3155
13 2344 3155
13 2344 3156
13 2344 3156
13 2345 3142
13 2345 3142
13 2345 3143
13 2345 3143
13 2345 3144
13 2345 3144
13 2345 3145
13 2345 3145
13 2345 3156
13 2345 3156
13 2346 3142
13 2346 3142
13 2346 3143
13 2346 3143
13 2346 3144
13 2346 3144
13 2346 3145
13 2346 3145
13 2346 3156
13 2346 3156
13 2347 3142
13 2347 3142
13 2347 3143
13 2347 3143
13 2347 3144
13 2347 3144
13 2347 3145
13 2347 3145
13 2347 3146
13 2347 3146
13 2348 3142
13 2348 3142
13 2348 3143
13 2348 3143
13 2348 3144
13 2348 3144
13 2348 3145
13 2348 3145
13 2348 3146
13 2348 3146
13 2349 3142
13 2349 3142
13 2349 3143
13 2349 3143
13 2349 3144
13 2349 3144
13 2349 3145
13 2349 3145
13 2349 3146
13 2349 3146
13 2349 3147
13 2349 3147
13 2349 3156
13 2349 3156
13 2350 3142
13 2350 3142
13 2350 3143
13 2350 3143
13 2350 3144
13 2350 3144
13 2350 3145
13 2350 3145
13 2350 3146
13 2350 3146
13 2350 3147
13 2350 3147
13 2350 3154
13 2350 3154
13 2350 3155
13 2350 3155
13 2350 3156
13 2350 3156
13 2351 3142
13 2351 3142
13 2351 3143
13 2351 3143
13 2351 3144
13 2351 3144
13 2351 3145
13 2351 3145
13 2351 3146
13 2351 3146
13 2351 3147
13 2351 3147
13 2351 3148
13 2351 3148
13 2351 3152
13 2351 3152
13 2351 3153
13 2351 3153
13 2351 3154
13 2351 3154
13 2351 3155
13 2351 3155
13 2351 3156
13 2351 3156
13 2352 3142
13 2352 3142
13 2352 3143
13 2352 3143
13 2352 3144
13 2352 3144
13 2352 3145
13 2352 3145
13 2352 3146
13 2352 3146
13 2352 3147
13 2352 3147
13 2352 3148
13 2352 3148
13 2352 3149
13 2352 3149
13 2352 3150
13 2352 3150
13 2352 3151
13 2352 3151
13 2352 3152
13 2352 3152
13 2352 3153
13 2352 3153
13 2352 3154
13 2352 3154
13 2352 3155
13 2352 3155
13 2352 3156
13 2352 3156
14 4667 6284
14 4667 6285
14 4667 6286
14 4667 6287
14 4667 6288
14 4667 6289
14 4667 6290
14 4667 6291
14 4667 6292
14 4667 6293
14 4667 6294
14 4667 6295
14 4667 6299
14 4667 6300
14 4667 6301
14 4667 6302
14 4667 6303
14 4667 6304
14 4667 6305
14 4667 6306
14 4667 6307
14 4667 6308
14 4667 6309
14 4667 6310
14 4667 6311
14 4667 6312
14 4667 6313
14 4678 6309
14 4692 6292
14 4699 6296
14 4700 6311
14 4701 6297
14 4703 6298
15 9334 12568
15 9334 12569
15 9334 12570
15 9334 12571
15 9334 12572
15 9334 12573
15 9334 12574
15 9334 12575
15 9334 12576
15 9334 12577
15 9334 12578
15 9334 12579
15 9334 12580
15 9334 12581
15 9334 12582
15 9334 12583
15 9334 12584
15 9334 12585
15 9334 12586
15 9334 12587
15 9334 12588
15 9334 12589
15 9334 12590
15 9334 12591
15 9334 12592
15 9334 12593
15 9334 12594
15 9334 12595
15 9334 12596
15 9334 12597
15 9334 12598
15 9334 12599
15 9334 12600
15 9334 12601
15 9334 12602
15 9334 12603
15 9334 12604
15 9334 12605
15 9334 12606
15 9334 12607
15 9334 12608
15 9334 12609
15 9334 12610
15 9334 12611
15 9334 12612
15 9334 12613
15 9334 12614
15 9334 12615
15 9334 12616
15 9334 12617
15 9334 12618
15 9334 12619
15 9334 12620
15 9334 12621
15 9334 12622
15 9334 12623
15 9334 12624
15 9334 12625
15 9334 12626
15 9335 12622
15 9341 12593
15 9351 12587
15 9356 12619
15 9384 12584
15 9400 12622
16 18669 25137
16 18669 25138
16 18669 25139
16 18669 25140
16 18669 25141
16 18669 25142
16 18669 25143
16 18669 25144
16 18669 25145
16 18669 25146
16 18669 25147
16 18669 25148
16 18669 25149
16 18669 25150
16 18669 25151
16 18669 25152
16 18669 25153
16 18669 25154
16 18669 25155
16 18669 25156
16 18669 25157
16 18669 25158
16 18669 25159
16 18669 25160
16 18669 25161
16 18669 25162
16 18669 25163
16 18669 25164
16 18669 25165
16 18669 25166
16 18669 25167
16 18669 25168
16 18669 25169
16 18669 25170
16 18669 25171
16 18669 25172
16 18669 25173
16 18669 25174
16 18669 25175
16 18669 25176
16 18669 25177
16 18669 25178
16 18669 25179
16 18669 25180
16 18669 25181
16 18669 25182
16 18669 25183
16 18669 25184
16 18669 25185
16 18669 25186
16 18669 25187
16 18669 25188
16 18669 25189
16 18669 25190
16 18669 25191
16 18669 25192
16 18669 25193
16 18669 25194
16 18669 25195
16 18669 25196
16 18669 25197
16 18669 25198
16 18669 25199
16 18669 25200
16 18669 25201
16 18669 25202
16 18669 25203
16 18669 25204
16 18669 25205
16 18669 25206
16 18669 25207
16 18669 25208
16 18669 25209
16 18669 25210
16 18669 25211
16 18669 25212
16 18669 25213
16 18669 25214
16 18669 25215
16 18669 25216
16 18669 25217
16 18669 25218
16 18669 25219
16 18669 25220
16 18669 25221
16 18669 25222
16 18669 25223
16 18669 25224
16 18669 25225
16 18669 25226
16 18669 25227
16 18669 25228
16 18669 25229
16 18669 25230
16 18669 25231
16 18669 25232
16 18669 25233
16 18669 25234
16 18669 25235
16 18669 25236
16 18669 25237
16 18669 25238
16 18669 25239
16 18669 25240
16 18669 25241
16 18669 25242
16 18669 25243
16 18669 25244
16 18669 25245
16 18669 25246
16 18669 25247
16 18669 25248
16 18669 25249
16 18669 25250
16 18669 25251
16 18669 25252
16 18669 25253
16 18670 25245
16 18682 25186
16 18702 25174
16 18713 25238
16 18769 25169
16 18801 25244
17 37338 50274
18 74676 100549
3 2 3
4 4 6
4 4 6
5 9 12
5 9 12
6 18 24
6 18 24
9 145 197
9 145 197
9 147 196
9 147 196
9 147 197
9 147 197
