12 1114 1644
12 1114 1644
12 1116 1642
12 1116 1642
13 2228 3286
13 2228 3286
13 2228 3287
13 2228 3287
13 2228 3288
13 2228 3288
13 2229 3287
13 2229 3287
13 2229 3288
13 2229 3288
13 2230 3284
13 2230 3284
13 2230 3288
13 2230 3288
13 2231 3284
13 2231 3284
13 2231 3285
13 2231 3285
13 2232 3284
13 2232 3284
13 2232 3285
13 2232 3285
13 2232 3286
13 2232 3286
14 4457 6571
14 4457 6572
14 4457 6573
14 4457 6574
14 4457 6575
14 4457 6576
14 4460 6569
14 4461 6570
15 8914 13138
15 8914 13139
15 8914 13140
15 8914 13141
15 8914 13142
15 8914 13143
15 8914 13144
15 8914 13145
15 8914 13146
15 8914 13147
15 8914 13148
15 8914 13149
15 8914 13150
15 8914 13151
15 8914 13152
15 8914 13153
16 17828 26276
16 17828 26277
16 17828 26278
16 17828 26279
16 17828 26280
16 17828 26281
16 17828 26282
16 17828 26283
16 17828 26284
16 17828 26285
16 17828 26286
16 17828 26287
16 17828 26288
16 17828 26289
16 17828 26290
16 17828 26291
16 17828 26292
16 17828 26293
16 17828 26294
16 17828 26295
16 17828 26296
16 17828 26297
16 17828 26298
16 17828 26299
16 17828 26300
16 17828 26301
16 17828 26302
16 17828 26303
16 17828 26304
16 17828 26305
16 17828 26306
17 35657 52552
17 35657 52553
17 35657 52554
17 35657 52555
17 35657 52556
17 35657 52557
17 35657 52558
17 35657 52559
17 35657 52560
17 35657 52561
17 35657 52562
17 35657 52563
17 35657 52564
17 35657 52565
17 35657 52566
17 35657 52567
17 35657 52568
17 35657 52569
17 35657 52570
17 35657 52571
17 35657 52572
17 35657 52573
17 35657 52574
17 35657 52575
17 35657 52576
17 35657 52577
17 35657 52578
17 35657 52579
17 35657 52580
17 35657 52581
17 35657 52582
17 35657 52583
17 35657 52584
17 35657 52585
17 35657 52586
17 35657 52587
17 35657 52588
17 35657 52589
17 35657 52590
17 35657 52591
17 35657 52592
17 35657 52593
17 35657 52594
17 35657 52595
17 35657 52596
17 35657 52597
17 35657 52598
17 35657 52599
17 35657 52600
17 35657 52601
17 35657 52602
17 35657 52603
17 35657 52604
17 35657 52605
17 35657 52606
17 35657 52607
17 35657 52608
17 35657 52609
17 35657 52610
17 35657 52611
17 35657 52612
17 35657 52613
18 71315 105104
3 2 3
4 4 6
4 4 6
5 8 12
5 8 12
6 17 25
6 17 25
7 34 51
7 34 51
8 69 102
8 69 102
