13 2267 3486
13 2267 3487
13 2267 3488
13 2267 3489
13 2267 3490
13 2267 3491
13 2267 3492
13 2267 3493
13 2267 3496
13 2267 3497
13 2268 3486
13 2268 3487
13 2268 3488
13 2268 3489
13 2268 3490
13 2268 3496
13 2268 3497
13 2269 3486
13 2269 3496
13 2269 3497
13 2270 3486
13 2270 3497
13 2271 3486
13 2271 3487
13 2271 3497
13 2272 3486
13 2272 3487
13 2272 3497
13 2273 3486
13 2273 3487
13 2273 3497
13 2274 3486
13 2274 3487
13 2274 3493
13 2274 3494
13 2274 3495
13 2274 3496
13 2274 3497
13 2275 3486
13 2275 3487
13 2275 3488
13 2275 3489
13 2275 3490
13 2275 3491
13 2275 3492
13 2275 3493
13 2275 3494
13 2275 3495
13 2275 3496
13 2275 3497
13 2276 3486
13 2276 3487
13 2276 3488
13 2276 3489
13 2276 3490
13 2276 3491
13 2276 3492
13 2276 3493
13 2276 3494
13 2276 3495
13 2276 3496
13 2276 3497
