10 294 400
11 588 801
12 1176 1602
12 1176 1602
12 1176 1603
12 1176 1603
12 1177 1602
12 1177 1602
12 1177 1603
12 1177 1603
12 1178 1602
12 1178 1602
12 1178 1603
12 1178 1603
12 1178 1604
12 1178 1604
12 1178 1605
12 1178 1605
12 1178 1606
12 1178 1606
12 1178 1607
12 1178 1607
12 1178 1608
12 1178 1608
12 1178 1609
12 1178 1609
12 1178 1610
12 1178 1610
13 2352 3204
13 2352 3204
13 2352 3205
13 2352 3205
13 2352 3206
13 2352 3206
13 2352 3207
13 2352 3207
13 2353 3204
13 2353 3204
13 2353 3205
13 2353 3205
13 2353 3206
13 2353 3206
13 2353 3207
13 2353 3207
13 2354 3204
13 2354 3204
13 2354 3205
13 2354 3205
13 2354 3206
13 2354 3206
13 2354 3207
13 2354 3207
13 2355 3204
13 2355 3204
13 2355 3205
13 2355 3205
13 2355 3206
13 2355 3206
13 2355 3207
13 2355 3207
13 2356 3204
13 2356 3204
13 2356 3205
13 2356 3205
13 2356 3206
13 2356 3206
13 2356 3207
13 2356 3207
13 2356 3208
13 2356 3208
13 2356 3209
13 2356 3209
13 2356 3210
13 2356 3210
13 2356 3211
13 2356 3211
13 2356 3212
13 2356 3212
13 2356 3213
13 2356 3213
13 2356 3214
13 2356 3214
13 2356 3215
13 2356 3215
13 2356 3216
13 2356 3216
13 2356 3217
13 2356 3217
13 2356 3218
13 2356 3218
13 2356 3219
13 2356 3219
13 2356 3220
13 2356 3220
13 2356 3221
13 2356 3221
14 4703 6409
14 4703 6410
14 4703 6411
14 4703 6412
14 4703 6413
14 4703 6414
14 4703 6415
14 4703 6416
14 4712 6417
14 4712 6418
14 4712 6419
14 4712 6420
14 4712 6421
14 4712 6422
14 4712 6423
14 4712 6424
14 4712 6425
14 4712 6426
14 4712 6427
14 4712 6428
14 4712 6429
14 4712 6430
14 4712 6431
14 4712 6432
14 4712 6433
14 4712 6434
14 4712 6435
14 4712 6436
14 4712 6437
14 4712 6438
14 4712 6439
14 4712 6440
14 4712 6441
14 4712 6442
15 9394 12819
15 9394 12820
15 9394 12821
15 9394 12822
15 9394 12823
15 9394 12824
15 9394 12825
15 9394 12826
15 9394 12827
15 9394 12828
15 9394 12829
15 9394 12830
15 9394 12831
15 9394 12832
15 9394 12833
15 9394 12834
15 9394 12835
15 9394 12836
15 9394 12837
15 9394 12838
15 9394 12839
15 9394 12840
15 9394 12841
15 9394 12842
15 9394 12843
15 9394 12844
15 9394 12845
15 9394 12846
15 9394 12847
15 9394 12848
15 9394 12849
15 9394 12850
15 9394 12851
15 9394 12852
15 9394 12853
15 9394 12854
15 9394 12855
15 9394 12856
15 9394 12857
15 9394 12858
15 9394 12859
15 9394 12860
15 9394 12861
15 9394 12862
15 9394 12863
15 9394 12864
15 9394 12865
15 9394 12866
15 9394 12867
15 9394 12868
15 9394 12869
15 9394 12870
15 9394 12871
15 9394 12872
15 9394 12873
15 9394 12874
15 9394 12875
15 9394 12876
15 9394 12877
15 9394 12878
15 9394 12879
15 9394 12880
15 9394 12881
15 9394 12882
15 9394 12883
15 9394 12884
15 9404 12849
15 9423 12846
16 18788 25638
16 18788 25639
16 18788 25640
16 18788 25641
16 18788 25642
16 18788 25643
16 18788 25644
16 18788 25645
16 18788 25646
16 18788 25647
16 18788 25648
16 18788 25649
16 18788 25650
16 18788 25651
16 18788 25652
16 18788 25653
16 18788 25654
16 18788 25655
16 18788 25656
16 18788 25657
16 18788 25658
16 18788 25659
16 18788 25660
16 18788 25661
16 18788 25662
16 18788 25663
16 18788 25664
16 18788 25665
16 18788 25666
16 18788 25667
16 18788 25668
16 18788 25669
16 18788 25670
16 18788 25671
16 18788 25672
16 18788 25673
16 18788 25674
16 18788 25675
16 18788 25676
16 18788 25677
16 18788 25678
16 18788 25679
16 18788 25680
16 18788 25681
16 18788 25682
16 18788 25683
16 18788 25684
16 18788 25685
16 18788 25686
16 18788 25687
16 18788 25688
16 18788 25689
16 18788 25690
16 18788 25691
16 18788 25692
16 18788 25693
16 18788 25694
16 18788 25695
16 18788 25696
16 18788 25697
16 18788 25698
16 18788 25699
16 18788 25700
16 18788 25701
16 18788 25702
16 18788 25703
16 18788 25704
16 18788 25705
16 18788 25706
16 18788 25707
16 18788 25708
16 18788 25709
16 18788 25710
16 18788 25711
16 18788 25712
16 18788 25713
16 18788 25714
16 18788 25715
16 18788 25716
16 18788 25717
16 18788 25718
16 18788 25719
16 18788 25720
16 18788 25721
16 18788 25722
16 18788 25723
16 18788 25724
16 18788 25725
16 18788 25726
16 18788 25727
16 18788 25728
16 18788 25729
16 18788 25730
16 18788 25731
16 18788 25732
16 18788 25733
16 18788 25734
16 18788 25735
16 18788 25736
16 18788 25737
16 18788 25738
16 18788 25739
16 18788 25740
16 18788 25741
16 18788 25742
16 18788 25743
16 18788 25744
16 18788 25745
16 18788 25746
16 18788 25747
16 18788 25748
16 18788 25749
16 18788 25750
16 18788 25751
16 18788 25752
16 18788 25753
16 18788 25754
16 18788 25755
16 18788 25756
16 18788 25757
16 18788 25758
16 18788 25759
16 18788 25760
16 18788 25761
16 18788 25762
16 18788 25763
16 18788 25764
16 18788 25765
16 18788 25766
16 18788 25767
16 18788 25768
16 18808 25698
16 18847 25693
17 37577 51276
18 75155 102553
3 2 3
4 4 6
4 4 6
5 9 12
5 9 12
6 18 25
6 18 25
