10 294 392
10 294 396
10 294 397
10 295 392
10 295 396
10 295 397
10 296 392
10 296 396
11 588 786
11 589 791
11 589 792
11 591 791
12 1177 1573
12 1177 1573
12 1177 1582
12 1177 1582
12 1178 1573
12 1178 1573
12 1178 1582
12 1178 1582
12 1179 1573
12 1179 1573
12 1179 1582
12 1179 1582
12 1180 1573
12 1180 1573
12 1180 1582
12 1180 1582
12 1181 1573
12 1181 1573
12 1182 1573
12 1182 1573
12 1182 1582
12 1182 1582
12 1183 1573
12 1183 1573
12 1183 1582
12 1183 1582
12 1184 1573
12 1184 1573
12 1184 1582
12 1184 1582
12 1185 1573
12 1185 1573
12 1185 1582
12 1185 1582
12 1186 1573
12 1186 1573
12 1186 1576
12 1186 1576
12 1186 1582
12 1186 1582
12 1187 1573
12 1187 1573
12 1187 1576
12 1187 1576
12 1187 1582
12 1187 1582
12 1188 1573
12 1188 1573
12 1188 1576
12 1188 1576
12 1188 1582
12 1188 1582
13 2355 3147
13 2355 3147
13 2355 3164
13 2355 3164
13 2356 3147
13 2356 3147
13 2356 3164
13 2356 3164
13 2357 3147
13 2357 3147
13 2357 3164
13 2357 3164
13 2358 3147
13 2358 3147
13 2358 3164
13 2358 3164
13 2359 3147
13 2359 3147
13 2359 3164
13 2359 3164
13 2360 3147
13 2360 3147
13 2360 3164
13 2360 3164
13 2361 3147
13 2361 3147
13 2361 3164
13 2361 3164
13 2362 3147
13 2362 3147
13 2363 3147
13 2363 3147
13 2364 3147
13 2364 3147
13 2364 3164
13 2364 3164
13 2365 3147
13 2365 3147
13 2365 3164
13 2365 3164
13 2366 3147
13 2366 3147
13 2366 3164
13 2366 3164
13 2367 3147
13 2367 3147
13 2367 3164
13 2367 3164
13 2368 3147
13 2368 3147
13 2368 3164
13 2368 3164
13 2369 3147
13 2369 3147
13 2369 3164
13 2369 3164
13 2370 3147
13 2370 3147
13 2370 3164
13 2370 3164
13 2371 3147
13 2371 3147
13 2371 3164
13 2371 3164
13 2372 3147
13 2372 3147
13 2372 3152
13 2372 3152
13 2372 3153
13 2372 3153
13 2372 3154
13 2372 3154
13 2372 3164
13 2372 3164
13 2373 3147
13 2373 3147
13 2373 3152
13 2373 3152
13 2373 3153
13 2373 3153
13 2373 3154
13 2373 3154
13 2373 3164
13 2373 3164
13 2374 3147
13 2374 3147
13 2374 3152
13 2374 3152
13 2374 3153
13 2374 3153
13 2374 3154
13 2374 3154
13 2374 3164
13 2374 3164
13 2375 3147
13 2375 3147
13 2375 3152
13 2375 3152
13 2375 3153
13 2375 3153
13 2375 3154
13 2375 3154
13 2375 3164
13 2375 3164
13 2376 3147
13 2376 3147
13 2376 3152
13 2376 3152
13 2376 3153
13 2376 3153
13 2376 3154
13 2376 3154
13 2376 3164
13 2376 3164
14 2621 5725
14 2621 5726
14 2621 5727
14 2622 5725
14 2622 5726
14 2622 5727
14 4710 6295
14 4710 6296
14 4710 6297
14 4710 6298
14 4710 6299
14 4710 6300
14 4710 6301
14 4710 6302
14 4710 6303
14 4710 6304
14 4710 6305
14 4710 6306
14 4710 6307
14 4710 6308
14 4710 6309
14 4710 6310
14 4710 6311
14 4710 6312
14 4710 6313
14 4710 6314
14 4710 6315
14 4710 6316
14 4710 6317
14 4710 6318
14 4710 6319
14 4710 6320
14 4710 6321
14 4710 6322
14 4710 6323
14 4710 6324
14 4710 6325
14 4710 6326
14 4710 6327
14 4710 6328
14 4745 6304
14 4746 6309
14 4747 6309
14 4748 6309
15 9420 12590
15 9420 12591
15 9420 12592
15 9420 12593
15 9420 12594
15 9420 12595
15 9420 12596
15 9420 12597
15 9420 12598
15 9420 12599
15 9420 12600
15 9420 12601
15 9420 12602
15 9420 12603
15 9420 12604
15 9420 12605
15 9420 12606
15 9420 12607
15 9420 12608
15 9420 12609
15 9420 12610
15 9420 12611
15 9420 12612
15 9420 12613
15 9420 12614
15 9420 12615
15 9420 12616
15 9420 12617
15 9420 12618
15 9420 12619
15 9420 12620
15 9420 12621
15 9420 12622
15 9420 12623
15 9420 12624
15 9420 12625
15 9420 12626
15 9420 12627
15 9420 12628
15 9420 12629
15 9420 12630
15 9420 12631
15 9420 12632
15 9420 12633
15 9420 12634
15 9420 12635
15 9420 12636
15 9420 12637
15 9420 12638
15 9420 12639
15 9420 12640
15 9420 12641
15 9420 12642
15 9420 12643
15 9420 12644
15 9420 12645
15 9420 12646
15 9420 12647
15 9420 12648
15 9420 12649
15 9420 12650
15 9420 12651
15 9420 12652
15 9420 12653
15 9420 12654
15 9420 12655
15 9420 12656
15 9420 12657
15 9430 12613
15 9441 12652
15 9443 12601
15 9458 12599
15 9463 12644
15 9487 12635
15 9491 12608
15 9492 12633
15 9494 12604
15 9495 12597
15 9501 12595
15 9501 12647
15 9502 12594
15 9503 12653
16 18840 25180
16 18840 25181
16 18840 25182
16 18840 25183
16 18840 25184
16 18840 25185
16 18840 25186
16 18840 25187
16 18840 25188
16 18840 25189
16 18840 25190
16 18840 25191
16 18840 25192
16 18840 25193
16 18840 25194
16 18840 25195
16 18840 25196
16 18840 25197
16 18840 25198
16 18840 25199
16 18840 25200
16 18840 25201
16 18840 25202
16 18840 25203
16 18840 25204
16 18840 25205
16 18840 25206
16 18840 25207
16 18840 25208
16 18840 25209
16 18840 25210
16 18840 25211
16 18840 25212
16 18840 25213
16 18840 25214
16 18840 25215
16 18840 25216
16 18840 25217
16 18840 25218
16 18840 25219
16 18840 25220
16 18840 25221
16 18840 25222
16 18840 25223
16 18840 25224
16 18840 25225
16 18840 25226
16 18840 25227
16 18840 25228
16 18840 25229
16 18840 25230
16 18840 25231
16 18840 25232
16 18840 25233
16 18840 25234
16 18840 25235
16 18840 25236
16 18840 25237
16 18840 25238
16 18840 25239
16 18840 25240
16 18840 25241
16 18840 25242
16 18840 25243
16 18840 25244
16 18840 25245
16 18840 25246
16 18840 25247
16 18840 25248
16 18840 25249
16 18840 25250
16 18840 25251
16 18840 25252
16 18840 25253
16 18840 25254
16 18840 25255
16 18840 25256
16 18840 25257
16 18840 25258
16 18840 25259
16 18840 25260
16 18840 25261
16 18840 25262
16 18840 25263
16 18840 25264
16 18840 25265
16 18840 25266
16 18840 25267
16 18840 25268
16 18840 25269
16 18840 25270
16 18840 25271
16 18840 25272
16 18840 25273
16 18840 25274
16 18840 25275
16 18840 25276
16 18840 25277
16 18840 25278
16 18840 25279
16 18840 25280
16 18840 25281
16 18840 25282
16 18840 25283
16 18840 25284
16 18840 25285
16 18840 25286
16 18840 25287
16 18840 25288
16 18840 25289
16 18840 25290
16 18840 25291
16 18840 25292
16 18840 25293
16 18840 25294
16 18840 25295
16 18840 25296
16 18840 25297
16 18840 25298
16 18840 25299
16 18840 25300
16 18840 25301
16 18840 25302
16 18840 25303
16 18840 25304
16 18840 25305
16 18840 25306
16 18840 25307
16 18840 25308
16 18840 25309
16 18840 25310
16 18840 25311
16 18840 25312
16 18840 25313
16 18840 25314
16 18840 25315
16 18861 25226
16 18882 25304
16 18886 25203
16 18917 25198
16 18927 25288
16 18974 25270
16 18983 25217
16 18985 25266
16 18988 25209
16 18991 25194
16 19002 25190
16 19003 25295
16 19005 25189
16 19007 25307
17 37681 50360
17 37681 50361
17 37681 50362
17 37681 50363
17 37681 50364
17 37681 50365
17 37681 50366
17 37681 50367
17 37681 50368
17 37681 50369
17 37681 50370
17 37681 50371
17 37681 50372
17 37681 50373
17 37681 50374
17 37681 50375
17 37681 50376
17 37681 50377
17 37681 50378
17 37681 50379
17 37681 50380
17 37681 50381
17 37681 50382
17 37681 50383
17 37681 50384
17 37681 50385
17 37681 50386
17 37681 50387
17 37681 50388
17 37681 50389
17 37681 50390
17 37681 50391
17 37681 50392
17 37681 50393
17 37681 50394
17 37681 50395
17 37681 50396
17 37681 50397
17 37681 50398
17 37681 50399
17 37681 50400
17 37681 50401
17 37681 50402
17 37681 50403
17 37681 50404
17 37681 50405
17 37681 50406
17 37681 50407
17 37681 50408
17 37681 50409
17 37681 50410
17 37681 50411
17 37681 50412
17 37681 50413
17 37681 50414
17 37681 50415
17 37681 50416
17 37681 50417
17 37681 50418
17 37681 50419
17 37681 50420
17 37681 50421
17 37681 50422
17 37681 50423
17 37681 50424
17 37681 50425
17 37681 50426
17 37681 50427
17 37681 50428
17 37681 50429
17 37681 50430
17 37681 50431
17 37681 50432
17 37681 50433
17 37681 50434
17 37681 50435
17 37681 50436
17 37681 50437
17 37681 50438
17 37681 50439
17 37681 50440
17 37681 50441
17 37681 50442
17 37681 50443
17 37681 50444
17 37681 50445
17 37681 50446
17 37681 50447
17 37681 50448
17 37681 50449
17 37681 50450
17 37681 50451
17 37681 50452
17 37681 50453
17 37681 50454
17 37681 50455
17 37681 50456
17 37681 50457
17 37681 50458
17 37681 50459
17 37681 50460
17 37681 50461
17 37681 50462
17 37681 50463
17 37681 50464
17 37681 50465
17 37681 50466
17 37681 50467
17 37681 50468
17 37681 50469
17 37681 50470
17 37681 50471
17 37681 50472
17 37681 50473
17 37681 50474
17 37681 50475
17 37681 50476
17 37681 50477
17 37681 50478
17 37681 50479
17 37681 50480
17 37681 50481
17 37681 50482
17 37681 50483
17 37681 50484
17 37681 50485
17 37681 50486
17 37681 50487
17 37681 50488
17 37681 50489
17 37681 50490
17 37681 50491
17 37681 50492
17 37681 50493
17 37681 50494
17 37681 50495
17 37681 50496
17 37681 50497
17 37681 50498
17 37681 50499
17 37681 50500
17 37681 50501
17 37681 50502
17 37681 50503
17 37681 50504
17 37681 50505
17 37681 50506
17 37681 50507
17 37681 50508
17 37681 50509
17 37681 50510
17 37681 50511
17 37681 50512
17 37681 50513
17 37681 50514
17 37681 50515
17 37681 50516
17 37681 50517
17 37681 50518
17 37681 50519
17 37681 50520
17 37681 50521
17 37681 50522
17 37681 50523
17 37681 50524
17 37681 50525
17 37681 50526
17 37681 50527
17 37681 50528
17 37681 50529
17 37681 50530
17 37681 50531
17 37681 50532
17 37681 50533
17 37681 50534
17 37681 50535
17 37681 50536
17 37681 50537
17 37681 50538
17 37681 50539
17 37681 50540
17 37681 50541
17 37681 50542
17 37681 50543
17 37681 50544
17 37681 50545
17 37681 50546
17 37681 50547
17 37681 50548
17 37681 50549
17 37681 50550
17 37681 50551
17 37681 50552
17 37681 50553
17 37681 50554
17 37681 50555
17 37681 50556
17 37681 50557
17 37681 50558
17 37681 50559
17 37681 50560
17 37681 50561
17 37681 50562
17 37681 50563
17 37681 50564
17 37681 50565
17 37681 50566
17 37681 50567
17 37681 50568
17 37681 50569
17 37681 50570
17 37681 50571
17 37681 50572
17 37681 50573
17 37681 50574
17 37681 50575
17 37681 50576
17 37681 50577
17 37681 50578
17 37681 50579
17 37681 50580
17 37681 50581
17 37681 50582
17 37681 50583
17 37681 50584
17 37681 50585
17 37681 50586
17 37681 50587
17 37681 50588
17 37681 50589
17 37681 50590
17 37681 50591
17 37681 50592
17 37681 50593
17 37681 50594
17 37681 50595
17 37681 50596
17 37681 50597
17 37681 50598
17 37681 50599
17 37681 50600
17 37681 50601
17 37681 50602
17 37681 50603
17 37681 50604
17 37681 50605
17 37681 50606
17 37681 50607
17 37681 50608
17 37681 50609
17 37681 50610
17 37681 50611
17 37681 50612
17 37681 50613
17 37681 50614
17 37681 50615
17 37681 50616
17 37681 50617
17 37681 50618
17 37681 50619
17 37681 50620
17 37681 50621
17 37681 50622
17 37681 50623
17 37681 50624
17 37681 50625
17 37681 50626
17 37681 50627
17 37681 50628
17 37681 50629
17 37681 50630
17 37681 50631
17 37722 50453
17 37765 50609
17 37773 50406
17 37834 50397
17 37854 50576
17 37948 50540
17 37967 50435
17 37971 50533
17 37982 50389
17 38004 50381
17 38007 50591
17 38011 50378
17 38014 50614
18 75362 100720
18 75362 100721
18 75362 100722
18 75362 100723
18 75362 100724
18 75362 100725
18 75362 100726
18 75362 100727
18 75362 100728
18 75362 100729
18 75362 100730
18 75362 100731
18 75362 100732
18 75362 100733
18 75362 100734
18 75362 100735
18 75362 100736
18 75362 100737
18 75362 100738
18 75362 100739
18 75362 100740
18 75362 100741
18 75362 100742
18 75362 100743
18 75362 100744
18 75362 100745
18 75362 100746
18 75362 100747
18 75362 100748
18 75362 100749
18 75362 100750
18 75362 100751
18 75362 100752
18 75362 100753
18 75362 100754
18 75362 100755
18 75362 100756
18 75362 100757
18 75362 100758
18 75362 100759
18 75362 100760
18 75362 100761
18 75362 100762
18 75362 100763
18 75362 100764
18 75362 100765
18 75362 100766
18 75362 100767
18 75362 100768
18 75362 100769
18 75362 100770
18 75362 100771
18 75362 100772
18 75362 100773
18 75362 100774
18 75362 100775
18 75362 100776
18 75362 100777
18 75362 100778
18 75362 100779
18 75362 100780
18 75362 100781
18 75362 100782
18 75362 100783
18 75362 100784
18 75362 100785
18 75362 100786
18 75362 100787
18 75362 100788
18 75362 100789
18 75362 100790
18 75362 100791
18 75362 100792
18 75362 100793
18 75362 100794
18 75362 100795
18 75362 100796
18 75362 100797
18 75362 100798
18 75362 100799
18 75362 100800
18 75362 100801
18 75362 100802
18 75362 100803
18 75362 100804
18 75362 100805
18 75362 100806
18 75362 100807
18 75362 100808
18 75362 100809
18 75362 100810
18 75362 100811
18 75362 100812
18 75362 100813
18 75362 100814
18 75362 100815
18 75362 100816
18 75362 100817
18 75362 100818
18 75362 100819
18 75362 100820
18 75362 100821
18 75362 100822
18 75362 100823
18 75362 100824
18 75362 100825
18 75362 100826
18 75362 100827
18 75362 100828
18 75362 100829
18 75362 100830
18 75362 100831
18 75362 100832
18 75362 100833
18 75362 100834
18 75362 100835
18 75362 100836
18 75362 100837
18 75362 100838
18 75362 100839
18 75362 100840
18 75362 100841
18 75362 100842
18 75362 100843
18 75362 100844
18 75362 100845
18 75362 100846
18 75362 100847
18 75362 100848
18 75362 100849
18 75362 100850
18 75362 100851
18 75362 100852
18 75362 100853
18 75362 100854
18 75362 100855
18 75362 100856
18 75362 100857
18 75362 100858
18 75362 100859
18 75362 100860
18 75362 100861
18 75362 100862
18 75362 100863
18 75362 100864
18 75362 100865
18 75362 100866
18 75362 100867
18 75362 100868
18 75362 100869
18 75362 100870
18 75362 100871
18 75362 100872
18 75362 100873
18 75362 100874
18 75362 100875
18 75362 100876
18 75362 100877
18 75362 100878
18 75362 100879
18 75362 100880
18 75362 100881
18 75362 100882
18 75362 100883
18 75362 100884
18 75362 100885
18 75362 100886
18 75362 100887
18 75362 100888
18 75362 100889
18 75362 100890
18 75362 100891
18 75362 100892
18 75362 100893
18 75362 100894
18 75362 100895
18 75362 100896
18 75362 100897
18 75362 100898
18 75362 100899
18 75362 100900
18 75362 100901
18 75362 100902
18 75362 100903
18 75362 100904
18 75362 100905
18 75362 100906
18 75362 100907
18 75362 100908
18 75362 100909
18 75362 100910
18 75362 100911
18 75362 100912
18 75362 100913
18 75362 100914
18 75362 100915
18 75362 100916
18 75362 100917
18 75362 100918
18 75362 100919
18 75362 100920
18 75362 100921
18 75362 100922
18 75362 100923
18 75362 100924
18 75362 100925
18 75362 100926
18 75362 100927
18 75362 100928
18 75362 100929
18 75362 100930
18 75362 100931
18 75362 100932
18 75362 100933
18 75362 100934
18 75362 100935
18 75362 100936
18 75362 100937
18 75362 100938
18 75362 100939
18 75362 100940
18 75362 100941
18 75362 100942
18 75362 100943
18 75362 100944
18 75362 100945
18 75362 100946
18 75362 100947
18 75362 100948
18 75362 100949
18 75362 100950
18 75362 100951
18 75362 100952
18 75362 100953
18 75362 100954
18 75362 100955
18 75362 100956
18 75362 100957
18 75362 100958
18 75362 100959
18 75362 100960
18 75362 100961
18 75362 100962
18 75362 100963
18 75362 100964
18 75362 100965
18 75362 100966
18 75362 100967
18 75362 100968
18 75362 100969
18 75362 100970
18 75362 100971
18 75362 100972
18 75362 100973
18 75362 100974
18 75362 100975
18 75362 100976
18 75362 100977
18 75362 100978
18 75362 100979
18 75362 100980
18 75362 100981
18 75362 100982
18 75362 100983
18 75362 100984
18 75362 100985
18 75362 100986
18 75362 100987
18 75362 100988
18 75362 100989
18 75362 100990
18 75362 100991
18 75362 100992
18 75362 100993
18 75362 100994
18 75362 100995
18 75362 100996
18 75362 100997
18 75362 100998
18 75362 100999
18 75362 101000
18 75362 101001
18 75362 101002
18 75362 101003
18 75362 101004
18 75362 101005
18 75362 101006
18 75362 101007
18 75362 101008
18 75362 101009
18 75362 101010
18 75362 101011
18 75362 101012
18 75362 101013
18 75362 101014
18 75362 101015
18 75362 101016
18 75362 101017
18 75362 101018
18 75362 101019
18 75362 101020
18 75362 101021
18 75362 101022
18 75362 101023
18 75362 101024
18 75362 101025
18 75362 101026
18 75362 101027
18 75362 101028
18 75362 101029
18 75362 101030
18 75362 101031
18 75362 101032
18 75362 101033
18 75362 101034
18 75362 101035
18 75362 101036
18 75362 101037
18 75362 101038
18 75362 101039
18 75362 101040
18 75362 101041
18 75362 101042
18 75362 101043
18 75362 101044
18 75362 101045
18 75362 101046
18 75362 101047
18 75362 101048
18 75362 101049
18 75362 101050
18 75362 101051
18 75362 101052
18 75362 101053
18 75362 101054
18 75362 101055
18 75362 101056
18 75362 101057
18 75362 101058
18 75362 101059
18 75362 101060
18 75362 101061
18 75362 101062
18 75362 101063
18 75362 101064
18 75362 101065
18 75362 101066
18 75362 101067
18 75362 101068
18 75362 101069
18 75362 101070
18 75362 101071
18 75362 101072
18 75362 101073
18 75362 101074
18 75362 101075
18 75362 101076
18 75362 101077
18 75362 101078
18 75362 101079
18 75362 101080
18 75362 101081
18 75362 101082
18 75362 101083
18 75362 101084
18 75362 101085
18 75362 101086
18 75362 101087
18 75362 101088
18 75362 101089
18 75362 101090
18 75362 101091
18 75362 101092
18 75362 101093
18 75362 101094
18 75362 101095
18 75362 101096
18 75362 101097
18 75362 101098
18 75362 101099
18 75362 101100
18 75362 101101
18 75362 101102
18 75362 101103
18 75362 101104
18 75362 101105
18 75362 101106
18 75362 101107
18 75362 101108
18 75362 101109
18 75362 101110
18 75362 101111
18 75362 101112
18 75362 101113
18 75362 101114
18 75362 101115
18 75362 101116
18 75362 101117
18 75362 101118
18 75362 101119
18 75362 101120
18 75362 101121
18 75362 101122
18 75362 101123
18 75362 101124
18 75362 101125
18 75362 101126
18 75362 101127
18 75362 101128
18 75362 101129
18 75362 101130
18 75362 101131
18 75362 101132
18 75362 101133
18 75362 101134
18 75362 101135
18 75362 101136
18 75362 101137
18 75362 101138
18 75362 101139
18 75362 101140
18 75362 101141
18 75362 101142
18 75362 101143
18 75362 101144
18 75362 101145
18 75362 101146
18 75362 101147
18 75362 101148
18 75362 101149
18 75362 101150
18 75362 101151
18 75362 101152
18 75362 101153
18 75362 101154
18 75362 101155
18 75362 101156
18 75362 101157
18 75362 101158
18 75362 101159
18 75362 101160
18 75362 101161
18 75362 101162
18 75362 101163
18 75362 101164
18 75362 101165
18 75362 101166
18 75362 101167
18 75362 101168
18 75362 101169
18 75362 101170
18 75362 101171
18 75362 101172
18 75362 101173
18 75362 101174
18 75362 101175
18 75362 101176
18 75362 101177
18 75362 101178
18 75362 101179
18 75362 101180
18 75362 101181
18 75362 101182
18 75362 101183
18 75362 101184
18 75362 101185
18 75362 101186
18 75362 101187
18 75362 101188
18 75362 101189
18 75362 101190
18 75362 101191
18 75362 101192
18 75362 101193
18 75362 101194
18 75362 101195
18 75362 101196
18 75362 101197
18 75362 101198
18 75362 101199
18 75362 101200
18 75362 101201
18 75362 101202
18 75362 101203
18 75362 101204
18 75362 101205
18 75362 101206
18 75362 101207
18 75362 101208
18 75362 101209
18 75362 101210
18 75362 101211
18 75362 101212
18 75362 101213
18 75362 101214
18 75362 101215
18 75362 101216
18 75362 101217
18 75362 101218
18 75362 101219
18 75362 101220
18 75362 101221
18 75362 101222
18 75362 101223
18 75362 101224
18 75362 101225
18 75362 101226
18 75362 101227
18 75362 101228
18 75362 101229
18 75362 101230
18 75362 101231
18 75362 101232
18 75362 101233
18 75362 101234
18 75362 101235
18 75362 101236
18 75362 101237
18 75362 101238
18 75362 101239
18 75362 101240
18 75362 101241
18 75362 101242
18 75362 101243
18 75362 101244
18 75362 101245
18 75362 101246
18 75362 101247
18 75362 101248
18 75362 101249
18 75362 101250
18 75362 101251
18 75362 101252
18 75362 101253
18 75362 101254
18 75362 101255
18 75362 101256
18 75362 101257
18 75362 101258
18 75362 101259
18 75362 101260
18 75362 101261
18 75362 101262
18 75362 101263
18 75445 100906
18 75531 101219
18 75546 100813
18 75669 100794
18 75708 101153
18 75897 101080
18 75934 100871
18 75942 101067
18 75965 100779
18 76008 100762
18 76015 101182
18 76022 100757
18 76029 101229
3 2 3
4 4 6
4 4 6
5 9 12
5 9 12
6 18 24
6 18 24
