11 513 842
12 1027 1685
12 1027 1685
13 2055 3370
13 2055 3370
13 2055 3371
13 2055 3371
13 2057 3370
13 2057 3370
13 2057 3371
13 2057 3371
13 2057 3372
13 2057 3372
13 2057 3373
13 2057 3373
14 4111 6740
14 4111 6741
14 4111 6742
14 4114 6743
14 4114 6744
14 4114 6745
14 4114 6746
14 4114 6747
15 8223 13481
15 8223 13482
15 8223 13483
15 8223 13484
15 8223 13485
15 8223 13486
15 8223 13495
15 8228 13487
15 8228 13488
15 8228 13489
15 8228 13490
15 8228 13491
15 8228 13492
15 8228 13493
15 8228 13494
16 16446 26962
16 16446 26963
16 16446 26964
16 16446 26965
16 16446 26966
16 16446 26967
16 16446 26968
16 16446 26969
16 16446 26970
16 16446 26971
16 16446 26972
16 16446 26973
16 16446 26974
16 16446 26975
16 16446 26976
16 16446 26977
16 16446 26978
16 16446 26979
16 16446 26980
16 16446 26981
16 16446 26982
16 16446 26983
16 16446 26984
16 16446 26985
16 16446 26986
16 16446 26987
16 16446 26988
16 16446 26989
16 16446 26990
17 32893 53925
17 32893 53926
17 32893 53927
17 32893 53928
17 32893 53929
17 32893 53930
17 32893 53931
17 32893 53932
17 32893 53933
17 32893 53934
17 32893 53935
17 32893 53936
17 32893 53937
17 32893 53938
17 32893 53939
17 32893 53940
17 32893 53941
17 32893 53942
17 32893 53943
17 32893 53944
17 32893 53945
17 32893 53946
17 32893 53947
17 32893 53948
17 32893 53949
17 32893 53950
17 32893 53951
17 32893 53952
17 32893 53953
17 32893 53954
17 32893 53955
17 32893 53956
17 32893 53957
17 32893 53958
17 32893 53959
17 32893 53960
17 32893 53961
17 32893 53962
17 32893 53963
17 32893 53964
17 32893 53965
17 32893 53966
17 32893 53967
17 32893 53968
17 32893 53969
17 32893 53970
17 32893 53971
17 32893 53972
17 32893 53973
17 32893 53974
17 32893 53975
17 32893 53976
17 32893 53977
17 32893 53978
17 32893 53979
17 32893 53980
17 32893 53981
18 65787 107851
3 2 3
4 4 6
4 4 6
5 8 13
5 8 13
6 16 26
6 16 26
7 32 52
7 32 52
8 64 105
8 64 105
