12 1117 1727
12 1117 1728
12 1117 1729
12 1117 1730
12 1117 1731
12 1118 1727
12 1118 1728
12 1118 1729
12 1118 1730
12 1118 1731
12 1119 1727
12 1119 1728
12 1119 1729
12 1119 1730
12 1119 1731
12 1120 1727
12 1120 1728
12 1120 1729
12 1120 1730
12 1121 1727
12 1121 1728
12 1121 1729
12 1121 1730
12 1122 1727
12 1122 1728
12 1122 1729
12 1122 1730
12 1123 1727
12 1123 1728
12 1123 1729
12 1123 1730
12 1124 1727
12 1124 1728
12 1125 1727
12 1125 1728
12 1126 1727
12 1127 1727
12 1128 1727
12 1129 1727
12 1130 1727
12 1131 1727
12 1131 1728
12 1131 1729
12 1131 1730
12 1131 1731
12 1131 1732
13 2234 3455
4 4 6
5 8 13
6 17 26
6 17 27
7 34 53
7 34 54
7 35 53
7 35 54
8 69 107
8 70 107
9 139 215
9 140 215
9 141 215
