10 302 384
11 605 769
11 605 771
12 1211 1539
12 1211 1542
12 1212 1539
12 1214 1542
12 1215 1542
12 1216 1542
13 2423 3078
13 2423 3079
13 2423 3080
13 2423 3083
13 2423 3084
13 2423 3085
13 2424 3078
13 2424 3079
13 2424 3085
13 2425 3078
13 2425 3079
13 2425 3085
13 2426 3078
13 2426 3079
13 2426 3085
13 2427 3078
13 2427 3085
13 2428 3078
13 2428 3084
13 2428 3085
13 2429 3078
13 2429 3084
13 2429 3085
13 2430 3084
13 2430 3085
13 2431 3083
13 2431 3084
13 2431 3085
13 2432 3083
13 2432 3084
13 2432 3085
13 2433 3078
13 2433 3079
13 2433 3080
13 2433 3081
13 2433 3083
13 2433 3084
13 2433 3085
14 4847 6157
14 4847 6158
14 4847 6159
14 4847 6160
14 4847 6161
14 4847 6165
14 4847 6166
14 4847 6167
14 4847 6168
14 4847 6169
14 4847 6170
14 4848 6158
14 4848 6159
14 4848 6160
14 4848 6161
14 4849 6158
14 4849 6159
14 4849 6160
14 4850 6157
14 4850 6159
14 4850 6160
14 4851 6158
14 4851 6159
14 4851 6160
14 4852 6159
14 4853 6157
14 4853 6158
14 4853 6159
14 4854 6158
14 4854 6159
14 4855 6157
14 4855 6158
14 4856 6157
14 4856 6158
14 4857 6157
14 4857 6158
14 4859 6157
14 4860 6157
14 4865 6158
14 4865 6159
14 4866 6158
14 4866 6161
14 4866 6162
14 4866 6163
15 9694 12314
15 9694 12315
15 9694 12316
15 9694 12317
15 9694 12318
15 9694 12319
15 9694 12320
15 9694 12321
15 9694 12322
15 9694 12323
15 9694 12324
15 9694 12326
15 9694 12327
15 9694 12328
15 9694 12329
15 9694 12330
15 9694 12331
15 9694 12332
15 9694 12333
15 9694 12334
15 9694 12335
15 9694 12336
15 9694 12337
15 9694 12338
15 9694 12339
15 9694 12340
15 9695 12315
15 9695 12316
15 9695 12319
15 9695 12321
15 9695 12322
15 9695 12329
15 9695 12330
15 9695 12331
15 9695 12332
15 9695 12333
15 9696 12316
15 9696 12318
15 9696 12323
15 9696 12332
15 9697 12316
15 9697 12317
15 9697 12320
15 9697 12321
15 9697 12322
15 9698 12317
15 9698 12318
15 9698 12320
15 9699 12317
15 9699 12319
15 9700 12315
15 9700 12318
15 9700 12320
15 9700 12321
15 9701 12318
15 9702 12316
15 9702 12319
15 9702 12321
15 9703 12319
15 9703 12320
15 9704 12319
15 9705 12318
15 9706 12315
15 9706 12320
15 9707 12315
15 9707 12317
15 9707 12319
15 9708 12317
15 9708 12319
15 9709 12318
15 9709 12319
15 9710 12317
15 9710 12319
15 9711 12315
15 9711 12317
15 9712 12314
15 9712 12315
15 9713 12317
15 9715 12315
15 9715 12317
15 9717 12316
15 9719 12315
15 9720 12315
15 9730 12318
15 9730 12319
15 9731 12316
15 9731 12317
15 9731 12319
15 9732 12316
15 9732 12317
15 9732 12322
15 9732 12325
15 9732 12326
16 19389 24628
16 19389 24629
16 19389 24630
16 19389 24631
16 19389 24632
16 19389 24633
16 19389 24634
16 19389 24635
16 19389 24636
16 19389 24637
16 19389 24638
16 19389 24639
16 19389 24640
16 19389 24641
16 19389 24642
16 19389 24643
16 19389 24644
16 19389 24645
16 19389 24646
16 19389 24647
16 19389 24648
16 19389 24649
16 19389 24650
16 19389 24651
16 19389 24652
16 19389 24653
16 19389 24654
16 19389 24655
16 19389 24656
16 19389 24657
16 19389 24658
16 19389 24659
16 19389 24660
16 19389 24661
16 19389 24662
16 19389 24663
16 19389 24664
16 19389 24665
16 19389 24666
16 19389 24667
16 19389 24668
16 19389 24669
16 19389 24670
16 19389 24671
16 19389 24672
16 19389 24673
16 19389 24674
16 19389 24675
16 19389 24676
16 19389 24677
16 19389 24678
16 19389 24679
16 19389 24680
16 19390 24630
16 19390 24632
16 19390 24639
16 19390 24642
16 19390 24645
16 19390 24648
16 19390 24651
16 19390 24652
16 19390 24653
16 19390 24654
16 19390 24655
16 19390 24656
16 19390 24659
16 19390 24661
16 19390 24662
16 19391 24633
16 19391 24654
16 19391 24663
16 19391 24664
16 19391 24666
16 19392 24632
16 19392 24647
16 19392 24662
16 19392 24665
16 19393 24636
16 19393 24648
16 19393 24650
16 19393 24652
16 19393 24654
16 19393 24655
16 19394 24634
16 19394 24641
16 19394 24643
16 19394 24648
16 19394 24653
16 19394 24654
16 19394 24655
16 19394 24659
16 19394 24660
16 19395 24632
16 19395 24645
16 19395 24648
16 19395 24655
16 19396 24637
16 19396 24641
16 19396 24654
16 19396 24664
16 19396 24665
16 19397 24635
16 19397 24651
16 19397 24654
16 19397 24665
16 19398 24634
16 19398 24638
16 19398 24650
16 19398 24652
16 19398 24654
16 19398 24658
16 19399 24649
16 19399 24654
16 19399 24664
16 19400 24630
16 19400 24636
16 19400 24641
16 19400 24649
16 19400 24653
16 19400 24654
16 19400 24655
16 19400 24657
16 19401 24637
16 19401 24642
16 19401 24643
16 19401 24653
16 19401 24661
16 19402 24636
16 19402 24648
16 19402 24654
16 19402 24658
16 19402 24661
16 19402 24664
16 19403 24636
16 19403 24648
16 19403 24649
16 19403 24650
16 19403 24653
16 19404 24638
16 19404 24639
16 19404 24643
16 19404 24653
16 19404 24654
16 19404 24660
16 19404 24663
16 19405 24632
16 19405 24647
16 19405 24653
16 19405 24657
16 19405 24663
16 19406 24638
16 19406 24640
16 19406 24652
16 19406 24653
16 19406 24658
16 19406 24662
16 19407 24653
16 19407 24656
16 19407 24661
16 19408 24652
16 19408 24662
16 19409 24639
16 19409 24651
16 19409 24653
16 19409 24658
16 19410 24636
16 19410 24644
16 19410 24646
16 19410 24651
16 19410 24662
16 19411 24651
16 19411 24652
16 19412 24630
16 19412 24641
16 19412 24647
16 19412 24650
16 19412 24651
16 19412 24660
16 19413 24630
16 19414 24630
16 19414 24638
16 19414 24649
16 19414 24650
16 19414 24654
16 19414 24657
16 19414 24659
16 19415 24635
16 19415 24650
16 19416 24634
16 19416 24635
16 19416 24650
16 19416 24655
16 19416 24660
16 19417 24635
16 19417 24638
16 19417 24648
16 19417 24649
16 19417 24656
16 19417 24659
16 19418 24637
16 19418 24639
16 19418 24640
16 19418 24643
16 19418 24647
16 19419 24643
16 19419 24644
16 19419 24646
16 19420 24635
16 19420 24639
16 19420 24641
16 19420 24645
16 19420 24647
16 19421 24643
16 19421 24646
16 19421 24648
16 19422 24634
16 19422 24646
16 19422 24647
16 19423 24630
16 19423 24641
16 19423 24646
16 19423 24661
16 19424 24644
16 19424 24654
16 19424 24656
16 19424 24658
16 19425 24629
16 19425 24630
16 19425 24631
16 19425 24645
16 19426 24634
16 19426 24646
16 19426 24647
16 19426 24657
16 19427 24641
16 19427 24655
16 19428 24645
16 19428 24647
16 19429 24636
16 19429 24644
16 19429 24645
16 19429 24649
16 19429 24656
16 19430 24631
16 19430 24634
16 19430 24635
16 19430 24638
16 19430 24639
16 19430 24640
16 19430 24643
16 19430 24644
16 19430 24659
16 19431 24638
16 19431 24640
16 19431 24642
16 19431 24655
16 19431 24657
16 19431 24661
16 19432 24639
16 19432 24641
16 19432 24642
16 19433 24641
16 19433 24642
16 19434 24636
16 19434 24637
16 19434 24640
16 19435 24633
16 19435 24635
16 19435 24638
16 19435 24639
16 19435 24640
16 19436 24639
16 19436 24641
16 19436 24655
16 19437 24636
16 19437 24639
16 19437 24660
16 19438 24635
16 19438 24636
16 19438 24640
16 19438 24641
16 19438 24659
16 19439 24631
16 19439 24641
16 19439 24659
16 19440 24630
16 19440 24631
16 19440 24636
16 19440 24657
16 19441 24636
16 19441 24637
16 19441 24640
16 19441 24659
16 19442 24635
16 19442 24640
16 19442 24653
16 19442 24658
16 19443 24632
16 19443 24641
16 19443 24652
16 19443 24653
16 19443 24657
16 19444 24635
16 19444 24639
16 19444 24642
16 19445 24641
16 19445 24653
16 19445 24657
16 19446 24632
16 19446 24653
16 19446 24657
16 19447 24631
16 19447 24634
16 19447 24643
16 19447 24653
16 19447 24657
16 19448 24641
16 19448 24656
16 19450 24632
16 19450 24638
16 19450 24643
16 19450 24656
16 19451 24630
16 19451 24631
16 19451 24632
16 19451 24643
16 19451 24656
16 19452 24631
16 19452 24635
16 19452 24642
16 19452 24655
16 19453 24630
16 19453 24632
16 19454 24634
16 19454 24638
16 19454 24639
16 19454 24655
16 19455 24637
16 19455 24640
16 19455 24654
16 19456 24636
16 19458 24653
16 19459 24638
16 19460 24636
16 19460 24637
16 19460 24645
16 19461 24638
16 19462 24638
16 19462 24653
16 19463 24633
16 19463 24634
16 19464 24632
16 19464 24634
16 19464 24644
16 19465 24652
17 38778 49257
17 38778 49258
17 38778 49259
17 38778 49260
17 38778 49261
17 38778 49262
17 38778 49263
17 38778 49264
17 38778 49265
17 38778 49266
17 38778 49267
17 38778 49268
17 38778 49269
17 38778 49270
17 38778 49271
17 38778 49272
17 38778 49273
17 38778 49274
17 38778 49275
17 38778 49276
17 38778 49277
17 38778 49278
17 38778 49279
17 38778 49280
17 38778 49281
17 38778 49282
17 38778 49283
17 38778 49284
17 38778 49285
17 38778 49286
17 38778 49287
17 38778 49288
17 38778 49289
17 38778 49290
17 38778 49291
17 38778 49292
17 38778 49293
17 38778 49294
17 38778 49295
17 38778 49296
17 38778 49297
17 38778 49298
17 38778 49299
17 38778 49300
17 38778 49301
17 38778 49302
17 38778 49303
17 38778 49304
17 38778 49305
17 38778 49306
17 38778 49307
17 38778 49308
17 38778 49309
17 38778 49310
17 38778 49311
17 38778 49312
17 38778 49313
17 38778 49314
17 38778 49315
17 38778 49316
17 38778 49317
17 38778 49318
17 38778 49319
17 38778 49320
17 38778 49321
17 38778 49322
17 38778 49323
17 38778 49324
17 38778 49325
17 38778 49326
17 38778 49327
17 38778 49328
17 38778 49329
17 38778 49330
17 38778 49331
17 38778 49332
17 38778 49333
17 38778 49334
17 38778 49335
17 38778 49336
17 38778 49337
17 38778 49338
17 38778 49339
17 38778 49340
17 38778 49341
17 38778 49342
17 38778 49343
17 38778 49344
17 38778 49345
17 38778 49346
17 38778 49347
17 38778 49348
17 38778 49349
17 38778 49350
17 38778 49351
17 38778 49352
17 38778 49353
17 38778 49354
17 38778 49355
17 38778 49356
17 38778 49357
17 38778 49358
17 38778 49359
17 38778 49360
17 38779 49303
17 38780 49260
17 38780 49291
17 38780 49310
17 38780 49312
17 38781 49265
17 38781 49278
17 38781 49285
17 38781 49296
17 38781 49302
17 38781 49305
17 38781 49306
17 38781 49309
17 38781 49311
17 38781 49313
17 38781 49319
17 38781 49322
17 38781 49325
17 38782 49266
17 38782 49308
17 38782 49326
17 38782 49329
17 38782 49333
17 38783 49308
17 38784 49265
17 38784 49295
17 38784 49324
17 38784 49330
17 38786 49273
17 38786 49297
17 38786 49308
17 38786 49310
17 38787 49301
17 38787 49304
17 38787 49305
17 38789 49269
17 38789 49283
17 38789 49286
17 38789 49297
17 38789 49307
17 38789 49308
17 38789 49310
17 38789 49319
17 38789 49321
17 38790 49264
17 38790 49277
17 38790 49310
17 38791 49290
17 38791 49296
17 38792 49274
17 38792 49283
17 38792 49329
17 38793 49309
17 38793 49330
17 38794 49303
17 38795 49271
17 38795 49302
17 38795 49308
17 38795 49331
17 38796 49269
17 38796 49308
17 38796 49317
17 38797 49276
17 38797 49301
17 38797 49304
17 38797 49308
17 38798 49299
17 38798 49328
17 38799 49309
17 38799 49328
17 38799 49329
17 38800 49272
17 38800 49307
17 38800 49309
17 38800 49310
17 38801 49261
17 38801 49283
17 38801 49298
17 38801 49315
17 38802 49275
17 38802 49285
17 38802 49287
17 38803 49307
17 38803 49323
17 38804 49296
17 38804 49317
17 38804 49322
17 38804 49328
17 38805 49272
17 38805 49296
17 38805 49297
17 38805 49308
17 38806 49299
17 38806 49301
17 38807 49272
17 38807 49296
17 38807 49307
17 38808 49287
17 38808 49320
17 38809 49277
17 38809 49278
17 38809 49307
17 38809 49308
17 38809 49327
17 38810 49307
17 38810 49314
17 38811 49265
17 38811 49295
17 38811 49327
17 38812 49281
17 38812 49304
17 38812 49307
17 38812 49317
17 38812 49325
17 38813 49276
17 38813 49306
17 38814 49306
17 38814 49323
17 38815 49312
17 38815 49313
17 38816 49304
17 38817 49305
17 38817 49325
17 38818 49279
17 38818 49317
17 38819 49302
17 38819 49306
17 38820 49288
17 38820 49303
17 38821 49273
17 38821 49293
17 38821 49324
17 38822 49303
17 38823 49304
17 38824 49282
17 38824 49303
17 38824 49320
17 38825 49260
17 38825 49282
17 38825 49295
17 38825 49300
17 38826 49260
17 38828 49277
17 38828 49301
17 38828 49309
17 38829 49260
17 38829 49261
17 38829 49298
17 38829 49300
17 38829 49314
17 38829 49318
17 38830 49301
17 38831 49271
17 38831 49300
17 38832 49269
17 38833 49271
17 38833 49300
17 38833 49310
17 38833 49320
17 38834 49270
17 38834 49297
17 38834 49298
17 38834 49313
17 38835 49276
17 38835 49277
17 38835 49298
17 38835 49319
17 38836 49295
17 38837 49274
17 38837 49279
17 38837 49281
17 38837 49287
17 38837 49294
17 38837 49295
17 38838 49288
17 38838 49292
17 38838 49293
17 38839 49286
17 38840 49271
17 38840 49278
17 38840 49291
17 38840 49294
17 38841 49283
17 38841 49294
17 38842 49287
17 38842 49292
17 38842 49296
17 38843 49293
17 38844 49292
17 38844 49294
17 38845 49269
17 38846 49283
17 38846 49293
17 38846 49323
17 38847 49260
17 38847 49293
17 38848 49288
17 38848 49316
17 38849 49309
17 38849 49313
17 38850 49291
17 38851 49258
17 38851 49260
17 38851 49262
17 38852 49269
17 38852 49292
17 38852 49293
17 38852 49294
17 38852 49315
17 38853 49268
17 38854 49311
17 38855 49282
17 38856 49291
17 38856 49294
17 38858 49288
17 38858 49291
17 38858 49299
17 38858 49312
17 38859 49273
17 38860 49276
17 38860 49279
17 38860 49287
17 38860 49289
17 38860 49318
17 38861 49263
17 38861 49269
17 38861 49270
17 38861 49279
17 38861 49280
17 38861 49286
17 38862 49280
17 38862 49281
17 38862 49310
17 38862 49314
17 38862 49323
17 38863 49277
17 38863 49280
17 38863 49285
17 38864 49279
17 38865 49283
17 38865 49285
17 38866 49284
17 38867 49282
17 38868 49272
17 38868 49274
17 38868 49281
17 38869 49274
17 38869 49280
17 38870 49276
17 38870 49279
17 38870 49280
17 38871 49267
17 38871 49271
17 38871 49280
17 38872 49278
17 38872 49282
17 38873 49278
17 38873 49310
17 38874 49321
17 38875 49272
17 38875 49279
17 38876 49281
17 38877 49271
17 38877 49272
17 38877 49282
17 38877 49283
17 38877 49319
17 38878 49282
17 38878 49319
17 38879 49262
17 38879 49283
17 38880 49262
17 38880 49272
17 38880 49314
17 38881 49260
17 38883 49272
17 38883 49274
17 38883 49281
17 38883 49318
17 38884 49270
17 38884 49281
17 38885 49307
17 38885 49317
17 38886 49283
17 38887 49265
17 38887 49305
17 38887 49307
17 38887 49315
17 38888 49278
17 38888 49284
17 38889 49271
17 38889 49278
17 38890 49307
17 38890 49315
17 38891 49283
17 38892 49264
17 38893 49307
17 38893 49315
17 38894 49307
17 38894 49315
17 38895 49263
17 38895 49269
17 38895 49287
17 38895 49314
17 38897 49282
17 38897 49313
17 38900 49264
17 38900 49265
17 38900 49276
17 38900 49287
17 38900 49312
17 38901 49277
17 38902 49263
17 38903 49261
17 38903 49265
17 38903 49287
17 38903 49312
17 38904 49263
17 38904 49270
17 38904 49284
17 38904 49311
17 38905 49262
17 38907 49261
17 38907 49265
17 38908 49268
17 38908 49278
17 38908 49311
17 38909 49277
17 38910 49275
17 38910 49309
17 38911 49281
17 38912 49273
17 38916 49307
17 38919 49277
17 38920 49291
17 38921 49273
17 38921 49275
17 38922 49276
17 38924 49276
17 38925 49306
17 38926 49267
17 38927 49269
17 38928 49269
17 38929 49265
17 38929 49289
17 38930 49304
18 77557 98515
18 77557 98516
18 77557 98517
18 77557 98518
18 77557 98519
18 77557 98520
18 77557 98521
18 77557 98522
18 77557 98523
18 77557 98524
18 77557 98525
18 77557 98526
18 77557 98527
18 77557 98528
18 77557 98529
18 77557 98530
18 77557 98531
18 77557 98532
18 77557 98533
18 77557 98534
18 77557 98535
18 77557 98536
18 77557 98537
18 77557 98538
18 77557 98539
18 77557 98540
18 77557 98541
18 77557 98542
18 77557 98543
18 77557 98544
18 77557 98545
18 77557 98546
18 77557 98547
18 77557 98548
18 77557 98549
18 77557 98550
18 77557 98551
18 77557 98552
18 77557 98553
18 77557 98554
18 77557 98555
18 77557 98556
18 77557 98557
18 77557 98558
18 77557 98559
18 77557 98560
18 77557 98561
18 77557 98562
18 77557 98563
18 77557 98564
18 77557 98565
18 77557 98566
18 77557 98567
18 77557 98568
18 77557 98569
18 77557 98570
18 77557 98571
18 77557 98572
18 77557 98573
18 77557 98574
18 77557 98575
18 77557 98576
18 77557 98577
18 77557 98578
18 77557 98579
18 77557 98580
18 77557 98581
18 77557 98582
18 77557 98583
18 77557 98584
18 77557 98585
18 77557 98586
18 77557 98587
18 77557 98588
18 77557 98589
18 77557 98590
18 77557 98591
18 77557 98592
18 77557 98593
18 77557 98594
18 77557 98595
18 77557 98596
18 77557 98597
18 77557 98598
18 77557 98599
18 77557 98600
18 77557 98601
18 77557 98602
18 77557 98603
18 77557 98604
18 77557 98605
18 77557 98606
18 77557 98607
18 77557 98608
18 77557 98609
18 77557 98610
18 77557 98611
18 77557 98612
18 77557 98613
18 77557 98614
18 77557 98615
18 77557 98616
18 77557 98617
18 77557 98618
18 77557 98619
18 77557 98620
18 77557 98621
18 77557 98622
18 77557 98623
18 77557 98624
18 77557 98625
18 77557 98626
18 77557 98627
18 77557 98628
18 77557 98629
18 77557 98630
18 77557 98631
18 77557 98632
18 77557 98633
18 77557 98634
18 77557 98635
18 77557 98636
18 77557 98637
18 77557 98638
18 77557 98639
18 77557 98640
18 77557 98641
18 77557 98642
18 77557 98643
18 77557 98644
18 77557 98645
18 77557 98646
18 77557 98647
18 77557 98648
18 77557 98649
18 77557 98650
18 77557 98651
18 77557 98652
18 77557 98653
18 77557 98654
18 77557 98655
18 77557 98656
18 77557 98657
18 77557 98658
18 77557 98659
18 77557 98660
18 77557 98661
18 77557 98662
18 77557 98663
18 77557 98664
18 77557 98665
18 77557 98666
18 77557 98667
18 77557 98668
18 77557 98669
18 77557 98670
18 77557 98671
18 77557 98672
18 77557 98673
18 77557 98674
18 77557 98675
18 77557 98676
18 77557 98677
18 77557 98678
18 77557 98679
18 77557 98680
18 77557 98681
18 77557 98682
18 77557 98683
18 77557 98684
18 77557 98685
18 77557 98686
18 77557 98687
18 77557 98688
18 77557 98689
18 77557 98690
18 77557 98691
18 77557 98692
18 77557 98693
18 77557 98694
18 77557 98695
18 77557 98696
18 77557 98697
18 77557 98698
18 77557 98699
18 77557 98700
18 77557 98701
18 77557 98702
18 77557 98703
18 77557 98704
18 77557 98705
18 77557 98706
18 77557 98707
18 77557 98708
18 77557 98709
18 77557 98710
18 77557 98711
18 77557 98712
18 77557 98713
18 77557 98714
18 77557 98715
18 77557 98716
18 77557 98717
18 77557 98718
18 77557 98719
18 77557 98720
3 2 3
4 4 6
5 9 12
6 18 24
6 19 24
7 37 48
7 38 48
