12 939 1724
12 939 1724
13 1876 3446
13 1876 3446
13 1876 3447
13 1876 3447
13 1876 3449
13 1876 3449
13 1878 3448
13 1878 3448
13 1878 3449
13 1878 3449
14 3753 6893
14 3753 6894
14 3753 6895
14 3753 6898
14 3756 6896
14 3756 6897
15 7506 13786
15 7506 13787
15 7506 13788
15 7506 13789
15 7506 13790
15 7506 13791
15 7506 13792
15 7506 13793
15 7506 13794
15 7506 13795
15 7506 13796
16 15013 27573
16 15013 27574
16 15013 27575
16 15013 27576
16 15013 27577
16 15013 27578
16 15013 27579
16 15013 27580
16 15013 27581
16 15013 27582
16 15013 27583
16 15013 27584
16 15013 27585
16 15013 27586
16 15013 27587
16 15013 27588
16 15013 27589
16 15013 27590
16 15013 27591
16 15013 27592
17 30026 55147
18 60053 110294
3 1 3
4 3 6
4 3 6
5 7 13
5 7 13
6 14 26
6 14 26
7 29 53
7 29 53
8 58 107
8 58 107
