10 247 422
10 247 423
11 494 845
11 494 845
11 494 846
12 985 1690
12 985 1690
12 986 1690
12 986 1690
12 987 1690
12 987 1690
12 987 1691
12 987 1691
12 987 1692
12 987 1692
12 987 1693
12 987 1693
12 988 1690
12 988 1690
12 988 1691
12 988 1691
12 988 1692
12 988 1692
12 988 1693
12 988 1693
12 988 1694
12 988 1694
12 988 1695
12 988 1695
12 988 1696
12 988 1696
12 988 1697
12 988 1697
12 988 1698
12 988 1698
12 988 1699
12 988 1699
12 989 1690
12 989 1690
12 989 1691
12 989 1691
12 989 1692
12 989 1692
12 989 1693
12 989 1693
12 989 1694
12 989 1694
12 989 1695
12 989 1695
12 989 1696
12 989 1696
12 989 1697
12 989 1697
12 989 1698
12 989 1698
12 989 1699
12 989 1699
12 990 1690
12 990 1690
12 990 1691
12 990 1691
12 990 1692
12 990 1692
12 990 1693
12 990 1693
12 990 1694
12 990 1694
12 990 1695
12 990 1695
12 990 1696
12 990 1696
12 990 1697
12 990 1697
12 990 1698
12 990 1698
12 990 1699
12 990 1699
13 1970 3381
13 1970 3381
13 1970 3382
13 1970 3382
13 1971 3381
13 1971 3381
13 1971 3382
13 1971 3382
13 1972 3381
13 1972 3381
13 1972 3382
13 1972 3382
13 1973 3381
13 1973 3381
13 1973 3382
13 1973 3382
13 1974 3381
13 1974 3381
13 1974 3382
13 1974 3382
13 1974 3383
13 1974 3383
13 1974 3384
13 1974 3384
13 1974 3385
13 1974 3385
13 1974 3386
13 1974 3386
13 1974 3387
13 1974 3387
13 1974 3388
13 1974 3388
13 1975 3381
13 1975 3381
13 1975 3382
13 1975 3382
13 1975 3383
13 1975 3383
13 1975 3384
13 1975 3384
13 1975 3385
13 1975 3385
13 1975 3386
13 1975 3386
13 1975 3387
13 1975 3387
13 1975 3388
13 1975 3388
13 1976 3381
13 1976 3381
13 1976 3382
13 1976 3382
13 1976 3383
13 1976 3383
13 1976 3384
13 1976 3384
13 1976 3385
13 1976 3385
13 1976 3386
13 1976 3386
13 1976 3387
13 1976 3387
13 1976 3388
13 1976 3388
13 1976 3389
13 1976 3389
13 1976 3390
13 1976 3390
13 1976 3391
13 1976 3391
13 1976 3392
13 1976 3392
13 1976 3393
13 1976 3393
13 1976 3394
13 1976 3394
13 1976 3395
13 1976 3395
13 1976 3396
13 1976 3396
13 1976 3397
13 1976 3397
13 1976 3398
13 1976 3398
13 1977 3381
13 1977 3381
13 1977 3382
13 1977 3382
13 1977 3383
13 1977 3383
13 1977 3384
13 1977 3384
13 1977 3385
13 1977 3385
13 1977 3386
13 1977 3386
13 1977 3387
13 1977 3387
13 1977 3388
13 1977 3388
13 1977 3389
13 1977 3389
13 1977 3390
13 1977 3390
13 1977 3391
13 1977 3391
13 1977 3392
13 1977 3392
13 1977 3393
13 1977 3393
13 1977 3394
13 1977 3394
13 1977 3395
13 1977 3395
13 1977 3396
13 1977 3396
13 1977 3397
13 1977 3397
13 1977 3398
13 1977 3398
13 1978 3381
13 1978 3381
13 1978 3382
13 1978 3382
13 1978 3383
13 1978 3383
13 1978 3384
13 1978 3384
13 1978 3385
13 1978 3385
13 1978 3386
13 1978 3386
13 1978 3387
13 1978 3387
13 1978 3388
13 1978 3388
13 1978 3389
13 1978 3389
13 1978 3390
13 1978 3390
13 1978 3391
13 1978 3391
13 1978 3392
13 1978 3392
13 1978 3393
13 1978 3393
13 1978 3394
13 1978 3394
13 1978 3395
13 1978 3395
13 1978 3396
13 1978 3396
13 1978 3397
13 1978 3397
13 1978 3398
13 1978 3398
13 1979 3381
13 1979 3381
13 1979 3382
13 1979 3382
13 1979 3383
13 1979 3383
13 1979 3384
13 1979 3384
13 1979 3385
13 1979 3385
13 1979 3386
13 1979 3386
13 1979 3387
13 1979 3387
13 1979 3388
13 1979 3388
13 1979 3389
13 1979 3389
13 1979 3390
13 1979 3390
13 1979 3391
13 1979 3391
13 1979 3392
13 1979 3392
13 1979 3393
13 1979 3393
13 1979 3394
13 1979 3394
13 1979 3395
13 1979 3395
13 1979 3396
13 1979 3396
13 1979 3397
13 1979 3397
13 1979 3398
13 1979 3398
13 1980 3381
13 1980 3381
13 1980 3382
13 1980 3382
13 1980 3383
13 1980 3383
13 1980 3384
13 1980 3384
13 1980 3385
13 1980 3385
13 1980 3386
13 1980 3386
13 1980 3387
13 1980 3387
13 1980 3388
13 1980 3388
13 1980 3389
13 1980 3389
13 1980 3390
13 1980 3390
13 1980 3391
13 1980 3391
13 1980 3392
13 1980 3392
13 1980 3393
13 1980 3393
13 1980 3394
13 1980 3394
13 1980 3395
13 1980 3395
13 1980 3396
13 1980 3396
13 1980 3397
13 1980 3397
13 1980 3398
13 1980 3398
14 3941 6762
14 3951 6764
14 3953 6768
15 7882 13525
15 7903 13528
15 7906 13537
16 15764 27051
16 15806 27057
16 15813 27074
17 31528 54102
18 63057 108205
3 1 3
4 3 6
4 3 6
5 7 13
5 7 13
6 15 26
6 15 26
7 30 52
7 30 52
7 30 53
7 30 53
14 3941 6763
14 3941 6764
14 3941 6765
14 3947 6766
14 3947 6767
14 3947 6768
14 3947 6769
14 3947 6770
14 3947 6771
14 3947 6772
14 3947 6773
14 3947 6774
14 3947 6775
14 3947 6776
14 3947 6777
14 3952 6778
14 3952 6779
14 3952 6780
14 3952 6781
14 3952 6782
14 3952 6783
14 3952 6784
14 3952 6785
14 3952 6786
14 3952 6787
14 3952 6788
14 3952 6789
14 3952 6790
14 3952 6791
14 3952 6792
14 3952 6793
14 3952 6794
14 3952 6795
14 3952 6796
14 3941 6797
15 7882 13526
15 7882 13527
15 7882 13528
15 7882 13529
15 7882 13530
15 7882 13531
15 7882 13532
15 7882 13533
15 7882 13534
15 7882 13535
15 7882 13536
15 7882 13537
15 7882 13538
15 7882 13539
15 7882 13540
15 7882 13541
15 7882 13542
15 7882 13543
15 7882 13544
15 7882 13545
15 7882 13546
15 7882 13547
15 7882 13548
15 7882 13549
15 7882 13550
15 7882 13551
15 7882 13552
15 7882 13553
15 7882 13554
15 7882 13555
15 7882 13556
15 7882 13557
15 7882 13558
15 7882 13559
15 7882 13560
15 7882 13561
15 7882 13562
15 7882 13563
15 7882 13564
15 7882 13565
15 7882 13566
15 7882 13567
15 7882 13568
15 7882 13569
15 7882 13570
15 7882 13571
15 7882 13572
15 7882 13573
15 7882 13574
15 7882 13575
15 7882 13576
15 7882 13577
15 7882 13578
15 7882 13579
15 7882 13580
15 7882 13581
15 7882 13582
15 7882 13583
15 7882 13584
15 7882 13585
15 7882 13586
15 7882 13587
15 7882 13588
15 7882 13589
15 7882 13590
15 7882 13591
15 7882 13592
15 7882 13593
15 7882 13594
