12 1119 1670
12 1119 1670
12 1120 1670
12 1120 1670
12 1121 1670
12 1121 1670
12 1122 1670
12 1122 1670
12 1123 1670
12 1123 1670
12 1124 1670
12 1124 1670
12 1125 1670
12 1125 1670
12 1126 1670
12 1126 1670
12 1127 1670
12 1127 1670
13 2238 3341
13 2238 3341
13 2238 3342
13 2238 3342
13 2238 3343
13 2238 3343
13 2238 3344
13 2238 3344
13 2238 3345
13 2238 3345
13 2238 3346
13 2238 3346
13 2238 3347
13 2238 3347
13 2238 3348
13 2238 3348
13 2238 3349
13 2238 3349
13 2238 3350
13 2238 3350
13 2238 3351
13 2238 3351
13 2238 3352
13 2238 3352
13 2238 3353
13 2238 3353
13 2238 3354
13 2238 3354
13 2238 3355
13 2238 3355
13 2238 3356
13 2238 3356
13 2238 3357
13 2238 3357
13 2238 3358
13 2238 3358
13 2238 3359
13 2238 3359
13 2238 3360
13 2238 3360
13 2238 3361
13 2238 3361
13 2238 3362
13 2238 3362
13 2238 3363
13 2238 3363
13 2238 3364
13 2238 3364
13 2238 3365
13 2238 3365
13 2239 3341
13 2239 3341
13 2239 3365
13 2239 3365
13 2240 3341
13 2240 3341
13 2240 3365
13 2240 3365
13 2241 3341
13 2241 3341
13 2241 3365
13 2241 3365
13 2242 3341
13 2242 3341
13 2242 3365
13 2242 3365
13 2243 3341
13 2243 3341
13 2243 3365
13 2243 3365
13 2244 3341
13 2244 3341
13 2244 3365
13 2244 3365
13 2245 3341
13 2245 3341
13 2245 3365
13 2245 3365
13 2246 3341
13 2246 3341
13 2246 3365
13 2246 3365
13 2247 3341
13 2247 3341
13 2247 3365
13 2247 3365
13 2248 3341
13 2248 3341
13 2248 3365
13 2248 3365
13 2249 3341
13 2249 3341
13 2249 3365
13 2249 3365
13 2250 3341
13 2250 3341
13 2250 3365
13 2250 3365
13 2251 3341
13 2251 3341
13 2251 3365
13 2251 3365
13 2252 3341
13 2252 3341
13 2252 3365
13 2252 3365
13 2253 3341
13 2253 3341
13 2253 3365
13 2253 3365
13 2254 3341
13 2254 3341
13 2254 3365
13 2254 3365
14 4477 6683
14 4477 6730
14 4481 6730
14 4485 6730
15 8954 13366
15 8955 13460
15 8957 13459
15 8958 13459
15 8963 13460
15 8968 13459
15 8970 13460
16 17909 26733
16 17910 26920
16 17913 26912
16 17914 26919
16 17916 26919
16 17917 26903
16 17918 26911
16 17924 26894
16 17926 26899
16 17926 26920
16 17931 26794
16 17931 26909
16 17933 26908
16 17934 26806
16 17934 26886
16 17935 26896
16 17935 26909
16 17936 26760
16 17937 26890
16 17937 26919
16 17938 26892
16 17938 26897
16 17938 26908
16 17938 26910
16 17939 26893
16 17939 26897
16 17939 26914
16 17940 26921
16 17941 26896
16 17941 26917
16 17942 26891
16 17943 26897
16 17971 26742
17 35818 53466
3 2 3
4 4 6
4 4 6
5 8 13
5 8 13
6 17 26
6 17 26
7 34 52
7 34 52
7 35 52
7 35 52
