11 492 842
11 492 842
11 494 842
11 497 842
12 1000 1684
12 1000 1684
12 1000 1685
12 1000 1685
12 1001 1684
12 1001 1684
12 1001 1685
12 1001 1685
12 1002 1684
12 1002 1684
12 1002 1685
12 1002 1685
12 1003 1684
12 1003 1684
12 1003 1685
12 1003 1685
12 1004 1684
12 1004 1684
12 1004 1685
12 1004 1685
12 1005 1684
12 1005 1684
12 1005 1685
12 1005 1685
12 1006 1684
12 1006 1684
12 1006 1685
12 1006 1685
12 1007 1684
12 1007 1684
12 1007 1685
12 1007 1685
12 985 1684
12 985 1684
12 985 1685
12 985 1685
12 986 1684
12 986 1684
12 986 1685
12 986 1685
12 987 1684
12 987 1684
12 987 1685
12 987 1685
12 988 1684
12 988 1684
12 988 1685
12 988 1685
12 989 1684
12 989 1684
12 989 1685
12 989 1685
12 990 1684
12 990 1684
12 990 1685
12 990 1685
12 991 1684
12 991 1684
12 991 1685
12 991 1685
12 992 1684
12 992 1684
12 992 1685
12 992 1685
12 993 1684
12 993 1684
12 993 1685
12 993 1685
12 994 1684
12 994 1684
12 994 1685
12 994 1685
12 995 1684
12 995 1684
12 995 1685
12 995 1685
12 996 1684
12 996 1684
12 996 1685
12 996 1685
12 997 1684
12 997 1684
12 997 1685
12 997 1685
12 998 1684
12 998 1684
12 998 1685
12 998 1685
12 999 1684
12 999 1684
12 999 1685
12 999 1685
13 1971 3368
13 1971 3368
13 1971 3369
13 1971 3369
13 1971 3370
13 1971 3370
13 1971 3371
13 1971 3371
13 1971 3395
13 1971 3395
13 1972 3368
13 1972 3368
13 1972 3369
13 1972 3369
13 1972 3370
13 1972 3370
13 1972 3371
13 1972 3371
13 1972 3395
13 1972 3395
13 1973 3368
13 1973 3368
13 1973 3369
13 1973 3369
13 1973 3370
13 1973 3370
13 1973 3371
13 1973 3371
13 1973 3395
13 1973 3395
13 1974 3368
13 1974 3368
13 1974 3369
13 1974 3369
13 1974 3370
13 1974 3370
13 1974 3371
13 1974 3371
13 1974 3395
13 1974 3395
13 1975 3368
13 1975 3368
13 1975 3369
13 1975 3369
13 1975 3370
13 1975 3370
13 1975 3371
13 1975 3371
13 1975 3395
13 1975 3395
13 1976 3368
13 1976 3368
13 1976 3369
13 1976 3369
13 1976 3370
13 1976 3370
13 1976 3371
13 1976 3371
13 1976 3395
13 1976 3395
13 1977 3368
13 1977 3368
13 1977 3369
13 1977 3369
13 1977 3370
13 1977 3370
13 1977 3371
13 1977 3371
13 1977 3395
13 1977 3395
13 1978 3368
13 1978 3368
13 1978 3369
13 1978 3369
13 1978 3370
13 1978 3370
13 1978 3371
13 1978 3371
13 1978 3395
13 1978 3395
13 1979 3368
13 1979 3368
13 1979 3369
13 1979 3369
13 1979 3370
13 1979 3370
13 1979 3371
13 1979 3371
13 1979 3395
13 1979 3395
13 1980 3368
13 1980 3368
13 1980 3369
13 1980 3369
13 1980 3370
13 1980 3370
13 1980 3371
13 1980 3371
13 1980 3395
13 1980 3395
13 1981 3368
13 1981 3368
13 1981 3369
13 1981 3369
13 1981 3370
13 1981 3370
13 1981 3371
13 1981 3371
13 1981 3395
13 1981 3395
13 1982 3368
13 1982 3368
13 1982 3369
13 1982 3369
13 1982 3370
13 1982 3370
13 1982 3371
13 1982 3371
13 1982 3395
13 1982 3395
13 1983 3368
13 1983 3368
13 1983 3369
13 1983 3369
13 1983 3370
13 1983 3370
13 1983 3371
13 1983 3371
13 1983 3395
13 1983 3395
13 1984 3368
13 1984 3368
13 1984 3369
13 1984 3369
13 1984 3370
13 1984 3370
13 1984 3371
13 1984 3371
13 1984 3395
13 1984 3395
13 1985 3368
13 1985 3368
13 1985 3369
13 1985 3369
13 1985 3370
13 1985 3370
13 1985 3371
13 1985 3371
13 1985 3395
13 1985 3395
13 1986 3368
13 1986 3368
13 1986 3369
13 1986 3369
13 1986 3370
13 1986 3370
13 1986 3371
13 1986 3371
13 1986 3395
13 1986 3395
13 1987 3368
13 1987 3368
13 1987 3369
13 1987 3369
13 1987 3370
13 1987 3370
13 1987 3371
13 1987 3371
13 1987 3395
13 1987 3395
13 1988 3368
13 1988 3368
13 1988 3369
13 1988 3369
13 1988 3370
13 1988 3370
13 1988 3371
13 1988 3371
13 1988 3395
13 1988 3395
13 1989 3368
13 1989 3368
13 1989 3369
13 1989 3369
13 1989 3370
13 1989 3370
13 1989 3371
13 1989 3371
13 1989 3395
13 1989 3395
13 1990 3368
13 1990 3368
13 1990 3369
13 1990 3369
13 1990 3370
13 1990 3370
13 1990 3371
13 1990 3371
13 1990 3395
13 1990 3395
13 1991 3368
13 1991 3368
13 1991 3369
13 1991 3369
13 1991 3370
13 1991 3370
13 1991 3371
13 1991 3371
13 1991 3395
13 1991 3395
13 1992 3368
13 1992 3368
13 1992 3369
13 1992 3369
13 1992 3370
13 1992 3370
13 1992 3371
13 1992 3371
13 1992 3395
13 1992 3395
13 1993 3368
13 1993 3368
13 1993 3369
13 1993 3369
13 1993 3370
13 1993 3370
13 1993 3371
13 1993 3371
13 1993 3395
13 1993 3395
13 1994 3368
13 1994 3368
13 1994 3369
13 1994 3369
13 1994 3370
13 1994 3370
13 1994 3371
13 1994 3371
13 1994 3395
13 1994 3395
13 1995 3368
13 1995 3368
13 1995 3369
13 1995 3369
13 1995 3370
13 1995 3370
13 1995 3371
13 1995 3371
13 1995 3395
13 1995 3395
13 1996 3368
13 1996 3368
13 1996 3369
13 1996 3369
13 1996 3370
13 1996 3370
13 1996 3371
13 1996 3371
13 1996 3395
13 1996 3395
13 1997 3368
13 1997 3368
13 1997 3369
13 1997 3369
13 1997 3370
13 1997 3370
13 1997 3371
13 1997 3371
13 1997 3395
13 1997 3395
13 1998 3368
13 1998 3368
13 1998 3369
13 1998 3369
13 1998 3370
13 1998 3370
13 1998 3371
13 1998 3371
13 1998 3395
13 1998 3395
13 1999 3368
13 1999 3368
13 1999 3369
13 1999 3369
13 1999 3370
13 1999 3370
13 1999 3371
13 1999 3371
13 1999 3395
13 1999 3395
13 2000 3368
13 2000 3368
13 2000 3369
13 2000 3369
13 2000 3370
13 2000 3370
13 2000 3371
13 2000 3371
13 2000 3395
13 2000 3395
13 2001 3368
13 2001 3368
13 2001 3369
13 2001 3369
13 2001 3370
13 2001 3370
13 2001 3371
13 2001 3371
13 2001 3395
13 2001 3395
13 2002 3368
13 2002 3368
13 2002 3369
13 2002 3369
13 2002 3370
13 2002 3370
13 2002 3371
13 2002 3371
13 2002 3395
13 2002 3395
13 2003 3368
13 2003 3368
13 2003 3369
13 2003 3369
13 2003 3370
13 2003 3370
13 2003 3371
13 2003 3371
13 2003 3395
13 2003 3395
13 2004 3368
13 2004 3368
13 2004 3369
13 2004 3369
13 2004 3370
13 2004 3370
13 2004 3371
13 2004 3371
13 2004 3395
13 2004 3395
13 2005 3368
13 2005 3368
13 2005 3369
13 2005 3369
13 2005 3370
13 2005 3370
13 2005 3371
13 2005 3371
13 2005 3395
13 2005 3395
13 2006 3368
13 2006 3368
13 2006 3369
13 2006 3369
13 2006 3370
13 2006 3370
13 2006 3371
13 2006 3371
13 2006 3395
13 2006 3395
13 2007 3368
13 2007 3368
13 2007 3369
13 2007 3369
13 2007 3370
13 2007 3370
13 2007 3371
13 2007 3371
13 2007 3395
13 2007 3395
13 2008 3368
13 2008 3368
13 2008 3369
13 2008 3369
13 2008 3370
13 2008 3370
13 2008 3371
13 2008 3371
13 2008 3395
13 2008 3395
13 2009 3368
13 2009 3368
13 2009 3369
13 2009 3369
13 2009 3370
13 2009 3370
13 2009 3371
13 2009 3371
13 2009 3395
13 2009 3395
13 2010 3368
13 2010 3368
13 2010 3369
13 2010 3369
13 2010 3370
13 2010 3370
13 2010 3371
13 2010 3371
13 2010 3395
13 2010 3395
13 2011 3368
13 2011 3368
13 2011 3369
13 2011 3369
13 2011 3370
13 2011 3370
13 2011 3371
13 2011 3371
13 2011 3395
13 2011 3395
13 2012 3368
13 2012 3368
13 2012 3369
13 2012 3369
13 2012 3370
13 2012 3370
13 2012 3371
13 2012 3371
13 2012 3395
13 2012 3395
13 2013 3368
13 2013 3368
13 2013 3369
13 2013 3369
13 2013 3370
13 2013 3370
13 2013 3371
13 2013 3371
13 2013 3395
13 2013 3395
13 2014 3368
13 2014 3368
13 2014 3369
13 2014 3369
13 2014 3370
13 2014 3370
13 2014 3371
13 2014 3371
13 2014 3395
13 2014 3395
13 2015 3368
13 2015 3368
13 2015 3369
13 2015 3369
13 2015 3370
13 2015 3370
13 2015 3371
13 2015 3371
13 2015 3372
13 2015 3372
13 2015 3373
13 2015 3373
13 2015 3374
13 2015 3374
13 2015 3375
13 2015 3375
13 2015 3376
13 2015 3376
13 2015 3377
13 2015 3377
13 2015 3378
13 2015 3378
13 2015 3379
13 2015 3379
13 2015 3380
13 2015 3380
13 2015 3381
13 2015 3381
13 2015 3382
13 2015 3382
13 2015 3383
13 2015 3383
13 2015 3384
13 2015 3384
13 2015 3385
13 2015 3385
13 2015 3386
13 2015 3386
13 2015 3387
13 2015 3387
13 2015 3388
13 2015 3388
13 2015 3389
13 2015 3389
13 2015 3390
13 2015 3390
13 2015 3391
13 2015 3391
13 2015 3392
13 2015 3392
13 2015 3393
13 2015 3393
13 2015 3394
13 2015 3394
13 2015 3395
13 2015 3395
14 3942 6736
14 3942 6737
14 3942 6738
14 3942 6739
14 3942 6740
14 3942 6741
14 3942 6742
14 3942 6743
14 3942 6744
14 3942 6745
14 3942 6746
14 3942 6747
14 3942 6748
14 3942 6749
14 3942 6750
14 3942 6751
14 3942 6752
14 3942 6753
14 3942 6754
14 3942 6755
14 3942 6756
14 3942 6757
14 3942 6758
14 3942 6759
14 3942 6760
14 3942 6761
14 3942 6762
14 3942 6763
14 3942 6764
14 3942 6765
14 3942 6766
14 3942 6767
14 3942 6768
14 3942 6769
14 3942 6770
14 3942 6771
14 3942 6772
14 3942 6773
14 3942 6774
14 3942 6775
14 3942 6776
14 3942 6777
14 3942 6778
14 3942 6779
14 3942 6780
14 3942 6781
14 3942 6782
14 3942 6783
14 3942 6784
14 3942 6785
14 3942 6786
14 3942 6787
14 3942 6788
14 3942 6789
14 3942 6790
14 3942 6791
14 3949 6746
14 3950 6746
14 3951 6764
14 3953 6749
14 3953 6768
14 3955 6749
14 3958 6742
14 3979 6737
14 3982 6745
14 3992 6746
14 4007 6768
14 4010 6777
14 4013 6781
15 7884 13473
15 7884 13474
15 7884 13475
15 7884 13476
15 7884 13477
15 7884 13478
15 7884 13479
15 7884 13480
15 7884 13481
15 7884 13482
15 7884 13483
15 7884 13484
15 7884 13485
15 7884 13486
15 7884 13487
15 7884 13488
15 7884 13489
15 7884 13490
15 7884 13491
15 7884 13492
15 7884 13493
15 7884 13494
15 7884 13495
15 7884 13496
15 7884 13497
15 7884 13498
15 7884 13499
15 7884 13500
15 7884 13501
15 7884 13502
15 7884 13503
15 7884 13504
15 7884 13505
15 7884 13506
15 7884 13507
15 7884 13508
15 7884 13509
15 7884 13510
15 7884 13511
15 7884 13512
15 7884 13513
15 7884 13514
15 7884 13515
15 7884 13516
15 7884 13517
15 7884 13518
15 7884 13519
15 7884 13520
15 7884 13521
15 7884 13522
15 7884 13523
15 7884 13524
15 7884 13525
15 7884 13526
15 7884 13527
15 7884 13528
15 7884 13529
15 7884 13530
15 7884 13531
15 7884 13532
15 7884 13533
15 7884 13534
15 7884 13535
15 7884 13536
15 7884 13537
15 7884 13538
15 7884 13539
15 7884 13540
15 7884 13541
15 7884 13542
15 7884 13543
15 7884 13544
15 7884 13545
15 7884 13546
15 7884 13547
15 7884 13548
15 7884 13549
15 7884 13550
15 7884 13551
15 7884 13552
15 7884 13553
15 7884 13554
15 7884 13555
15 7884 13556
15 7884 13557
15 7884 13558
15 7884 13559
15 7884 13560
15 7884 13561
15 7884 13562
15 7884 13563
15 7884 13564
15 7884 13565
15 7884 13566
15 7884 13567
15 7884 13568
15 7884 13569
15 7884 13570
15 7884 13571
15 7884 13572
15 7884 13573
15 7884 13574
15 7884 13575
15 7884 13576
15 7884 13577
15 7884 13578
15 7884 13579
15 7884 13580
15 7884 13581
15 7884 13582
15 7884 13583
15 7899 13492
15 7900 13493
15 7903 13528
15 7906 13537
15 7907 13499
15 7910 13498
15 7917 13485
15 7958 13475
15 7965 13490
15 7985 13493
15 8014 13536
15 8021 13555
15 8027 13562
16 15769 26947
16 15769 26948
16 15769 26949
16 15769 26950
16 15769 26951
16 15769 26952
16 15769 26953
16 15769 26954
16 15769 26955
16 15769 26956
16 15769 26957
16 15769 26958
16 15769 26959
16 15769 26960
16 15769 26961
16 15769 26962
16 15769 26963
16 15769 26964
16 15769 26965
16 15769 26966
16 15769 26967
16 15769 26968
16 15769 26969
16 15769 26970
16 15769 26971
16 15769 26972
16 15769 26973
16 15769 26974
16 15769 26975
16 15769 26976
16 15769 26977
16 15769 26978
16 15769 26979
16 15769 26980
16 15769 26981
16 15769 26982
16 15769 26983
16 15769 26984
16 15769 26985
16 15769 26986
16 15769 26987
16 15769 26988
16 15769 26989
16 15769 26990
16 15769 26991
16 15769 26992
16 15769 26993
16 15769 26994
16 15769 26995
16 15769 26996
16 15769 26997
16 15769 26998
16 15769 26999
16 15769 27000
16 15769 27001
16 15769 27002
16 15769 27003
16 15769 27004
16 15769 27005
16 15769 27006
16 15769 27007
16 15769 27008
16 15769 27009
16 15769 27010
16 15769 27011
16 15769 27012
16 15769 27013
16 15769 27014
16 15769 27015
16 15769 27016
16 15769 27017
16 15769 27018
16 15769 27019
16 15769 27020
16 15769 27021
16 15769 27022
16 15769 27023
16 15769 27024
16 15769 27025
16 15769 27026
16 15769 27027
16 15769 27028
16 15769 27029
16 15769 27030
16 15769 27031
16 15769 27032
16 15769 27033
16 15769 27034
16 15769 27035
16 15769 27036
16 15769 27037
16 15769 27038
16 15769 27039
16 15769 27040
16 15769 27041
16 15769 27042
16 15769 27043
16 15769 27044
16 15769 27045
16 15769 27046
16 15769 27047
16 15769 27048
16 15769 27049
16 15769 27050
16 15769 27051
16 15769 27052
16 15769 27053
16 15769 27054
16 15769 27055
16 15769 27056
16 15769 27057
16 15769 27058
16 15769 27059
16 15769 27060
16 15769 27061
16 15769 27062
16 15769 27063
16 15769 27064
16 15769 27065
16 15769 27066
16 15769 27067
16 15769 27068
16 15769 27069
16 15769 27070
16 15769 27071
16 15769 27072
16 15769 27073
16 15769 27074
16 15769 27075
16 15769 27076
16 15769 27077
16 15769 27078
16 15769 27079
16 15769 27080
16 15769 27081
16 15769 27082
16 15769 27083
16 15769 27084
16 15769 27085
16 15769 27086
16 15769 27087
16 15769 27088
16 15769 27089
16 15769 27090
16 15769 27091
16 15769 27092
16 15769 27093
16 15769 27094
16 15769 27095
16 15769 27096
16 15769 27097
16 15769 27098
16 15769 27099
16 15769 27100
16 15769 27101
16 15769 27102
16 15769 27103
16 15769 27104
16 15769 27105
16 15769 27106
16 15769 27107
16 15769 27108
16 15769 27109
16 15769 27110
16 15769 27111
16 15769 27112
16 15769 27113
16 15769 27114
16 15769 27115
16 15769 27116
16 15769 27117
16 15769 27118
16 15769 27119
16 15769 27120
16 15769 27121
16 15769 27122
16 15769 27123
16 15769 27124
16 15769 27125
16 15769 27126
16 15769 27127
16 15769 27128
16 15769 27129
16 15769 27130
16 15769 27131
16 15769 27132
16 15769 27133
16 15769 27134
16 15769 27135
16 15769 27136
16 15769 27137
16 15769 27138
16 15769 27139
16 15769 27140
16 15769 27141
16 15769 27142
16 15769 27143
16 15769 27144
16 15769 27145
16 15769 27146
16 15769 27147
16 15769 27148
16 15769 27149
16 15769 27150
16 15769 27151
16 15769 27152
16 15769 27153
16 15769 27154
16 15769 27155
16 15769 27156
16 15769 27157
16 15769 27158
16 15769 27159
16 15769 27160
16 15769 27161
16 15769 27162
16 15769 27163
16 15769 27164
16 15769 27165
16 15769 27166
16 15799 26984
16 15801 26987
16 15806 27057
16 15813 27074
16 15815 26999
16 15820 26997
16 15834 26970
16 15917 26950
16 15931 26981
16 15971 26986
16 16029 27073
16 16043 27110
16 16055 27125
17 31538 53894
17 31538 53895
17 31538 53896
17 31538 53897
17 31538 53898
17 31538 53899
17 31538 53900
17 31538 53901
17 31538 53902
17 31538 53903
17 31538 53904
17 31538 53905
17 31538 53906
17 31538 53907
17 31538 53908
17 31538 53909
17 31538 53910
17 31538 53911
17 31538 53912
17 31538 53913
17 31538 53914
17 31538 53915
17 31538 53916
17 31538 53917
17 31538 53918
17 31538 53919
17 31538 53920
17 31538 53921
17 31538 53922
17 31538 53923
17 31538 53924
17 31538 53925
17 31538 53926
17 31538 53927
17 31538 53928
17 31538 53929
17 31538 53930
17 31538 53931
17 31538 53932
17 31538 53933
17 31538 53934
17 31538 53935
17 31538 53936
17 31538 53937
17 31538 53938
17 31538 53939
17 31538 53940
17 31538 53941
17 31538 53942
17 31538 53943
17 31538 53944
17 31538 53945
17 31538 53946
17 31538 53947
17 31538 53948
17 31538 53949
17 31538 53950
17 31538 53951
17 31538 53952
17 31538 53953
17 31538 53954
17 31538 53955
17 31538 53956
17 31538 53957
17 31538 53958
17 31538 53959
17 31538 53960
17 31538 53961
17 31538 53962
17 31538 53963
17 31538 53964
17 31538 53965
17 31538 53966
17 31538 53967
17 31538 53968
17 31538 53969
17 31538 53970
17 31538 53971
17 31538 53972
17 31538 53973
17 31538 53974
17 31538 53975
17 31538 53976
17 31538 53977
17 31538 53978
17 31538 53979
17 31538 53980
17 31538 53981
17 31538 53982
17 31538 53983
17 31538 53984
17 31538 53985
17 31538 53986
17 31538 53987
17 31538 53988
17 31538 53989
17 31538 53990
17 31538 53991
17 31538 53992
17 31538 53993
17 31538 53994
17 31538 53995
17 31538 53996
17 31538 53997
17 31538 53998
17 31538 53999
17 31538 54000
17 31538 54001
17 31538 54002
17 31538 54003
17 31538 54004
17 31538 54005
17 31538 54006
17 31538 54007
17 31538 54008
17 31538 54009
17 31538 54010
17 31538 54011
17 31538 54012
17 31538 54013
17 31538 54014
17 31538 54015
17 31538 54016
17 31538 54017
17 31538 54018
17 31538 54019
17 31538 54020
17 31538 54021
17 31538 54022
17 31538 54023
17 31538 54024
17 31538 54025
17 31538 54026
17 31538 54027
17 31538 54028
17 31538 54029
17 31538 54030
17 31538 54031
17 31538 54032
17 31538 54033
17 31538 54034
17 31538 54035
17 31538 54036
17 31538 54037
17 31538 54038
17 31538 54039
17 31538 54040
17 31538 54041
17 31538 54042
17 31538 54043
17 31538 54044
17 31538 54045
17 31538 54046
17 31538 54047
17 31538 54048
17 31538 54049
17 31538 54050
17 31538 54051
17 31538 54052
17 31538 54053
17 31538 54054
17 31538 54055
17 31538 54056
17 31538 54057
17 31538 54058
17 31538 54059
17 31538 54060
17 31538 54061
17 31538 54062
17 31538 54063
17 31538 54064
17 31538 54065
17 31538 54066
17 31538 54067
17 31538 54068
17 31538 54069
17 31538 54070
17 31538 54071
17 31538 54072
17 31538 54073
17 31538 54074
17 31538 54075
17 31538 54076
17 31538 54077
17 31538 54078
17 31538 54079
17 31538 54080
17 31538 54081
17 31538 54082
17 31538 54083
17 31538 54084
17 31538 54085
17 31538 54086
17 31538 54087
17 31538 54088
17 31538 54089
17 31538 54090
17 31538 54091
17 31538 54092
17 31538 54093
17 31538 54094
17 31538 54095
17 31538 54096
17 31538 54097
17 31538 54098
17 31538 54099
17 31538 54100
17 31538 54101
17 31538 54102
17 31538 54103
17 31538 54104
17 31538 54105
17 31538 54106
17 31538 54107
17 31538 54108
17 31538 54109
17 31538 54110
17 31538 54111
17 31538 54112
17 31538 54113
17 31538 54114
17 31538 54115
17 31538 54116
17 31538 54117
17 31538 54118
17 31538 54119
17 31538 54120
17 31538 54121
17 31538 54122
17 31538 54123
17 31538 54124
17 31538 54125
17 31538 54126
17 31538 54127
17 31538 54128
17 31538 54129
17 31538 54130
17 31538 54131
17 31538 54132
17 31538 54133
17 31538 54134
17 31538 54135
17 31538 54136
17 31538 54137
17 31538 54138
17 31538 54139
17 31538 54140
17 31538 54141
17 31538 54142
17 31538 54143
17 31538 54144
17 31538 54145
17 31538 54146
17 31538 54147
17 31538 54148
17 31538 54149
17 31538 54150
17 31538 54151
17 31538 54152
17 31538 54153
17 31538 54154
17 31538 54155
17 31538 54156
17 31538 54157
17 31538 54158
17 31538 54159
17 31538 54160
17 31538 54161
17 31538 54162
17 31538 54163
17 31538 54164
17 31538 54165
17 31538 54166
17 31538 54167
17 31538 54168
17 31538 54169
17 31538 54170
17 31538 54171
17 31538 54172
17 31538 54173
17 31538 54174
17 31538 54175
17 31538 54176
17 31538 54177
17 31538 54178
17 31538 54179
17 31538 54180
17 31538 54181
17 31538 54182
17 31538 54183
17 31538 54184
17 31538 54185
17 31538 54186
17 31538 54187
17 31538 54188
17 31538 54189
17 31538 54190
17 31538 54191
17 31538 54192
17 31538 54193
17 31538 54194
17 31538 54195
17 31538 54196
17 31538 54197
17 31538 54198
17 31538 54199
17 31538 54200
17 31538 54201
17 31538 54202
17 31538 54203
17 31538 54204
17 31538 54205
17 31538 54206
17 31538 54207
17 31538 54208
17 31538 54209
17 31538 54210
17 31538 54211
17 31538 54212
17 31538 54213
17 31538 54214
17 31538 54215
17 31538 54216
17 31538 54217
17 31538 54218
17 31538 54219
17 31538 54220
17 31538 54221
17 31538 54222
17 31538 54223
17 31538 54224
17 31538 54225
17 31538 54226
17 31538 54227
17 31538 54228
17 31538 54229
17 31538 54230
17 31538 54231
17 31538 54232
17 31538 54233
17 31538 54234
17 31538 54235
17 31538 54236
17 31538 54237
17 31538 54238
17 31538 54239
17 31538 54240
17 31538 54241
17 31538 54242
17 31538 54243
17 31538 54244
17 31538 54245
17 31538 54246
17 31538 54247
17 31538 54248
17 31538 54249
17 31538 54250
17 31538 54251
17 31538 54252
17 31538 54253
17 31538 54254
17 31538 54255
17 31538 54256
17 31538 54257
17 31538 54258
17 31538 54259
17 31538 54260
17 31538 54261
17 31538 54262
17 31538 54263
17 31538 54264
17 31538 54265
17 31538 54266
17 31538 54267
17 31538 54268
17 31538 54269
17 31538 54270
17 31538 54271
17 31538 54272
17 31538 54273
17 31538 54274
17 31538 54275
17 31538 54276
17 31538 54277
17 31538 54278
17 31538 54279
17 31538 54280
17 31538 54281
17 31538 54282
17 31538 54283
17 31538 54284
17 31538 54285
17 31538 54286
17 31538 54287
17 31538 54288
17 31538 54289
17 31538 54290
17 31538 54291
17 31538 54292
17 31538 54293
17 31538 54294
17 31538 54295
17 31538 54296
17 31538 54297
17 31538 54298
17 31538 54299
17 31538 54300
17 31538 54301
17 31538 54302
17 31538 54303
17 31538 54304
17 31538 54305
17 31538 54306
17 31538 54307
17 31538 54308
17 31538 54309
17 31538 54310
17 31538 54311
17 31538 54312
17 31538 54313
17 31538 54314
17 31538 54315
17 31538 54316
17 31538 54317
17 31538 54318
17 31538 54319
17 31538 54320
17 31538 54321
17 31538 54322
17 31538 54323
17 31538 54324
17 31538 54325
17 31538 54326
17 31538 54327
17 31538 54328
17 31538 54329
17 31538 54330
17 31538 54331
17 31538 54332
17 31538 54333
17 31599 53969
17 31612 54115
17 31631 53998
17 31640 53995
17 31834 53901
17 32058 54147
17 32086 54221
17 32111 54251
18 63076 107788
18 63076 107789
18 63076 107790
18 63076 107791
18 63076 107792
18 63076 107793
18 63076 107794
18 63076 107795
18 63076 107796
18 63076 107797
18 63076 107798
18 63076 107799
18 63076 107800
18 63076 107801
18 63076 107802
18 63076 107803
18 63076 107804
18 63076 107805
18 63076 107806
18 63076 107807
18 63076 107808
18 63076 107809
18 63076 107810
18 63076 107811
18 63076 107812
18 63076 107813
18 63076 107814
18 63076 107815
18 63076 107816
18 63076 107817
18 63076 107818
18 63076 107819
18 63076 107820
18 63076 107821
18 63076 107822
18 63076 107823
18 63076 107824
18 63076 107825
18 63076 107826
18 63076 107827
18 63076 107828
18 63076 107829
18 63076 107830
18 63076 107831
18 63076 107832
18 63076 107833
18 63076 107834
18 63076 107835
18 63076 107836
18 63076 107837
18 63076 107838
18 63076 107839
18 63076 107840
18 63076 107841
18 63076 107842
18 63076 107843
18 63076 107844
18 63076 107845
18 63076 107846
18 63076 107847
18 63076 107848
18 63076 107849
18 63076 107850
18 63076 107851
18 63076 107852
18 63076 107853
18 63076 107854
18 63076 107855
18 63076 107856
18 63076 107857
18 63076 107858
18 63076 107859
18 63076 107860
18 63076 107861
18 63076 107862
18 63076 107863
18 63076 107864
18 63076 107865
18 63076 107866
18 63076 107867
18 63076 107868
18 63076 107869
18 63076 107870
18 63076 107871
18 63076 107872
18 63076 107873
18 63076 107874
18 63076 107875
18 63076 107876
18 63076 107877
18 63076 107878
18 63076 107879
18 63076 107880
18 63076 107881
18 63076 107882
18 63076 107883
18 63076 107884
18 63076 107885
18 63076 107886
18 63076 107887
18 63076 107888
18 63076 107889
18 63076 107890
18 63076 107891
18 63076 107892
18 63076 107893
18 63076 107894
18 63076 107895
18 63076 107896
18 63076 107897
18 63076 107898
18 63076 107899
18 63076 107900
18 63076 107901
18 63076 107902
18 63076 107903
18 63076 107904
18 63076 107905
18 63076 107906
18 63076 107907
18 63076 107908
18 63076 107909
18 63076 107910
18 63076 107911
18 63076 107912
18 63076 107913
18 63076 107914
18 63076 107915
18 63076 107916
18 63076 107917
18 63076 107918
18 63076 107919
18 63076 107920
18 63076 107921
18 63076 107922
18 63076 107923
18 63076 107924
18 63076 107925
18 63076 107926
18 63076 107927
18 63076 107928
18 63076 107929
18 63076 107930
18 63076 107931
18 63076 107932
18 63076 107933
18 63076 107934
18 63076 107935
18 63076 107936
18 63076 107937
18 63076 107938
18 63076 107939
18 63076 107940
18 63076 107941
18 63076 107942
18 63076 107943
18 63076 107944
18 63076 107945
18 63076 107946
18 63076 107947
18 63076 107948
18 63076 107949
18 63076 107950
18 63076 107951
18 63076 107952
18 63076 107953
18 63076 107954
18 63076 107955
18 63076 107956
18 63076 107957
18 63076 107958
18 63076 107959
18 63076 107960
18 63076 107961
18 63076 107962
18 63076 107963
18 63076 107964
18 63076 107965
18 63076 107966
18 63076 107967
18 63076 107968
18 63076 107969
18 63076 107970
18 63076 107971
18 63076 107972
18 63076 107973
18 63076 107974
18 63076 107975
18 63076 107976
18 63076 107977
18 63076 107978
18 63076 107979
18 63076 107980
18 63076 107981
18 63076 107982
18 63076 107983
18 63076 107984
18 63076 107985
18 63076 107986
18 63076 107987
18 63076 107988
18 63076 107989
18 63076 107990
18 63076 107991
18 63076 107992
18 63076 107993
18 63076 107994
18 63076 107995
18 63076 107996
18 63076 107997
18 63076 107998
18 63076 107999
18 63076 108000
18 63076 108001
18 63076 108002
18 63076 108003
18 63076 108004
18 63076 108005
18 63076 108006
18 63076 108007
18 63076 108008
18 63076 108009
18 63076 108010
18 63076 108011
18 63076 108012
18 63076 108013
18 63076 108014
18 63076 108015
18 63076 108016
18 63076 108017
18 63076 108018
18 63076 108019
18 63076 108020
18 63076 108021
18 63076 108022
18 63076 108023
18 63076 108024
18 63076 108025
18 63076 108026
18 63076 108027
18 63076 108028
18 63076 108029
18 63076 108030
18 63076 108031
18 63076 108032
18 63076 108033
18 63076 108034
18 63076 108035
18 63076 108036
18 63076 108037
18 63076 108038
18 63076 108039
18 63076 108040
18 63076 108041
18 63076 108042
18 63076 108043
18 63076 108044
18 63076 108045
18 63076 108046
18 63076 108047
18 63076 108048
18 63076 108049
18 63076 108050
18 63076 108051
18 63076 108052
18 63076 108053
18 63076 108054
18 63076 108055
18 63076 108056
18 63076 108057
18 63076 108058
18 63076 108059
18 63076 108060
18 63076 108061
18 63076 108062
18 63076 108063
18 63076 108064
18 63076 108065
18 63076 108066
18 63076 108067
18 63076 108068
18 63076 108069
18 63076 108070
18 63076 108071
18 63076 108072
18 63076 108073
18 63076 108074
18 63076 108075
18 63076 108076
18 63076 108077
18 63076 108078
18 63076 108079
18 63076 108080
18 63076 108081
18 63076 108082
18 63076 108083
18 63076 108084
18 63076 108085
18 63076 108086
18 63076 108087
18 63076 108088
18 63076 108089
18 63076 108090
18 63076 108091
18 63076 108092
18 63076 108093
18 63076 108094
18 63076 108095
18 63076 108096
18 63076 108097
18 63076 108098
18 63076 108099
18 63076 108100
18 63076 108101
18 63076 108102
18 63076 108103
18 63076 108104
18 63076 108105
18 63076 108106
18 63076 108107
18 63076 108108
18 63076 108109
18 63076 108110
18 63076 108111
18 63076 108112
18 63076 108113
18 63076 108114
18 63076 108115
18 63076 108116
18 63076 108117
18 63076 108118
18 63076 108119
18 63076 108120
18 63076 108121
18 63076 108122
18 63076 108123
18 63076 108124
18 63076 108125
18 63076 108126
18 63076 108127
18 63076 108128
18 63076 108129
18 63076 108130
18 63076 108131
18 63076 108132
18 63076 108133
18 63076 108134
18 63076 108135
18 63076 108136
18 63076 108137
18 63076 108138
18 63076 108139
18 63076 108140
18 63076 108141
18 63076 108142
18 63076 108143
18 63076 108144
18 63076 108145
18 63076 108146
18 63076 108147
18 63076 108148
18 63076 108149
18 63076 108150
18 63076 108151
18 63076 108152
18 63076 108153
18 63076 108154
18 63076 108155
18 63076 108156
18 63076 108157
18 63076 108158
18 63076 108159
18 63076 108160
18 63076 108161
18 63076 108162
18 63076 108163
18 63076 108164
18 63076 108165
18 63076 108166
18 63076 108167
18 63076 108168
18 63076 108169
18 63076 108170
18 63076 108171
18 63076 108172
18 63076 108173
18 63076 108174
18 63076 108175
18 63076 108176
18 63076 108177
18 63076 108178
18 63076 108179
18 63076 108180
18 63076 108181
18 63076 108182
18 63076 108183
18 63076 108184
18 63076 108185
18 63076 108186
18 63076 108187
18 63076 108188
18 63076 108189
18 63076 108190
18 63076 108191
18 63076 108192
18 63076 108193
18 63076 108194
18 63076 108195
18 63076 108196
18 63076 108197
18 63076 108198
18 63076 108199
18 63076 108200
18 63076 108201
18 63076 108202
18 63076 108203
18 63076 108204
18 63076 108205
18 63076 108206
18 63076 108207
18 63076 108208
18 63076 108209
18 63076 108210
18 63076 108211
18 63076 108212
18 63076 108213
18 63076 108214
18 63076 108215
18 63076 108216
18 63076 108217
18 63076 108218
18 63076 108219
18 63076 108220
18 63076 108221
18 63076 108222
18 63076 108223
18 63076 108224
18 63076 108225
18 63076 108226
18 63076 108227
18 63076 108228
18 63076 108229
18 63076 108230
18 63076 108231
18 63076 108232
18 63076 108233
18 63076 108234
18 63076 108235
18 63076 108236
18 63076 108237
18 63076 108238
18 63076 108239
18 63076 108240
18 63076 108241
18 63076 108242
18 63076 108243
18 63076 108244
18 63076 108245
18 63076 108246
18 63076 108247
18 63076 108248
18 63076 108249
18 63076 108250
18 63076 108251
18 63076 108252
18 63076 108253
18 63076 108254
18 63076 108255
18 63076 108256
18 63076 108257
18 63076 108258
18 63076 108259
18 63076 108260
18 63076 108261
18 63076 108262
18 63076 108263
18 63076 108264
18 63076 108265
18 63076 108266
18 63076 108267
18 63076 108268
18 63076 108269
18 63076 108270
18 63076 108271
18 63076 108272
18 63076 108273
18 63076 108274
18 63076 108275
18 63076 108276
18 63076 108277
18 63076 108278
18 63076 108279
18 63076 108280
18 63076 108281
18 63076 108282
18 63076 108283
18 63076 108284
18 63076 108285
18 63076 108286
18 63076 108287
18 63076 108288
18 63076 108289
18 63076 108290
18 63076 108291
18 63076 108292
18 63076 108293
18 63076 108294
18 63076 108295
18 63076 108296
18 63076 108297
18 63076 108298
18 63076 108299
18 63076 108300
18 63076 108301
18 63076 108302
18 63076 108303
18 63076 108304
18 63076 108305
18 63076 108306
18 63076 108307
18 63076 108308
18 63076 108309
18 63076 108310
18 63076 108311
18 63076 108312
18 63076 108313
18 63076 108314
18 63076 108315
18 63076 108316
18 63076 108317
18 63076 108318
18 63076 108319
18 63076 108320
18 63076 108321
18 63076 108322
18 63076 108323
18 63076 108324
18 63076 108325
18 63076 108326
18 63076 108327
18 63076 108328
18 63076 108329
18 63076 108330
18 63076 108331
18 63076 108332
18 63076 108333
18 63076 108334
18 63076 108335
18 63076 108336
18 63076 108337
18 63076 108338
18 63076 108339
18 63076 108340
18 63076 108341
18 63076 108342
18 63076 108343
18 63076 108344
18 63076 108345
18 63076 108346
18 63076 108347
18 63076 108348
18 63076 108349
18 63076 108350
18 63076 108351
18 63076 108352
18 63076 108353
18 63076 108354
18 63076 108355
18 63076 108356
18 63076 108357
18 63076 108358
18 63076 108359
18 63076 108360
18 63076 108361
18 63076 108362
18 63076 108363
18 63076 108364
18 63076 108365
18 63076 108366
18 63076 108367
18 63076 108368
18 63076 108369
18 63076 108370
18 63076 108371
18 63076 108372
18 63076 108373
18 63076 108374
18 63076 108375
18 63076 108376
18 63076 108377
18 63076 108378
18 63076 108379
18 63076 108380
18 63076 108381
18 63076 108382
18 63076 108383
18 63076 108384
18 63076 108385
18 63076 108386
18 63076 108387
18 63076 108388
18 63076 108389
18 63076 108390
18 63076 108391
18 63076 108392
18 63076 108393
18 63076 108394
18 63076 108395
18 63076 108396
18 63076 108397
18 63076 108398
18 63076 108399
18 63076 108400
18 63076 108401
18 63076 108402
18 63076 108403
18 63076 108404
18 63076 108405
18 63076 108406
18 63076 108407
18 63076 108408
18 63076 108409
18 63076 108410
18 63076 108411
18 63076 108412
18 63076 108413
18 63076 108414
18 63076 108415
18 63076 108416
18 63076 108417
18 63076 108418
18 63076 108419
18 63076 108420
18 63076 108421
18 63076 108422
18 63076 108423
18 63076 108424
18 63076 108425
18 63076 108426
18 63076 108427
18 63076 108428
18 63076 108429
18 63076 108430
18 63076 108431
18 63076 108432
18 63076 108433
18 63076 108434
18 63076 108435
18 63076 108436
18 63076 108437
18 63076 108438
18 63076 108439
18 63076 108440
18 63076 108441
18 63076 108442
18 63076 108443
18 63076 108444
18 63076 108445
18 63076 108446
18 63076 108447
18 63076 108448
18 63076 108449
18 63076 108450
18 63076 108451
18 63076 108452
18 63076 108453
18 63076 108454
18 63076 108455
18 63076 108456
18 63076 108457
18 63076 108458
18 63076 108459
18 63076 108460
18 63076 108461
18 63076 108462
18 63076 108463
18 63076 108464
18 63076 108465
18 63076 108466
18 63076 108467
18 63076 108468
18 63076 108469
18 63076 108470
18 63076 108471
18 63076 108472
18 63076 108473
18 63076 108474
18 63076 108475
18 63076 108476
18 63076 108477
18 63076 108478
18 63076 108479
18 63076 108480
18 63076 108481
18 63076 108482
18 63076 108483
18 63076 108484
18 63076 108485
18 63076 108486
18 63076 108487
18 63076 108488
18 63076 108489
18 63076 108490
18 63076 108491
18 63076 108492
18 63076 108493
18 63076 108494
18 63076 108495
18 63076 108496
18 63076 108497
18 63076 108498
18 63076 108499
18 63076 108500
18 63076 108501
18 63076 108502
18 63076 108503
18 63076 108504
18 63076 108505
18 63076 108506
18 63076 108507
18 63076 108508
18 63076 108509
18 63076 108510
18 63076 108511
18 63076 108512
18 63076 108513
18 63076 108514
18 63076 108515
18 63076 108516
18 63076 108517
18 63076 108518
18 63076 108519
18 63076 108520
18 63076 108521
18 63076 108522
18 63076 108523
18 63076 108524
18 63076 108525
18 63076 108526
18 63076 108527
18 63076 108528
18 63076 108529
18 63076 108530
18 63076 108531
18 63076 108532
18 63076 108533
18 63076 108534
18 63076 108535
18 63076 108536
18 63076 108537
18 63076 108538
18 63076 108539
18 63076 108540
18 63076 108541
18 63076 108542
18 63076 108543
18 63076 108544
18 63076 108545
18 63076 108546
18 63076 108547
18 63076 108548
18 63076 108549
18 63076 108550
18 63076 108551
18 63076 108552
18 63076 108553
18 63076 108554
18 63076 108555
18 63076 108556
18 63076 108557
18 63076 108558
18 63076 108559
18 63076 108560
18 63076 108561
18 63076 108562
18 63076 108563
18 63076 108564
18 63076 108565
18 63076 108566
18 63076 108567
18 63076 108568
18 63076 108569
18 63076 108570
18 63076 108571
18 63076 108572
18 63076 108573
18 63076 108574
18 63076 108575
18 63076 108576
18 63076 108577
18 63076 108578
18 63076 108579
18 63076 108580
18 63076 108581
18 63076 108582
18 63076 108583
18 63076 108584
18 63076 108585
18 63076 108586
18 63076 108587
18 63076 108588
18 63076 108589
18 63076 108590
18 63076 108591
18 63076 108592
18 63076 108593
18 63076 108594
18 63076 108595
18 63076 108596
18 63076 108597
18 63076 108598
18 63076 108599
18 63076 108600
18 63076 108601
18 63076 108602
18 63076 108603
18 63076 108604
18 63076 108605
18 63076 108606
18 63076 108607
18 63076 108608
18 63076 108609
18 63076 108610
18 63076 108611
18 63076 108612
18 63076 108613
18 63076 108614
18 63076 108615
18 63076 108616
18 63076 108617
18 63076 108618
18 63076 108619
18 63076 108620
18 63076 108621
18 63076 108622
18 63076 108623
18 63076 108624
18 63076 108625
18 63076 108626
18 63076 108627
18 63076 108628
18 63076 108629
18 63076 108630
18 63076 108631
18 63076 108632
18 63076 108633
18 63076 108634
18 63076 108635
18 63076 108636
18 63076 108637
18 63076 108638
18 63076 108639
18 63076 108640
18 63076 108641
18 63076 108642
18 63076 108643
18 63076 108644
18 63076 108645
18 63076 108646
18 63076 108647
18 63076 108648
18 63076 108649
18 63076 108650
18 63076 108651
18 63076 108652
18 63076 108653
18 63076 108654
18 63076 108655
18 63076 108656
18 63076 108657
18 63076 108658
18 63076 108659
18 63076 108660
18 63076 108661
18 63076 108662
18 63076 108663
18 63076 108664
18 63076 108665
18 63076 108666
18 63199 107939
18 63225 108230
18 63263 107996
18 63280 107990
18 63668 107803
18 64116 108295
18 64173 108442
18 64223 108502
3 1 3
4 3 6
4 3 6
5 7 13
5 7 13
