10 234 435
11 469 869
11 469 869
11 471 867
12 938 1734
12 938 1734
12 938 1736
12 938 1736
12 938 1737
12 938 1737
12 938 1738
12 938 1738
12 938 1739
12 938 1739
12 938 1740
12 938 1740
12 939 1734
12 939 1734
12 939 1738
12 939 1738
12 939 1739
12 939 1739
12 939 1740
12 939 1740
12 940 1740
12 940 1740
12 941 1740
12 941 1740
12 942 1734
12 942 1734
12 942 1735
12 942 1735
12 942 1739
12 942 1739
12 942 1740
12 942 1740
13 1877 3469
13 1877 3469
13 1877 3472
13 1877 3472
13 1877 3473
13 1877 3473
13 1877 3474
13 1877 3474
13 1877 3475
13 1877 3475
13 1877 3476
13 1877 3476
13 1877 3477
13 1877 3477
13 1877 3478
13 1877 3478
13 1877 3479
13 1877 3479
13 1877 3480
13 1877 3480
13 1878 3469
13 1878 3469
13 1878 3475
13 1878 3475
13 1878 3476
13 1878 3476
13 1878 3477
13 1878 3477
13 1878 3478
13 1878 3478
13 1878 3479
13 1878 3479
13 1878 3480
13 1878 3480
13 1879 3469
13 1879 3469
13 1879 3476
13 1879 3476
13 1879 3477
13 1879 3477
13 1879 3478
13 1879 3478
13 1879 3479
13 1879 3479
13 1879 3480
13 1879 3480
13 1880 3469
13 1880 3469
13 1880 3477
13 1880 3477
13 1880 3478
13 1880 3478
13 1880 3479
13 1880 3479
13 1880 3480
13 1880 3480
13 1881 3479
13 1881 3479
13 1881 3480
13 1881 3480
13 1882 3479
13 1882 3479
13 1882 3480
13 1882 3480
13 1883 3479
13 1883 3479
13 1883 3480
13 1883 3480
13 1884 3469
13 1884 3469
13 1884 3470
13 1884 3470
13 1884 3471
13 1884 3471
13 1884 3472
13 1884 3472
13 1884 3478
13 1884 3478
13 1884 3479
13 1884 3479
13 1884 3480
13 1884 3480
13 1885 3469
13 1885 3469
13 1885 3470
13 1885 3470
13 1885 3471
13 1885 3471
13 1885 3472
13 1885 3472
13 1885 3473
13 1885 3473
13 1885 3474
13 1885 3474
13 1885 3475
13 1885 3475
13 1885 3478
13 1885 3478
13 1885 3479
13 1885 3479
13 1885 3480
13 1885 3480
14 3755 6938
14 3755 6939
14 3755 6940
14 3755 6944
14 3755 6945
14 3755 6946
14 3755 6947
14 3755 6948
14 3755 6949
14 3755 6950
14 3755 6951
14 3755 6952
14 3755 6953
14 3755 6954
14 3755 6955
14 3755 6956
14 3755 6957
14 3755 6958
14 3755 6959
14 3755 6960
14 3755 6961
14 3756 6959
14 3767 6941
14 3768 6942
14 3768 6943
15 7510 13877
15 7510 13878
15 7510 13879
15 7510 13880
15 7510 13881
15 7510 13882
15 7510 13883
15 7510 13884
15 7510 13885
15 7510 13886
15 7510 13887
15 7510 13888
15 7510 13889
15 7510 13890
15 7510 13891
15 7510 13892
15 7510 13893
15 7510 13894
15 7510 13895
15 7510 13896
15 7510 13897
15 7510 13898
15 7510 13899
15 7510 13900
15 7510 13901
15 7510 13902
15 7510 13903
15 7510 13904
15 7510 13905
15 7510 13906
15 7510 13907
15 7510 13908
15 7510 13909
15 7510 13910
15 7510 13911
15 7510 13912
15 7510 13913
15 7510 13914
15 7510 13915
15 7510 13916
15 7510 13917
15 7510 13918
15 7510 13919
15 7510 13920
15 7510 13921
15 7510 13922
15 7512 13918
16 15020 27754
16 15020 27755
16 15020 27756
16 15020 27757
16 15020 27758
16 15020 27759
16 15020 27760
16 15020 27761
16 15020 27762
16 15020 27763
16 15020 27764
16 15020 27765
16 15020 27766
16 15020 27767
16 15020 27768
16 15020 27769
16 15020 27770
16 15020 27771
16 15020 27772
16 15020 27773
16 15020 27774
16 15020 27775
16 15020 27776
16 15020 27777
16 15020 27778
16 15020 27779
16 15020 27780
16 15020 27781
16 15020 27782
16 15020 27783
16 15020 27784
16 15020 27785
16 15020 27786
16 15020 27787
16 15020 27788
16 15020 27789
16 15020 27790
16 15020 27791
16 15020 27792
16 15020 27793
16 15020 27794
16 15020 27795
16 15020 27796
16 15020 27797
16 15020 27798
16 15020 27799
16 15020 27800
16 15020 27801
16 15020 27802
16 15020 27803
16 15020 27804
16 15020 27805
16 15020 27806
16 15020 27807
16 15020 27808
16 15020 27809
16 15020 27810
16 15020 27811
16 15020 27812
16 15020 27813
16 15020 27814
16 15020 27815
16 15020 27816
16 15020 27817
16 15020 27818
16 15020 27819
16 15020 27820
16 15020 27821
16 15020 27822
16 15020 27823
16 15020 27824
16 15020 27825
16 15020 27826
16 15020 27827
16 15020 27828
16 15020 27829
16 15020 27830
16 15020 27831
16 15020 27832
16 15020 27833
16 15020 27834
16 15020 27835
16 15020 27836
16 15020 27837
16 15020 27838
16 15020 27839
16 15020 27840
16 15020 27841
16 15020 27842
16 15020 27843
16 15020 27844
16 15020 27845
16 15024 27836
17 30041 55509
18 60082 111019
3 1 3
4 3 6
4 3 6
5 7 13
5 7 13
6 14 27
6 14 27
7 29 54
7 29 54
8 58 108
8 58 108
