12 1220 1532
12 1220 1532
12 1221 1532
12 1221 1532
12 1222 1532
12 1222 1532
12 1223 1532
12 1223 1532
12 1224 1532
12 1224 1532
12 1225 1532
12 1225 1532
12 1226 1532
12 1226 1532
13 2441 3065
13 2441 3065
13 2441 3066
13 2441 3066
13 2441 3075
13 2441 3075
13 2442 3065
13 2442 3065
13 2442 3075
13 2442 3075
13 2443 3065
13 2443 3065
13 2443 3075
13 2443 3075
13 2444 3065
13 2444 3065
13 2444 3075
13 2444 3075
13 2445 3065
13 2445 3065
13 2445 3075
13 2445 3075
13 2446 3065
13 2446 3065
13 2446 3075
13 2446 3075
13 2447 3065
13 2447 3065
13 2447 3075
13 2447 3075
13 2448 3065
13 2448 3065
13 2448 3075
13 2448 3075
13 2449 3065
13 2449 3065
13 2449 3075
13 2449 3075
13 2450 3065
13 2450 3065
13 2450 3075
13 2450 3075
13 2451 3065
13 2451 3065
13 2451 3075
13 2451 3075
13 2452 3065
13 2452 3065
13 2452 3075
13 2452 3075
13 2453 3065
13 2453 3065
13 2453 3075
13 2453 3075
14 4882 6131
14 4882 6132
14 4882 6133
14 4882 6150
15 9764 12263
15 9764 12264
15 9764 12265
15 9764 12266
15 9764 12267
15 9764 12268
15 9764 12269
15 9764 12270
15 9764 12271
15 9764 12272
15 9764 12273
15 9764 12274
15 9764 12275
15 9764 12276
15 9764 12277
15 9764 12278
15 9764 12279
15 9764 12280
15 9764 12281
15 9764 12282
15 9764 12283
15 9764 12284
15 9764 12285
15 9764 12286
15 9764 12287
15 9764 12288
15 9764 12289
15 9764 12290
15 9764 12291
15 9764 12292
15 9764 12293
15 9764 12294
15 9764 12295
15 9764 12296
15 9764 12297
15 9764 12298
15 9764 12299
15 9764 12300
15 9764 12301
16 19528 24526
16 19528 24527
16 19528 24528
16 19528 24529
16 19528 24530
16 19528 24531
16 19528 24532
16 19528 24533
16 19528 24534
16 19528 24535
16 19528 24536
16 19528 24537
16 19528 24538
16 19528 24539
16 19528 24540
16 19528 24541
16 19528 24542
16 19528 24543
16 19528 24544
16 19528 24545
16 19528 24546
16 19528 24547
16 19528 24548
16 19528 24549
16 19528 24550
16 19528 24551
16 19528 24552
16 19528 24553
16 19528 24554
16 19528 24555
16 19528 24556
16 19528 24557
16 19528 24558
16 19528 24559
16 19528 24560
16 19528 24561
16 19528 24562
16 19528 24563
16 19528 24564
16 19528 24565
16 19528 24566
16 19528 24567
16 19528 24568
16 19528 24569
16 19528 24570
16 19528 24571
16 19528 24572
16 19528 24573
16 19528 24574
16 19528 24575
16 19528 24576
16 19528 24577
16 19528 24578
16 19528 24579
16 19528 24580
16 19528 24581
16 19528 24582
16 19528 24583
16 19528 24584
16 19528 24585
16 19528 24586
16 19528 24587
16 19528 24588
16 19528 24589
16 19528 24590
16 19528 24591
16 19528 24592
16 19528 24593
16 19528 24594
16 19528 24595
16 19528 24596
16 19528 24597
16 19528 24598
16 19528 24599
16 19528 24600
16 19528 24601
16 19528 24602
17 39056 49052
17 39056 49053
17 39056 49054
17 39056 49055
17 39056 49056
17 39056 49057
17 39056 49058
17 39056 49059
17 39056 49060
17 39056 49061
17 39056 49062
17 39056 49063
17 39056 49064
17 39056 49065
17 39056 49066
17 39056 49067
17 39056 49068
17 39056 49069
17 39056 49070
17 39056 49071
17 39056 49072
17 39056 49073
17 39056 49074
17 39056 49075
17 39056 49076
17 39056 49077
17 39056 49078
17 39056 49079
17 39056 49080
17 39056 49081
17 39056 49082
17 39056 49083
17 39056 49084
17 39056 49085
17 39056 49086
17 39056 49087
17 39056 49088
17 39056 49089
17 39056 49090
17 39056 49091
17 39056 49092
17 39056 49093
17 39056 49094
17 39056 49095
17 39056 49096
17 39056 49097
17 39056 49098
17 39056 49099
17 39056 49100
17 39056 49101
17 39056 49102
17 39056 49103
17 39056 49104
17 39056 49105
17 39056 49106
17 39056 49107
17 39056 49108
17 39056 49109
17 39056 49110
17 39056 49111
17 39056 49112
17 39056 49113
17 39056 49114
17 39056 49115
17 39056 49116
17 39056 49117
17 39056 49118
17 39056 49119
17 39056 49120
17 39056 49121
17 39056 49122
17 39056 49123
17 39056 49124
17 39056 49125
17 39056 49126
17 39056 49127
17 39056 49128
17 39056 49129
17 39056 49130
17 39056 49131
17 39056 49132
17 39056 49133
17 39056 49134
17 39056 49135
17 39056 49136
17 39056 49137
17 39056 49138
17 39056 49139
17 39056 49140
17 39056 49141
17 39056 49142
17 39056 49143
17 39056 49144
17 39056 49145
17 39056 49146
17 39056 49147
17 39056 49148
17 39056 49149
17 39056 49150
17 39056 49151
17 39056 49152
17 39056 49153
17 39056 49154
17 39056 49155
17 39056 49156
17 39056 49157
17 39056 49158
17 39056 49159
17 39056 49160
17 39056 49161
17 39056 49162
17 39056 49163
17 39056 49164
17 39056 49165
17 39056 49166
17 39056 49167
17 39056 49168
17 39056 49169
17 39056 49170
17 39056 49171
17 39056 49172
17 39056 49173
17 39056 49174
17 39056 49175
17 39056 49176
17 39056 49177
17 39056 49178
17 39056 49179
17 39056 49180
17 39056 49181
17 39056 49182
17 39056 49183
17 39056 49184
17 39056 49185
17 39056 49186
17 39056 49187
17 39056 49188
17 39056 49189
17 39056 49190
17 39056 49191
17 39056 49192
17 39056 49193
17 39056 49194
17 39056 49195
17 39056 49196
17 39056 49197
17 39056 49198
17 39056 49199
17 39056 49200
17 39056 49201
17 39056 49202
17 39056 49203
17 39056 49204
18 78113 98105
3 2 2
4 4 5
4 4 5
4 4 6
4 4 6
5 9 11
5 9 11
5 9 12
5 9 12
6 19 23
6 19 23
6 19 24
6 19 24
7 38 47
7 38 47
7 38 48
7 38 48
