11 514 848
12 1028 1697
12 1028 1697
12 1028 1698
12 1028 1698
12 1028 1699
12 1028 1699
12 1028 1700
12 1028 1700
12 1028 1701
12 1028 1701
12 1028 1702
12 1028 1702
12 1028 1703
12 1028 1703
12 1028 1704
12 1028 1704
12 1028 1705
12 1028 1705
12 1028 1706
12 1028 1706
12 1029 1697
12 1029 1697
12 1030 1697
12 1030 1697
12 1031 1697
12 1031 1697
12 1032 1697
12 1032 1697
12 1033 1697
12 1033 1697
12 1034 1697
12 1034 1697
12 1035 1697
12 1035 1697
12 1035 1705
12 1035 1705
12 1035 1706
12 1035 1706
12 1036 1697
12 1036 1697
12 1036 1705
12 1036 1705
12 1036 1706
12 1036 1706
12 1037 1697
12 1037 1697
12 1037 1705
12 1037 1705
12 1037 1706
12 1037 1706
12 1038 1697
12 1038 1697
12 1038 1705
12 1038 1705
12 1038 1706
12 1038 1706
13 2057 3395
13 2057 3395
13 2057 3396
13 2057 3396
13 2057 3397
13 2057 3397
13 2057 3398
13 2057 3398
13 2057 3399
13 2057 3399
13 2057 3400
13 2057 3400
13 2057 3401
13 2057 3401
13 2057 3402
13 2057 3402
13 2057 3403
13 2057 3403
13 2057 3404
13 2057 3404
13 2057 3405
13 2057 3405
13 2057 3406
13 2057 3406
13 2057 3407
13 2057 3407
13 2057 3408
13 2057 3408
13 2057 3409
13 2057 3409
13 2057 3410
13 2057 3410
13 2057 3411
13 2057 3411
13 2057 3412
13 2057 3412
13 2058 3395
13 2058 3395
13 2059 3395
13 2059 3395
13 2060 3395
13 2060 3395
13 2061 3395
13 2061 3395
13 2062 3395
13 2062 3395
13 2063 3395
13 2063 3395
13 2064 3395
13 2064 3395
13 2065 3395
13 2065 3395
13 2066 3395
13 2066 3395
13 2067 3395
13 2067 3395
13 2068 3395
13 2068 3395
13 2069 3395
13 2069 3395
13 2070 3395
13 2070 3395
13 2070 3409
13 2070 3409
13 2070 3410
13 2070 3410
13 2070 3411
13 2070 3411
13 2070 3412
13 2070 3412
13 2071 3395
13 2071 3395
13 2071 3409
13 2071 3409
13 2071 3410
13 2071 3410
13 2071 3411
13 2071 3411
13 2071 3412
13 2071 3412
13 2072 3395
13 2072 3395
13 2072 3409
13 2072 3409
13 2072 3410
13 2072 3410
13 2072 3411
13 2072 3411
13 2072 3412
13 2072 3412
13 2073 3395
13 2073 3395
13 2073 3409
13 2073 3409
13 2073 3410
13 2073 3410
13 2073 3411
13 2073 3411
13 2073 3412
13 2073 3412
13 2074 3395
13 2074 3395
13 2074 3409
13 2074 3409
13 2074 3410
13 2074 3410
13 2074 3411
13 2074 3411
13 2074 3412
13 2074 3412
13 2075 3395
13 2075 3395
13 2075 3409
13 2075 3409
13 2075 3410
13 2075 3410
13 2075 3411
13 2075 3411
13 2075 3412
13 2075 3412
13 2076 3395
13 2076 3395
13 2076 3409
13 2076 3409
13 2076 3410
13 2076 3410
13 2076 3411
13 2076 3411
13 2076 3412
13 2076 3412
13 2077 3395
13 2077 3395
13 2077 3409
13 2077 3409
13 2077 3410
13 2077 3410
13 2077 3411
13 2077 3411
13 2077 3412
13 2077 3412
14 4115 6791
14 4115 6792
14 4115 6793
14 4115 6794
14 4115 6795
14 4115 6796
14 4115 6797
14 4115 6798
14 4115 6799
14 4115 6800
14 4115 6801
14 4115 6802
14 4115 6803
14 4115 6804
14 4115 6805
14 4115 6806
14 4115 6807
14 4115 6808
14 4115 6809
14 4115 6810
14 4115 6811
14 4115 6812
14 4115 6813
14 4115 6814
14 4115 6815
14 4115 6816
14 4115 6817
14 4115 6818
14 4115 6819
14 4115 6820
14 4115 6821
14 4115 6822
14 4115 6823
14 4115 6824
14 4115 6825
15 8231 13583
15 8231 13584
15 8231 13585
15 8231 13586
15 8231 13587
15 8231 13588
15 8231 13589
15 8231 13590
15 8231 13591
15 8231 13592
15 8231 13593
15 8231 13594
15 8231 13595
15 8231 13596
15 8231 13597
15 8231 13598
15 8231 13599
15 8231 13600
15 8231 13601
15 8231 13602
15 8231 13603
15 8231 13604
15 8231 13605
15 8231 13606
15 8231 13607
15 8231 13608
15 8231 13609
15 8231 13610
15 8231 13611
15 8231 13612
15 8231 13613
15 8231 13614
15 8231 13615
15 8231 13616
15 8231 13617
15 8231 13618
15 8231 13619
15 8231 13620
15 8231 13621
15 8231 13622
15 8231 13623
15 8231 13624
15 8231 13625
15 8231 13626
15 8231 13627
15 8231 13628
15 8231 13629
15 8231 13630
15 8231 13631
15 8231 13632
15 8231 13633
15 8231 13634
15 8231 13635
15 8231 13636
15 8231 13637
15 8231 13638
15 8231 13639
15 8231 13640
15 8231 13641
15 8231 13642
15 8231 13643
15 8231 13644
15 8231 13645
15 8231 13646
15 8231 13647
15 8231 13648
15 8231 13649
15 8231 13650
16 16462 27167
16 16462 27168
16 16462 27169
16 16462 27170
16 16462 27171
16 16462 27172
16 16462 27173
16 16462 27174
16 16462 27175
16 16462 27176
16 16462 27177
16 16462 27178
16 16462 27179
16 16462 27180
16 16462 27181
16 16462 27182
16 16462 27183
16 16462 27184
16 16462 27185
16 16462 27186
16 16462 27187
16 16462 27188
16 16462 27189
16 16462 27190
16 16462 27191
16 16462 27192
16 16462 27193
16 16462 27194
16 16462 27195
16 16462 27196
16 16462 27197
16 16462 27198
16 16462 27199
16 16462 27200
16 16462 27201
16 16462 27202
16 16462 27203
16 16462 27204
16 16462 27205
16 16462 27206
16 16462 27207
16 16462 27208
16 16462 27209
16 16462 27210
16 16462 27211
16 16462 27212
16 16462 27213
16 16462 27214
16 16462 27215
16 16462 27216
16 16462 27217
16 16462 27218
16 16462 27219
16 16462 27220
16 16462 27221
16 16462 27222
16 16462 27223
16 16462 27224
16 16462 27225
16 16462 27226
16 16462 27227
16 16462 27228
16 16462 27229
16 16462 27230
16 16462 27231
16 16462 27232
16 16462 27233
16 16462 27234
16 16462 27235
16 16462 27236
16 16462 27237
16 16462 27238
16 16462 27239
16 16462 27240
16 16462 27241
16 16462 27242
16 16462 27243
16 16462 27244
16 16462 27245
16 16462 27246
16 16462 27247
16 16462 27248
16 16462 27249
16 16462 27250
16 16462 27251
16 16462 27252
16 16462 27253
16 16462 27254
16 16462 27255
16 16462 27256
16 16462 27257
16 16462 27258
16 16462 27259
16 16462 27260
16 16462 27261
16 16462 27262
16 16462 27263
16 16462 27264
16 16462 27265
16 16462 27266
16 16462 27267
16 16462 27268
16 16462 27269
16 16462 27270
16 16462 27271
16 16462 27272
16 16462 27273
16 16462 27274
16 16462 27275
16 16462 27276
16 16462 27277
16 16462 27278
16 16462 27279
16 16462 27280
16 16462 27281
16 16462 27282
16 16462 27283
16 16462 27284
16 16462 27285
16 16462 27286
16 16462 27287
16 16462 27288
16 16462 27289
16 16462 27290
16 16462 27291
16 16462 27292
16 16462 27293
16 16462 27294
16 16462 27295
16 16462 27296
16 16462 27297
16 16462 27298
16 16462 27299
16 16462 27300
16 16462 27301
16 16504 27240
16 16535 27195
17 32925 54334
17 32925 54335
17 32925 54336
17 32925 54337
17 32925 54338
17 32925 54339
17 32925 54340
17 32925 54341
17 32925 54342
17 32925 54343
17 32925 54344
17 32925 54345
17 32925 54346
17 32925 54347
17 32925 54348
17 32925 54349
17 32925 54350
17 32925 54351
17 32925 54352
17 32925 54353
17 32925 54354
17 32925 54355
17 32925 54356
17 32925 54357
17 32925 54358
17 32925 54359
17 32925 54360
17 32925 54361
17 32925 54362
17 32925 54363
17 32925 54364
17 32925 54365
17 32925 54366
17 32925 54367
17 32925 54368
17 32925 54369
17 32925 54370
17 32925 54371
17 32925 54372
17 32925 54373
17 32925 54374
17 32925 54375
17 32925 54376
17 32925 54377
17 32925 54378
17 32925 54379
17 32925 54380
17 32925 54381
17 32925 54382
17 32925 54383
17 32925 54384
17 32925 54385
17 32925 54386
17 32925 54387
17 32925 54388
17 32925 54389
17 32925 54390
17 32925 54391
17 32925 54392
17 32925 54393
17 32925 54394
17 32925 54395
17 32925 54396
17 32925 54397
17 32925 54398
17 32925 54399
17 32925 54400
17 32925 54401
17 32925 54402
17 32925 54403
17 32925 54404
17 32925 54405
17 32925 54406
17 32925 54407
17 32925 54408
17 32925 54409
17 32925 54410
17 32925 54411
17 32925 54412
17 32925 54413
17 32925 54414
17 32925 54415
17 32925 54416
17 32925 54417
17 32925 54418
17 32925 54419
17 32925 54420
17 32925 54421
17 32925 54422
17 32925 54423
17 32925 54424
17 32925 54425
17 32925 54426
17 32925 54427
17 32925 54428
17 32925 54429
17 32925 54430
17 32925 54431
17 32925 54432
17 32925 54433
17 32925 54434
17 32925 54435
17 32925 54436
17 32925 54437
17 32925 54438
17 32925 54439
17 32925 54440
17 32925 54441
17 32925 54442
17 32925 54443
17 32925 54444
17 32925 54445
17 32925 54446
17 32925 54447
17 32925 54448
17 32925 54449
17 32925 54450
17 32925 54451
17 32925 54452
17 32925 54453
17 32925 54454
17 32925 54455
17 32925 54456
17 32925 54457
17 32925 54458
17 32925 54459
17 32925 54460
17 32925 54461
17 32925 54462
17 32925 54463
17 32925 54464
17 32925 54465
17 32925 54466
17 32925 54467
17 32925 54468
17 32925 54469
17 32925 54470
17 32925 54471
17 32925 54472
17 32925 54473
17 32925 54474
17 32925 54475
17 32925 54476
17 32925 54477
17 32925 54478
17 32925 54479
17 32925 54480
17 32925 54481
17 32925 54482
17 32925 54483
17 32925 54484
17 32925 54485
17 32925 54486
17 32925 54487
17 32925 54488
17 32925 54489
17 32925 54490
17 32925 54491
17 32925 54492
17 32925 54493
17 32925 54494
17 32925 54495
17 32925 54496
17 32925 54497
17 32925 54498
17 32925 54499
17 32925 54500
17 32925 54501
17 32925 54502
17 32925 54503
17 32925 54504
17 32925 54505
17 32925 54506
17 32925 54507
17 32925 54508
17 32925 54509
17 32925 54510
17 32925 54511
17 32925 54512
17 32925 54513
17 32925 54514
17 32925 54515
17 32925 54516
17 32925 54517
17 32925 54518
17 32925 54519
17 32925 54520
17 32925 54521
17 32925 54522
17 32925 54523
17 32925 54524
17 32925 54525
17 32925 54526
17 32925 54527
17 32925 54528
17 32925 54529
17 32925 54530
17 32925 54531
17 32925 54532
17 32925 54533
17 32925 54534
17 32925 54535
17 32925 54536
17 32925 54537
17 32925 54538
17 32925 54539
17 32925 54540
17 32925 54541
17 32925 54542
17 32925 54543
17 32925 54544
17 32925 54545
17 32925 54546
17 32925 54547
17 32925 54548
17 32925 54549
17 32925 54550
17 32925 54551
17 32925 54552
17 32925 54553
17 32925 54554
17 32925 54555
17 32925 54556
17 32925 54557
17 32925 54558
17 32925 54559
17 32925 54560
17 32925 54561
17 32925 54562
17 32925 54563
17 32925 54564
17 32925 54565
17 32925 54566
17 32925 54567
17 32925 54568
17 32925 54569
17 32925 54570
17 32925 54571
17 32925 54572
17 32925 54573
17 32925 54574
17 32925 54575
17 32925 54576
17 32925 54577
17 32925 54578
17 32925 54579
17 32925 54580
17 32925 54581
17 32925 54582
17 32925 54583
17 32925 54584
17 32925 54585
17 32925 54586
17 32925 54587
17 32925 54588
17 32925 54589
17 32925 54590
17 32925 54591
17 32925 54592
17 32925 54593
17 32925 54594
17 32925 54595
17 32925 54596
17 32925 54597
17 32925 54598
17 32925 54599
17 32925 54600
17 32925 54601
17 32925 54602
18 65850 108669
3 2 3
4 4 6
4 4 6
5 8 13
5 8 13
6 16 26
6 16 26
7 32 53
7 32 53
