12 1179 1559
12 1179 1559
13 2356 3119
13 2356 3119
13 2358 3119
13 2358 3119
14 4713 6238
14 4713 6239
15 9427 12476
15 9427 12477
15 9427 12478
15 9427 12479
16 18855 24953
16 18855 24954
16 18855 24955
16 18855 24956
16 18855 24957
16 18855 24958
16 18855 24959
17 37710 49907
17 37710 49908
17 37710 49909
17 37710 49910
17 37710 49911
17 37710 49912
17 37710 49913
17 37710 49914
17 37710 49915
17 37710 49916
17 37710 49917
17 37710 49918
18 75421 99815
3 2 3
4 4 6
4 4 6
5 9 12
5 9 12
6 18 24
6 18 24
7 36 48
7 36 48
