11 578 817
12 1157 1635
12 1157 1635
12 1157 1636
12 1157 1636
12 1157 1637
12 1157 1637
12 1157 1638
12 1157 1638
12 1157 1639
12 1157 1639
12 1158 1635
12 1158 1635
12 1158 1636
12 1158 1636
12 1158 1637
12 1158 1637
12 1158 1638
12 1158 1638
12 1158 1639
12 1158 1639
13 2315 3270
13 2315 3270
13 2315 3271
13 2315 3271
13 2315 3272
13 2315 3272
13 2315 3273
13 2315 3273
13 2315 3274
13 2315 3274
13 2315 3275
13 2315 3275
13 2315 3276
13 2315 3276
13 2315 3277
13 2315 3277
13 2315 3278
13 2315 3278
13 2315 3279
13 2315 3279
13 2316 3270
13 2316 3270
13 2316 3271
13 2316 3271
13 2316 3272
13 2316 3272
13 2316 3273
13 2316 3273
13 2316 3274
13 2316 3274
13 2316 3275
13 2316 3275
13 2316 3276
13 2316 3276
13 2316 3277
13 2316 3277
13 2316 3278
13 2316 3278
13 2316 3279
13 2316 3279
13 2317 3270
13 2317 3270
13 2317 3271
13 2317 3271
13 2317 3272
13 2317 3272
13 2317 3273
13 2317 3273
13 2317 3274
13 2317 3274
13 2317 3275
13 2317 3275
13 2317 3276
13 2317 3276
13 2317 3277
13 2317 3277
13 2317 3278
13 2317 3278
13 2317 3279
13 2317 3279
13 2318 3270
13 2318 3270
13 2319 3270
13 2319 3270
13 2320 3270
13 2320 3270
13 2321 3270
13 2321 3270
13 2322 3270
13 2322 3270
13 2323 3270
13 2323 3270
14 4630 6541
15 9260 13082
16 18521 26165
17 37042 52331
18 74085 104662
3 2 3
4 4 6
4 4 6
5 9 12
5 9 12
6 18 25
6 18 25
7 36 51
7 36 51
14 4630 6542
14 4630 6543
14 4630 6544
14 4630 6545
14 4630 6546
14 4630 6547
14 4630 6548
14 4630 6549
14 4630 6550
14 4630 6551
14 4630 6552
14 4630 6553
14 4630 6554
14 4630 6555
14 4630 6556
14 4630 6557
14 4630 6558
14 4630 6559
15 9260 13083
15 9260 13084
15 9260 13085
15 9260 13086
15 9260 13087
15 9260 13088
15 9260 13089
15 9260 13090
15 9260 13091
15 9260 13092
15 9260 13093
15 9260 13094
15 9260 13095
15 9260 13096
15 9260 13097
15 9260 13098
15 9260 13099
15 9260 13100
15 9260 13101
15 9260 13102
15 9260 13103
15 9260 13104
15 9260 13105
15 9260 13106
15 9260 13107
15 9260 13108
15 9260 13109
15 9260 13110
15 9260 13111
15 9260 13112
15 9260 13113
15 9260 13114
15 9260 13115
15 9260 13116
15 9260 13117
15 9260 13118
15 9260 13119
