12 1118 1744
12 1118 1755
12 1119 1744
12 1119 1755
12 1120 1744
12 1120 1755
12 1121 1744
12 1121 1755
12 1122 1744
12 1122 1755
12 1123 1744
12 1123 1755
12 1124 1744
12 1124 1755
12 1125 1744
12 1125 1755
13 2236 3489
13 2236 3489
13 2236 3489
13 2236 3510
13 2237 3489
13 2237 3510
13 2238 3489
13 2238 3510
13 2239 3489
13 2239 3510
13 2240 3489
13 2240 3510
13 2241 3489
13 2241 3510
13 2242 3489
13 2242 3510
13 2243 3489
13 2243 3510
13 2244 3489
13 2244 3510
13 2245 3489
13 2245 3510
13 2246 3489
13 2246 3510
13 2247 3489
13 2247 3510
13 2248 3489
13 2248 3510
13 2249 3489
13 2249 3510
13 2250 3489
13 2250 3510
13 2251 3489
13 2251 3510
4 4 6
5 8 13
6 17 27
7 34 54
7 35 54
