13 2342 3148
13 2342 3148
13 2342 3149
13 2342 3149
13 2342 3152
13 2342 3152
13 2342 3153
13 2342 3153
13 2342 3154
13 2342 3154
13 2342 3155
13 2342 3155
13 2342 3156
13 2342 3156
13 2342 3157
13 2342 3157
14 4685 6296
14 4685 6297
14 4685 6298
14 4685 6299
14 4685 6300
14 4685 6303
14 4685 6304
14 4685 6305
14 4685 6306
14 4685 6307
14 4685 6308
14 4685 6309
14 4685 6310
14 4685 6311
14 4685 6312
14 4685 6313
14 4685 6314
14 4685 6315
14 4701 6315
15 9371 12593
15 9371 12594
15 9371 12595
15 9371 12596
15 9371 12597
15 9371 12598
15 9371 12599
15 9371 12600
15 9371 12601
15 9371 12605
15 9371 12606
15 9371 12607
15 9371 12608
15 9371 12609
15 9371 12610
15 9371 12611
15 9371 12612
15 9371 12613
15 9371 12614
15 9371 12615
15 9371 12616
15 9371 12617
15 9371 12618
15 9371 12619
15 9371 12620
15 9371 12621
15 9371 12622
15 9371 12623
15 9371 12624
15 9371 12625
15 9371 12626
15 9371 12627
15 9371 12628
15 9371 12629
15 9371 12630
15 9402 12630
15 9419 12602
15 9419 12603
15 9419 12604
16 18742 25186
16 18742 25187
16 18742 25188
16 18742 25189
16 18742 25190
16 18742 25191
16 18742 25192
16 18742 25193
16 18742 25194
16 18742 25195
16 18742 25196
16 18742 25197
16 18742 25198
16 18742 25199
16 18742 25200
16 18742 25201
16 18742 25202
16 18742 25203
16 18742 25204
16 18742 25205
16 18742 25206
16 18742 25207
16 18742 25208
16 18742 25209
16 18742 25210
16 18742 25211
16 18742 25212
16 18742 25213
16 18742 25214
16 18742 25215
16 18742 25216
16 18742 25217
16 18742 25218
16 18742 25219
16 18742 25220
16 18742 25221
16 18742 25222
16 18742 25223
16 18742 25224
16 18742 25225
16 18742 25226
16 18742 25227
16 18742 25228
16 18742 25229
16 18742 25230
16 18742 25231
16 18742 25232
16 18742 25233
16 18742 25234
16 18742 25235
16 18742 25236
16 18742 25237
16 18742 25238
16 18742 25239
16 18742 25240
16 18742 25241
16 18742 25242
16 18742 25243
16 18742 25244
16 18742 25245
16 18742 25246
16 18742 25247
16 18742 25248
16 18742 25249
16 18742 25250
16 18742 25251
16 18742 25252
16 18742 25253
16 18742 25254
16 18742 25255
16 18742 25256
16 18742 25257
16 18742 25258
16 18742 25259
16 18742 25260
16 18801 25244
16 18805 25260
17 37484 50373
17 37484 50374
17 37484 50375
17 37484 50376
17 37484 50377
17 37484 50378
17 37484 50379
17 37484 50380
17 37484 50381
17 37484 50382
17 37484 50383
17 37484 50384
17 37484 50385
17 37484 50386
17 37484 50387
17 37484 50388
17 37484 50389
17 37484 50390
17 37484 50391
17 37484 50392
17 37484 50393
17 37484 50394
17 37484 50395
17 37484 50396
17 37484 50397
17 37484 50398
17 37484 50399
17 37484 50400
17 37484 50401
17 37484 50402
17 37484 50403
17 37484 50404
17 37484 50405
17 37484 50406
17 37484 50407
17 37484 50408
17 37484 50409
17 37484 50410
17 37484 50411
17 37484 50412
17 37484 50413
17 37484 50414
17 37484 50415
17 37484 50416
17 37484 50417
17 37484 50418
17 37484 50419
17 37484 50420
17 37484 50421
17 37484 50422
17 37484 50423
17 37484 50424
17 37484 50425
17 37484 50426
17 37484 50427
17 37484 50428
17 37484 50429
17 37484 50430
17 37484 50431
17 37484 50432
17 37484 50433
17 37484 50434
17 37484 50435
17 37484 50436
17 37484 50437
17 37484 50438
17 37484 50439
17 37484 50440
17 37484 50441
17 37484 50442
17 37484 50443
17 37484 50444
17 37484 50445
17 37484 50446
17 37484 50447
17 37484 50448
17 37484 50449
17 37484 50450
17 37484 50451
17 37484 50452
17 37484 50453
17 37484 50454
17 37484 50455
17 37484 50456
17 37484 50457
17 37484 50458
17 37484 50459
17 37484 50460
17 37484 50461
17 37484 50462
17 37484 50463
17 37484 50464
17 37484 50465
17 37484 50466
17 37484 50467
17 37484 50468
17 37484 50469
17 37484 50470
17 37484 50471
17 37484 50472
17 37484 50473
17 37484 50474
17 37484 50475
17 37484 50476
17 37484 50477
17 37484 50478
17 37484 50479
17 37484 50480
17 37484 50481
17 37484 50482
17 37484 50483
17 37484 50484
17 37484 50485
17 37484 50486
17 37484 50487
17 37484 50488
17 37484 50489
17 37484 50490
17 37484 50491
17 37484 50492
17 37484 50493
17 37484 50494
17 37484 50495
17 37484 50496
17 37484 50497
17 37484 50498
17 37484 50499
17 37484 50500
17 37484 50501
17 37484 50502
17 37484 50503
17 37484 50504
17 37484 50505
17 37484 50506
17 37484 50507
17 37484 50508
17 37484 50509
17 37484 50510
17 37484 50511
17 37484 50512
17 37484 50513
17 37484 50514
17 37484 50515
17 37484 50516
17 37484 50517
17 37484 50518
17 37484 50519
17 37484 50520
17 37484 50521
17 37602 50488
17 37611 50521
18 74969 100747
18 74969 100748
18 74969 100749
18 74969 100750
18 74969 100751
18 74969 100752
18 74969 100753
18 74969 100754
18 74969 100755
18 74969 100756
18 74969 100757
18 74969 100758
18 74969 100759
18 74969 100760
18 74969 100761
18 74969 100762
18 74969 100763
18 74969 100764
18 74969 100765
18 74969 100766
18 74969 100767
18 74969 100768
18 74969 100769
18 74969 100770
18 74969 100771
18 74969 100772
18 74969 100773
18 74969 100774
18 74969 100775
18 74969 100776
18 74969 100777
18 74969 100778
18 74969 100779
18 74969 100780
18 74969 100781
18 74969 100782
18 74969 100783
18 74969 100784
18 74969 100785
18 74969 100786
18 74969 100787
18 74969 100788
18 74969 100789
18 74969 100790
18 74969 100791
18 74969 100792
18 74969 100793
18 74969 100794
18 74969 100795
18 74969 100796
18 74969 100797
18 74969 100798
18 74969 100799
18 74969 100800
18 74969 100801
18 74969 100802
18 74969 100803
18 74969 100804
18 74969 100805
18 74969 100806
18 74969 100807
18 74969 100808
18 74969 100809
18 74969 100810
18 74969 100811
18 74969 100812
18 74969 100813
18 74969 100814
18 74969 100815
18 74969 100816
18 74969 100817
18 74969 100818
18 74969 100819
18 74969 100820
18 74969 100821
18 74969 100822
18 74969 100823
18 74969 100824
18 74969 100825
18 74969 100826
18 74969 100827
18 74969 100828
18 74969 100829
18 74969 100830
18 74969 100831
18 74969 100832
18 74969 100833
18 74969 100834
18 74969 100835
18 74969 100836
18 74969 100837
18 74969 100838
18 74969 100839
18 74969 100840
18 74969 100841
18 74969 100842
18 74969 100843
18 74969 100844
18 74969 100845
18 74969 100846
18 74969 100847
18 74969 100848
18 74969 100849
18 74969 100850
18 74969 100851
18 74969 100852
18 74969 100853
18 74969 100854
18 74969 100855
18 74969 100856
18 74969 100857
18 74969 100858
18 74969 100859
18 74969 100860
18 74969 100861
18 74969 100862
18 74969 100863
18 74969 100864
18 74969 100865
18 74969 100866
18 74969 100867
18 74969 100868
18 74969 100869
18 74969 100870
18 74969 100871
18 74969 100872
18 74969 100873
18 74969 100874
18 74969 100875
18 74969 100876
18 74969 100877
18 74969 100878
18 74969 100879
18 74969 100880
18 74969 100881
18 74969 100882
18 74969 100883
18 74969 100884
18 74969 100885
18 74969 100886
18 74969 100887
18 74969 100888
18 74969 100889
18 74969 100890
18 74969 100891
18 74969 100892
18 74969 100893
18 74969 100894
18 74969 100895
18 74969 100896
18 74969 100897
18 74969 100898
18 74969 100899
18 74969 100900
18 74969 100901
18 74969 100902
18 74969 100903
18 74969 100904
18 74969 100905
18 74969 100906
18 74969 100907
18 74969 100908
18 74969 100909
18 74969 100910
18 74969 100911
18 74969 100912
18 74969 100913
18 74969 100914
18 74969 100915
18 74969 100916
18 74969 100917
18 74969 100918
18 74969 100919
18 74969 100920
18 74969 100921
18 74969 100922
18 74969 100923
18 74969 100924
18 74969 100925
18 74969 100926
18 74969 100927
18 74969 100928
18 74969 100929
18 74969 100930
18 74969 100931
18 74969 100932
18 74969 100933
18 74969 100934
18 74969 100935
18 74969 100936
18 74969 100937
18 74969 100938
18 74969 100939
18 74969 100940
18 74969 100941
18 74969 100942
18 74969 100943
18 74969 100944
18 74969 100945
18 74969 100946
18 74969 100947
18 74969 100948
18 74969 100949
18 74969 100950
18 74969 100951
18 74969 100952
18 74969 100953
18 74969 100954
18 74969 100955
18 74969 100956
18 74969 100957
18 74969 100958
18 74969 100959
18 74969 100960
18 74969 100961
18 74969 100962
18 74969 100963
18 74969 100964
18 74969 100965
18 74969 100966
18 74969 100967
18 74969 100968
18 74969 100969
18 74969 100970
18 74969 100971
18 74969 100972
18 74969 100973
18 74969 100974
18 74969 100975
18 74969 100976
18 74969 100977
18 74969 100978
18 74969 100979
18 74969 100980
18 74969 100981
18 74969 100982
18 74969 100983
18 74969 100984
18 74969 100985
18 74969 100986
18 74969 100987
18 74969 100988
18 74969 100989
18 74969 100990
18 74969 100991
18 74969 100992
18 74969 100993
18 74969 100994
18 74969 100995
18 74969 100996
18 74969 100997
18 74969 100998
18 74969 100999
18 74969 101000
18 74969 101001
18 74969 101002
18 74969 101003
18 74969 101004
18 74969 101005
18 74969 101006
18 74969 101007
18 74969 101008
18 74969 101009
18 74969 101010
18 74969 101011
18 74969 101012
18 74969 101013
18 74969 101014
18 74969 101015
18 74969 101016
18 74969 101017
18 74969 101018
18 74969 101019
18 74969 101020
18 74969 101021
18 74969 101022
18 74969 101023
18 74969 101024
18 74969 101025
18 74969 101026
18 74969 101027
18 74969 101028
18 74969 101029
18 74969 101030
18 74969 101031
18 74969 101032
18 74969 101033
18 74969 101034
18 74969 101035
18 74969 101036
18 74969 101037
18 74969 101038
18 74969 101039
18 74969 101040
18 74969 101041
18 74969 101042
18 75204 100977
18 75223 101042
3 2 3
4 4 6
4 4 6
5 9 12
5 9 12
6 18 24
6 18 24
7 36 49
7 36 49
