10 249 421
11 499 843
11 499 843
12 1000 1692
12 1000 1692
12 1001 1686
12 1001 1686
12 1001 1690
12 1001 1690
12 1001 1691
12 1001 1691
12 1001 1692
12 1001 1692
12 998 1686
12 998 1686
12 998 1687
12 998 1687
12 998 1688
12 998 1688
12 998 1689
12 998 1689
12 998 1690
12 998 1690
12 998 1692
12 998 1692
12 999 1686
12 999 1686
12 999 1687
12 999 1687
13 1997 3373
13 1997 3373
13 1997 3374
13 1997 3374
13 1997 3375
13 1997 3375
13 1997 3376
13 1997 3376
13 1997 3377
13 1997 3377
13 1997 3378
13 1997 3378
13 1997 3379
13 1997 3379
13 1997 3380
13 1997 3380
13 1997 3381
13 1997 3381
13 1997 3384
13 1997 3384
13 1998 3373
13 1998 3373
13 1998 3374
13 1998 3374
13 1998 3375
13 1998 3375
13 1998 3376
13 1998 3376
13 1998 3377
13 1998 3377
13 1998 3378
13 1998 3378
13 1998 3384
13 1998 3384
13 1999 3373
13 1999 3373
13 1999 3374
13 1999 3374
13 1999 3375
13 1999 3375
13 2000 3373
13 2000 3373
13 2000 3384
13 2000 3384
13 2001 3381
13 2001 3381
13 2001 3382
13 2001 3382
13 2001 3383
13 2001 3383
13 2001 3384
13 2001 3384
13 2002 3373
13 2002 3373
13 2002 3379
13 2002 3379
13 2002 3380
13 2002 3380
13 2002 3381
13 2002 3381
13 2002 3382
13 2002 3382
13 2002 3383
13 2002 3383
13 2002 3384
13 2002 3384
13 2003 3373
13 2003 3373
13 2003 3376
13 2003 3376
13 2003 3377
13 2003 3377
13 2003 3378
13 2003 3378
13 2003 3379
13 2003 3379
13 2003 3380
13 2003 3380
13 2003 3381
13 2003 3381
13 2003 3382
13 2003 3382
13 2003 3383
13 2003 3383
13 2003 3384
13 2003 3384
14 3995 6747
14 3995 6748
14 3995 6749
14 3995 6750
14 3995 6751
14 3995 6752
14 3995 6753
14 3995 6754
14 3995 6755
14 3995 6756
14 3995 6757
14 3995 6758
14 3995 6759
14 3995 6760
14 3995 6761
14 3995 6762
14 3995 6763
14 3995 6764
14 3995 6768
14 4001 6765
14 4001 6766
14 4001 6767
15 7990 13494
15 7990 13495
15 7990 13496
15 7990 13497
15 7990 13498
15 7990 13499
15 7990 13500
15 7990 13501
15 7990 13502
15 7990 13503
15 7990 13504
15 7990 13505
15 7990 13506
15 7990 13507
15 7990 13508
15 7990 13509
15 7990 13510
15 7990 13511
15 7990 13512
15 7990 13513
15 7990 13514
15 7990 13515
15 7990 13516
15 7990 13517
15 7990 13518
15 7990 13519
15 7990 13520
15 7990 13521
15 7990 13522
15 7990 13523
15 7990 13524
15 7990 13525
15 7990 13526
15 7990 13527
15 7990 13528
15 7990 13529
15 7990 13530
15 7990 13531
15 7990 13532
15 7990 13533
15 7990 13534
15 7990 13535
15 7990 13536
16 15981 26989
16 15981 26990
16 15981 26991
16 15981 26992
16 15981 26993
16 15981 26994
16 15981 26995
16 15981 26996
16 15981 26997
16 15981 26998
16 15981 26999
16 15981 27000
16 15981 27001
16 15981 27002
16 15981 27003
16 15981 27004
16 15981 27005
16 15981 27006
16 15981 27007
16 15981 27008
16 15981 27009
16 15981 27010
16 15981 27011
16 15981 27012
16 15981 27013
16 15981 27014
16 15981 27015
16 15981 27016
16 15981 27017
16 15981 27018
16 15981 27019
16 15981 27020
16 15981 27021
16 15981 27022
16 15981 27023
16 15981 27024
16 15981 27025
16 15981 27026
16 15981 27027
16 15981 27028
16 15981 27029
16 15981 27030
16 15981 27031
16 15981 27032
16 15981 27033
16 15981 27034
16 15981 27035
16 15981 27036
16 15981 27037
16 15981 27038
16 15981 27039
16 15981 27040
16 15981 27041
16 15981 27042
16 15981 27043
16 15981 27044
16 15981 27045
16 15981 27046
16 15981 27047
16 15981 27048
16 15981 27049
16 15981 27050
16 15981 27051
16 15981 27052
16 15981 27053
16 15981 27054
16 15981 27055
16 15981 27056
16 15981 27057
16 15981 27058
16 15981 27059
16 15981 27060
16 15981 27061
16 15981 27062
16 15981 27063
16 15981 27064
16 15981 27065
16 15981 27066
16 15981 27067
16 15981 27068
16 15981 27069
16 15981 27070
16 15981 27071
16 15981 27072
16 15981 27073
17 31963 53978
18 63926 107956
3 1 3
4 3 6
4 3 6
5 7 13
5 7 13
6 15 26
6 15 26
7 31 52
7 31 52
9 124 210
9 124 210
