12 648 1412
12 648 1412
12 649 1404
12 649 1404
12 649 1405
12 649 1405
12 650 1404
12 650 1404
12 650 1405
12 650 1405
12 650 1406
12 650 1406
12 650 1407
12 650 1407
12 650 1412
12 650 1412
12 651 1404
12 651 1404
12 651 1405
12 651 1405
12 651 1406
12 651 1406
12 651 1407
12 651 1407
12 651 1412
12 651 1412
13 1302 2814
13 1302 2814
13 1302 2815
13 1302 2815
13 1302 2816
13 1302 2816
13 1303 2814
13 1303 2814
13 1303 2815
13 1303 2815
13 1303 2816
13 1303 2816
14 2590 5634
14 2590 5635
14 2590 5636
14 2590 5637
14 2590 5638
14 2590 5639
14 2590 5640
14 2590 5641
14 2590 5642
14 2590 5643
14 2590 5644
14 2590 5645
14 2590 5646
14 2590 5647
14 2604 5632
14 2604 5632
14 2604 5633
14 2604 5633
14 2604 5634
14 2604 5634
14 2605 5632
14 2605 5632
14 2605 5633
14 2605 5633
14 2605 5634
14 2605 5634
15 5181 11269
15 5181 11270
15 5181 11271
15 5181 11272
15 5181 11273
15 5181 11274
15 5181 11275
15 5181 11276
15 5181 11277
15 5181 11278
15 5181 11279
15 5181 11280
15 5181 11281
15 5181 11282
15 5181 11283
15 5181 11284
15 5181 11285
15 5181 11286
15 5181 11287
15 5181 11288
15 5181 11289
15 5181 11290
15 5181 11291
15 5181 11292
15 5181 11293
15 5181 11294
15 5181 11295
15 5190 11294
15 5190 11294
16 10363 22539
16 10363 22540
16 10363 22541
16 10363 22542
16 10363 22543
16 10363 22544
16 10363 22545
16 10363 22546
16 10363 22547
16 10363 22548
16 10363 22549
16 10363 22550
16 10363 22551
16 10363 22552
16 10363 22553
16 10363 22554
16 10363 22555
16 10363 22556
16 10363 22557
16 10363 22558
16 10363 22559
16 10363 22560
16 10363 22561
16 10363 22562
16 10363 22563
16 10363 22564
16 10363 22565
16 10363 22566
16 10363 22567
16 10363 22568
16 10363 22569
16 10363 22570
16 10363 22571
16 10363 22572
16 10363 22573
16 10363 22574
16 10363 22575
16 10363 22576
16 10363 22577
16 10363 22578
16 10363 22579
16 10363 22580
16 10363 22581
16 10363 22582
16 10363 22583
16 10363 22584
16 10363 22585
16 10363 22586
16 10363 22587
16 10363 22588
16 10363 22589
16 10363 22590
17 20727 45079
18 41454 90158
3 1 2
4 2 5
4 2 5
5 5 11
5 5 11
6 10 22
6 10 22
7 20 44
7 20 44
8 40 88
8 40 88
