11 512 844
12 1024 1689
12 1024 1689
13 2048 3379
13 2048 3379
14 4088 6759
14 4088 6760
14 4088 6761
14 4088 6762
14 4088 6763
14 4088 6764
14 4088 6765
15 8177 13518
15 8177 13519
15 8177 13520
15 8177 13521
15 8177 13522
15 8177 13523
15 8177 13524
15 8177 13525
15 8177 13526
15 8177 13527
15 8177 13528
15 8177 13529
15 8177 13530
16 16355 27036
16 16355 27037
16 16355 27038
16 16355 27039
16 16355 27040
16 16355 27041
16 16355 27042
16 16355 27043
16 16355 27044
16 16355 27045
16 16355 27046
16 16355 27047
16 16355 27048
16 16355 27049
16 16355 27050
16 16355 27051
16 16355 27052
16 16355 27053
16 16355 27054
16 16355 27055
16 16355 27056
16 16355 27057
16 16355 27058
16 16355 27059
16 16355 27060
16 16355 27061
17 32711 54072
17 32711 54073
17 32711 54074
17 32711 54075
17 32711 54076
17 32711 54077
17 32711 54078
17 32711 54079
17 32711 54080
17 32711 54081
17 32711 54082
17 32711 54083
17 32711 54084
17 32711 54085
17 32711 54086
17 32711 54087
17 32711 54088
17 32711 54089
17 32711 54090
17 32711 54091
17 32711 54092
17 32711 54093
17 32711 54094
17 32711 54095
17 32711 54096
17 32711 54097
17 32711 54098
17 32711 54099
17 32711 54100
17 32711 54101
17 32711 54102
17 32711 54103
17 32711 54104
17 32711 54105
17 32711 54106
17 32711 54107
17 32711 54108
17 32711 54109
17 32711 54110
17 32711 54111
17 32711 54112
17 32711 54113
17 32711 54114
17 32711 54115
17 32711 54116
17 32711 54117
17 32711 54118
17 32711 54119
17 32711 54120
17 32711 54121
17 32711 54122
18 65422 108145
3 1 3
4 3 6
4 3 6
4 4 6
4 4 6
5 7 13
5 7 13
5 8 13
5 8 13
6 15 26
6 15 26
6 16 26
6 16 26
7 31 52
7 31 52
7 32 52
7 32 52
8 63 105
8 63 105
8 64 105
8 64 105
9 127 211
9 127 211
9 128 211
9 128 211
