13 2242 3374
13 2242 3374
13 2245 3369
13 2245 3369
13 2245 3370
13 2245 3370
13 2245 3371
13 2245 3371
13 2245 3372
13 2245 3372
13 2245 3373
13 2245 3373
13 2245 3374
13 2245 3374
14 4484 6738
14 4484 6742
14 4484 6743
14 4484 6744
14 4484 6745
14 4484 6746
14 4484 6747
14 4484 6748
14 4484 6749
14 4485 6747
14 4486 6738
14 4489 6739
14 4489 6740
14 4489 6741
15 8968 13477
15 8968 13478
15 8968 13479
15 8968 13480
15 8968 13481
15 8968 13482
15 8968 13483
15 8968 13484
15 8968 13485
15 8968 13486
15 8968 13487
15 8968 13488
15 8968 13489
15 8968 13490
15 8968 13491
15 8968 13492
15 8968 13493
15 8968 13494
15 8968 13495
15 8968 13496
15 8968 13497
15 8968 13498
15 8968 13499
15 8969 13477
15 8970 13493
15 8970 13495
15 8972 13477
15 8973 13477
16 17937 26955
16 17937 26956
16 17937 26957
16 17937 26958
16 17937 26959
16 17937 26960
16 17937 26961
16 17937 26962
16 17937 26963
16 17937 26964
16 17937 26965
16 17937 26966
16 17937 26967
16 17937 26968
16 17937 26969
16 17937 26970
16 17937 26971
16 17937 26972
16 17937 26973
16 17937 26974
16 17937 26975
16 17937 26976
16 17937 26977
16 17937 26978
16 17937 26979
16 17937 26980
16 17937 26981
16 17937 26982
16 17937 26983
16 17937 26984
16 17937 26985
16 17937 26986
16 17937 26987
16 17937 26988
16 17937 26989
16 17937 26990
16 17937 26991
16 17937 26992
16 17937 26993
16 17937 26994
16 17937 26995
16 17937 26996
16 17937 26997
16 17937 26998
16 17937 26999
16 17938 26955
16 17938 26962
16 17939 26956
16 17940 26986
16 17940 26990
16 17944 26955
16 17946 26955
16 17947 26955
17 35875 53910
17 35875 53911
17 35875 53912
17 35875 53913
17 35875 53914
17 35875 53915
17 35875 53916
17 35875 53917
17 35875 53918
17 35875 53919
17 35875 53920
17 35875 53921
17 35875 53922
17 35875 53923
17 35875 53924
17 35875 53925
17 35875 53926
17 35875 53927
17 35875 53928
17 35875 53929
17 35875 53930
17 35875 53931
17 35875 53932
17 35875 53933
17 35875 53934
17 35875 53935
17 35875 53936
17 35875 53937
17 35875 53938
17 35875 53939
17 35875 53940
17 35875 53941
17 35875 53942
17 35875 53943
17 35875 53944
17 35875 53945
17 35875 53946
17 35875 53947
17 35875 53948
17 35875 53949
17 35875 53950
17 35875 53951
17 35875 53952
17 35875 53953
17 35875 53954
17 35875 53955
17 35875 53956
17 35875 53957
17 35875 53958
17 35875 53959
17 35875 53960
17 35875 53961
17 35875 53962
17 35875 53963
17 35875 53964
17 35875 53965
17 35875 53966
17 35875 53967
17 35875 53968
17 35875 53969
17 35875 53970
17 35875 53971
17 35875 53972
17 35875 53973
17 35875 53974
17 35875 53975
17 35875 53976
17 35875 53977
17 35875 53978
17 35875 53979
17 35875 53980
17 35875 53981
17 35875 53982
17 35875 53983
17 35875 53984
17 35875 53985
17 35875 53986
17 35875 53987
17 35875 53988
17 35875 53989
17 35875 53990
17 35875 53991
17 35875 53992
17 35875 53993
17 35875 53994
17 35875 53995
17 35875 53996
17 35875 53997
17 35875 53998
17 35875 53999
18 71751 107820
3 2 3
4 4 6
4 4 6
5 8 13
5 8 13
6 17 26
6 17 26
7 35 52
7 35 52
8 70 105
8 70 105
