13 2431 3059
13 2431 3075
13 2432 3059
13 2432 3075
13 2433 3059
13 2433 3075
13 2434 3059
13 2434 3075
13 2435 3059
13 2435 3075
13 2436 3059
13 2436 3075
13 2437 3059
13 2437 3075
13 2438 3059
13 2438 3075
13 2439 3059
13 2439 3075
13 2440 3059
13 2440 3075
13 2441 3059
13 2441 3075
13 2442 3059
13 2442 3075
13 2443 3059
13 2443 3075
13 2444 3059
13 2444 3075
13 2445 3059
13 2445 3075
13 2446 3059
13 2446 3075
13 2447 3059
13 2447 3075
13 2448 3059
13 2448 3075
13 2449 3059
13 2449 3075
13 2450 3059
13 2450 3075
13 2451 3059
13 2451 3075
13 2452 3059
13 2452 3075
13 2453 3059
13 2453 3075
13 2454 3059
13 2454 3075
13 2455 3059
13 2455 3075
13 2456 3059
13 2456 3075
