12 1124 1662
12 1124 1662
12 1124 1663
12 1124 1663
12 1126 1662
12 1126 1662
12 1126 1665
12 1126 1665
13 2249 3325
13 2249 3325
13 2249 3326
13 2249 3326
13 2249 3327
13 2249 3327
13 2250 3325
13 2250 3325
13 2251 3331
13 2251 3331
13 2252 3325
13 2252 3325
13 2252 3329
13 2252 3329
13 2252 3330
13 2252 3330
13 2252 3331
13 2252 3331
14 4498 6651
14 4498 6652
14 4498 6653
14 4498 6654
14 4498 6655
14 4498 6656
14 4498 6657
14 4498 6658
14 4498 6662
14 4503 6659
14 4503 6660
14 4503 6661
15 8996 13302
15 8996 13303
15 8996 13304
15 8996 13305
15 8996 13306
15 8996 13307
15 8996 13308
15 8996 13309
15 8996 13310
15 8996 13311
15 8996 13312
15 8996 13313
15 8996 13314
15 8996 13315
15 8996 13316
15 8996 13317
15 8996 13318
15 8996 13319
15 8996 13320
15 8996 13323
15 8996 13324
15 8996 13325
15 9005 13321
15 9005 13322
16 17992 26605
16 17992 26606
16 17992 26607
16 17992 26608
16 17992 26609
16 17992 26610
16 17992 26611
16 17992 26612
16 17992 26613
16 17992 26614
16 17992 26615
16 17992 26616
16 17992 26617
16 17992 26618
16 17992 26619
16 17992 26620
16 17992 26621
16 17992 26622
16 17992 26623
16 17992 26624
16 17992 26625
16 17992 26626
16 17992 26627
16 17992 26628
16 17992 26629
16 17992 26630
16 17992 26631
16 17992 26632
16 17992 26633
16 17992 26634
16 17992 26635
16 17992 26636
16 17992 26637
16 17992 26638
16 17992 26639
16 17992 26640
16 17992 26641
16 17992 26642
16 17992 26643
16 17992 26644
16 17992 26645
16 17992 26646
16 17992 26647
16 17992 26648
16 17992 26649
16 17992 26650
16 17992 26651
16 18007 26648
17 35984 53211
18 71968 106423
3 2 3
4 4 6
4 4 6
5 8 12
5 8 12
5 8 13
5 8 13
6 17 25
6 17 25
6 17 26
6 17 26
7 35 51
7 35 51
7 35 52
7 35 52
