10 281 418
11 560 834
12 1120 1668
12 1120 1668
12 1120 1669
12 1120 1669
12 1120 1670
12 1120 1670
12 1120 1671
12 1120 1671
12 1120 1672
12 1120 1672
12 1120 1673
12 1120 1673
12 1120 1675
12 1120 1675
12 1120 1676
12 1120 1676
12 1121 1668
12 1121 1668
12 1121 1669
12 1121 1669
12 1121 1670
12 1121 1670
12 1121 1675
12 1121 1675
12 1121 1676
12 1121 1676
12 1122 1668
12 1122 1668
12 1122 1676
12 1122 1676
12 1123 1675
12 1123 1675
12 1123 1676
12 1123 1676
12 1124 1668
12 1124 1668
12 1124 1672
12 1124 1672
12 1124 1673
12 1124 1673
12 1124 1674
12 1124 1674
12 1124 1675
12 1124 1675
12 1124 1676
12 1124 1676
12 1125 1668
12 1125 1668
12 1125 1669
12 1125 1669
12 1125 1670
12 1125 1670
12 1125 1671
12 1125 1671
12 1125 1672
12 1125 1672
12 1125 1673
12 1125 1673
12 1125 1674
12 1125 1674
12 1125 1675
12 1125 1675
12 1125 1676
12 1125 1676
13 2241 3337
13 2241 3337
13 2241 3338
13 2241 3338
13 2241 3339
13 2241 3339
13 2241 3340
13 2241 3340
13 2241 3341
13 2241 3341
13 2241 3342
13 2241 3342
13 2241 3343
13 2241 3343
13 2241 3344
13 2241 3344
13 2241 3345
13 2241 3345
13 2241 3346
13 2241 3346
13 2241 3347
13 2241 3347
13 2241 3350
13 2241 3350
13 2241 3351
13 2241 3351
13 2241 3352
13 2241 3352
13 2242 3337
13 2242 3337
13 2242 3338
13 2242 3338
13 2242 3339
13 2242 3339
13 2242 3340
13 2242 3340
13 2242 3341
13 2242 3341
13 2242 3342
13 2242 3342
13 2242 3343
13 2242 3343
13 2242 3344
13 2242 3344
13 2242 3345
13 2242 3345
13 2242 3350
13 2242 3350
13 2242 3351
13 2242 3351
13 2242 3352
13 2242 3352
13 2243 3337
13 2243 3337
13 2243 3338
13 2243 3338
13 2243 3339
13 2243 3339
13 2243 3340
13 2243 3340
13 2243 3341
13 2243 3341
13 2243 3342
13 2243 3342
13 2243 3350
13 2243 3350
13 2243 3351
13 2243 3351
13 2243 3352
13 2243 3352
13 2244 3337
13 2244 3337
13 2244 3338
13 2244 3338
13 2244 3339
13 2244 3339
13 2244 3340
13 2244 3340
13 2244 3351
13 2244 3351
13 2244 3352
13 2244 3352
13 2245 3337
13 2245 3337
13 2245 3351
13 2245 3351
13 2245 3352
13 2245 3352
13 2246 3349
13 2246 3349
13 2246 3350
13 2246 3350
13 2246 3351
13 2246 3351
13 2246 3352
13 2246 3352
13 2247 3346
13 2247 3346
13 2247 3347
13 2247 3347
13 2247 3348
13 2247 3348
13 2247 3349
13 2247 3349
13 2247 3350
13 2247 3350
13 2247 3351
13 2247 3351
13 2247 3352
13 2247 3352
13 2248 3337
13 2248 3337
13 2248 3343
13 2248 3343
13 2248 3344
13 2248 3344
13 2248 3345
13 2248 3345
13 2248 3346
13 2248 3346
13 2248 3347
13 2248 3347
13 2248 3348
13 2248 3348
13 2248 3349
13 2248 3349
13 2248 3350
13 2248 3350
13 2248 3351
13 2248 3351
13 2248 3352
13 2248 3352
13 2249 3337
13 2249 3337
13 2249 3341
13 2249 3341
13 2249 3342
13 2249 3342
13 2249 3343
13 2249 3343
13 2249 3344
13 2249 3344
13 2249 3345
13 2249 3345
13 2249 3346
13 2249 3346
13 2249 3347
13 2249 3347
13 2249 3348
13 2249 3348
13 2249 3349
13 2249 3349
13 2249 3350
13 2249 3350
13 2249 3351
13 2249 3351
13 2249 3352
13 2249 3352
13 2250 3337
13 2250 3337
13 2250 3338
13 2250 3338
13 2250 3339
13 2250 3339
13 2250 3340
13 2250 3340
13 2250 3341
13 2250 3341
13 2250 3342
13 2250 3342
13 2250 3343
13 2250 3343
13 2250 3344
13 2250 3344
13 2250 3345
13 2250 3345
13 2250 3346
13 2250 3346
13 2250 3347
13 2250 3347
13 2250 3348
13 2250 3348
13 2250 3349
13 2250 3349
13 2250 3350
13 2250 3350
13 2250 3351
13 2250 3351
13 2250 3352
13 2250 3352
14 4482 6674
14 4482 6675
14 4482 6676
14 4482 6677
14 4482 6678
14 4482 6679
14 4482 6680
14 4482 6681
14 4482 6682
14 4482 6683
14 4482 6684
14 4482 6685
14 4482 6686
14 4482 6687
14 4482 6688
14 4482 6689
14 4482 6690
14 4482 6691
14 4482 6692
14 4482 6693
14 4482 6694
14 4482 6695
14 4482 6696
14 4482 6697
14 4482 6698
14 4482 6699
14 4482 6700
14 4482 6701
14 4482 6702
14 4482 6703
14 4482 6704
14 4482 6705
14 4483 6701
14 4484 6690
15 8964 13349
15 8964 13350
15 8964 13351
15 8964 13352
15 8964 13353
15 8964 13354
15 8964 13355
15 8964 13356
15 8964 13357
15 8964 13358
15 8964 13359
15 8964 13360
15 8964 13361
15 8964 13362
15 8964 13363
15 8964 13364
15 8964 13365
15 8964 13366
15 8964 13367
15 8964 13368
15 8964 13369
15 8964 13370
15 8964 13371
15 8964 13372
15 8964 13373
15 8964 13374
15 8964 13375
15 8964 13376
15 8964 13377
15 8964 13378
15 8964 13379
15 8964 13380
15 8964 13381
15 8964 13382
15 8964 13383
15 8964 13384
15 8964 13385
15 8964 13386
15 8964 13387
15 8964 13388
15 8964 13389
15 8964 13390
15 8964 13391
15 8964 13392
15 8964 13393
15 8964 13394
15 8964 13395
15 8964 13396
15 8964 13397
15 8964 13398
15 8964 13399
15 8964 13400
15 8964 13401
15 8964 13402
15 8964 13403
15 8964 13404
15 8964 13405
15 8964 13406
15 8964 13407
15 8964 13408
15 8964 13409
15 8964 13410
15 8965 13397
15 8967 13403
15 8968 13380
16 17929 26699
16 17929 26700
16 17929 26701
16 17929 26702
16 17929 26703
16 17929 26704
16 17929 26705
16 17929 26706
16 17929 26707
16 17929 26708
16 17929 26709
16 17929 26710
16 17929 26711
16 17929 26712
16 17929 26713
16 17929 26714
16 17929 26715
16 17929 26716
16 17929 26717
16 17929 26718
16 17929 26719
16 17929 26720
16 17929 26721
16 17929 26722
16 17929 26723
16 17929 26724
16 17929 26725
16 17929 26726
16 17929 26727
16 17929 26728
16 17929 26729
16 17929 26730
16 17929 26731
16 17929 26732
16 17929 26733
16 17929 26734
16 17929 26735
16 17929 26736
16 17929 26737
16 17929 26738
16 17929 26739
16 17929 26740
16 17929 26741
16 17929 26742
16 17929 26743
16 17929 26744
16 17929 26745
16 17929 26746
16 17929 26747
16 17929 26748
16 17929 26749
16 17929 26750
16 17929 26751
16 17929 26752
16 17929 26753
16 17929 26754
16 17929 26755
16 17929 26756
16 17929 26757
16 17929 26758
16 17929 26759
16 17929 26760
16 17929 26761
16 17929 26762
16 17929 26763
16 17929 26764
16 17929 26765
16 17929 26766
16 17929 26767
16 17929 26768
16 17929 26769
16 17929 26770
16 17929 26771
16 17929 26772
16 17929 26773
16 17929 26774
16 17929 26775
16 17929 26776
16 17929 26777
16 17929 26778
16 17929 26779
16 17929 26780
16 17929 26781
16 17929 26782
16 17929 26783
16 17929 26784
16 17929 26785
16 17929 26786
16 17929 26787
16 17929 26788
16 17929 26789
16 17929 26790
16 17929 26791
16 17929 26792
16 17929 26793
16 17929 26794
16 17929 26795
16 17929 26796
16 17929 26797
16 17929 26798
16 17929 26799
16 17929 26800
16 17929 26801
16 17929 26802
16 17929 26803
16 17929 26804
16 17929 26805
16 17929 26806
16 17929 26807
16 17929 26808
16 17929 26809
16 17929 26810
16 17929 26811
16 17929 26812
16 17929 26813
16 17929 26814
16 17929 26815
16 17929 26816
16 17929 26817
16 17929 26818
16 17929 26819
16 17929 26820
16 17931 26794
16 17934 26806
16 17936 26760
16 17971 26742
17 35858 53398
17 35858 53399
17 35858 53400
17 35858 53401
17 35858 53402
17 35858 53403
17 35858 53404
17 35858 53405
17 35858 53406
17 35858 53407
17 35858 53408
17 35858 53409
17 35858 53410
17 35858 53411
17 35858 53412
17 35858 53413
17 35858 53414
17 35858 53415
17 35858 53416
17 35858 53417
17 35858 53418
17 35858 53419
17 35858 53420
17 35858 53421
17 35858 53422
17 35858 53423
17 35858 53424
17 35858 53425
17 35858 53426
17 35858 53427
17 35858 53428
17 35858 53429
17 35858 53430
17 35858 53431
17 35858 53432
17 35858 53433
17 35858 53434
17 35858 53435
17 35858 53436
17 35858 53437
17 35858 53438
17 35858 53439
17 35858 53440
17 35858 53441
17 35858 53442
17 35858 53443
17 35858 53444
17 35858 53445
17 35858 53446
17 35858 53447
17 35858 53448
17 35858 53449
17 35858 53450
17 35858 53451
17 35858 53452
17 35858 53453
17 35858 53454
17 35858 53455
17 35858 53456
17 35858 53457
17 35858 53458
17 35858 53459
17 35858 53460
17 35858 53461
17 35858 53462
17 35858 53463
17 35858 53464
17 35858 53465
17 35858 53466
17 35858 53467
17 35858 53468
17 35858 53469
17 35858 53470
17 35858 53471
17 35858 53472
17 35858 53473
17 35858 53474
17 35858 53475
17 35858 53476
17 35858 53477
17 35858 53478
17 35858 53479
17 35858 53480
17 35858 53481
17 35858 53482
17 35858 53483
17 35858 53484
17 35858 53485
17 35858 53486
17 35858 53487
17 35858 53488
17 35858 53489
17 35858 53490
17 35858 53491
17 35858 53492
17 35858 53493
17 35858 53494
17 35858 53495
17 35858 53496
17 35858 53497
17 35858 53498
17 35858 53499
17 35858 53500
17 35858 53501
17 35858 53502
17 35858 53503
17 35858 53504
17 35858 53505
17 35858 53506
17 35858 53507
17 35858 53508
17 35858 53509
17 35858 53510
17 35858 53511
17 35858 53512
17 35858 53513
17 35858 53514
17 35858 53515
17 35858 53516
17 35858 53517
17 35858 53518
17 35858 53519
17 35858 53520
17 35858 53521
17 35858 53522
17 35858 53523
17 35858 53524
17 35858 53525
17 35858 53526
17 35858 53527
17 35858 53528
17 35858 53529
17 35858 53530
17 35858 53531
17 35858 53532
17 35858 53533
17 35858 53534
17 35858 53535
17 35858 53536
17 35858 53537
17 35858 53538
17 35858 53539
17 35858 53540
17 35858 53541
17 35858 53542
17 35858 53543
17 35858 53544
17 35858 53545
17 35858 53546
17 35858 53547
17 35858 53548
17 35858 53549
17 35858 53550
17 35858 53551
17 35858 53552
17 35858 53553
17 35858 53554
17 35858 53555
17 35858 53556
17 35858 53557
17 35858 53558
17 35858 53559
17 35858 53560
17 35858 53561
17 35858 53562
17 35858 53563
17 35858 53564
17 35858 53565
17 35858 53566
17 35858 53567
17 35858 53568
17 35858 53569
17 35858 53570
17 35858 53571
17 35858 53572
17 35858 53573
17 35858 53574
17 35858 53575
17 35858 53576
17 35858 53577
17 35858 53578
17 35858 53579
17 35858 53580
17 35858 53581
17 35858 53582
17 35858 53583
17 35858 53584
17 35858 53585
17 35858 53586
17 35858 53587
17 35858 53588
17 35858 53589
17 35858 53590
17 35858 53591
17 35858 53592
17 35858 53593
17 35858 53594
17 35858 53595
17 35858 53596
17 35858 53597
17 35858 53598
17 35858 53599
17 35858 53600
17 35858 53601
17 35858 53602
17 35858 53603
17 35858 53604
17 35858 53605
17 35858 53606
17 35858 53607
17 35858 53608
17 35858 53609
17 35858 53610
17 35858 53611
17 35858 53612
17 35858 53613
17 35858 53614
17 35858 53615
17 35858 53616
17 35858 53617
17 35858 53618
17 35858 53619
17 35858 53620
17 35858 53621
17 35858 53622
17 35858 53623
17 35858 53624
17 35858 53625
17 35858 53626
17 35858 53627
17 35858 53628
17 35858 53629
17 35858 53630
17 35858 53631
17 35858 53632
17 35858 53633
17 35858 53634
17 35858 53635
17 35858 53636
17 35858 53637
17 35858 53638
17 35858 53639
17 35858 53640
17 35858 53641
17 35863 53589
17 35943 53485
18 71716 106797
18 71716 106798
18 71716 106799
18 71716 106800
18 71716 106801
18 71716 106802
18 71716 106803
18 71716 106804
18 71716 106805
18 71716 106806
18 71716 106807
18 71716 106808
18 71716 106809
18 71716 106810
18 71716 106811
18 71716 106812
18 71716 106813
18 71716 106814
18 71716 106815
18 71716 106816
18 71716 106817
18 71716 106818
18 71716 106819
18 71716 106820
18 71716 106821
18 71716 106822
18 71716 106823
18 71716 106824
18 71716 106825
18 71716 106826
18 71716 106827
18 71716 106828
18 71716 106829
18 71716 106830
18 71716 106831
18 71716 106832
18 71716 106833
18 71716 106834
18 71716 106835
18 71716 106836
18 71716 106837
18 71716 106838
18 71716 106839
18 71716 106840
18 71716 106841
18 71716 106842
18 71716 106843
18 71716 106844
18 71716 106845
18 71716 106846
18 71716 106847
18 71716 106848
18 71716 106849
18 71716 106850
18 71716 106851
18 71716 106852
18 71716 106853
18 71716 106854
18 71716 106855
18 71716 106856
18 71716 106857
18 71716 106858
18 71716 106859
18 71716 106860
18 71716 106861
18 71716 106862
18 71716 106863
18 71716 106864
18 71716 106865
18 71716 106866
18 71716 106867
18 71716 106868
18 71716 106869
18 71716 106870
18 71716 106871
18 71716 106872
18 71716 106873
18 71716 106874
18 71716 106875
18 71716 106876
18 71716 106877
18 71716 106878
18 71716 106879
18 71716 106880
18 71716 106881
18 71716 106882
18 71716 106883
18 71716 106884
18 71716 106885
18 71716 106886
18 71716 106887
18 71716 106888
18 71716 106889
18 71716 106890
18 71716 106891
18 71716 106892
18 71716 106893
18 71716 106894
18 71716 106895
18 71716 106896
18 71716 106897
18 71716 106898
18 71716 106899
18 71716 106900
18 71716 106901
18 71716 106902
18 71716 106903
18 71716 106904
18 71716 106905
18 71716 106906
18 71716 106907
18 71716 106908
18 71716 106909
18 71716 106910
18 71716 106911
18 71716 106912
18 71716 106913
18 71716 106914
18 71716 106915
18 71716 106916
18 71716 106917
18 71716 106918
18 71716 106919
18 71716 106920
18 71716 106921
18 71716 106922
18 71716 106923
18 71716 106924
18 71716 106925
18 71716 106926
18 71716 106927
18 71716 106928
18 71716 106929
18 71716 106930
18 71716 106931
18 71716 106932
18 71716 106933
18 71716 106934
18 71716 106935
18 71716 106936
18 71716 106937
18 71716 106938
18 71716 106939
18 71716 106940
18 71716 106941
18 71716 106942
18 71716 106943
18 71716 106944
18 71716 106945
18 71716 106946
18 71716 106947
18 71716 106948
18 71716 106949
18 71716 106950
18 71716 106951
18 71716 106952
18 71716 106953
18 71716 106954
18 71716 106955
18 71716 106956
18 71716 106957
18 71716 106958
18 71716 106959
18 71716 106960
18 71716 106961
18 71716 106962
18 71716 106963
18 71716 106964
18 71716 106965
18 71716 106966
18 71716 106967
18 71716 106968
18 71716 106969
18 71716 106970
18 71716 106971
18 71716 106972
18 71716 106973
18 71716 106974
18 71716 106975
18 71716 106976
18 71716 106977
18 71716 106978
18 71716 106979
18 71716 106980
18 71716 106981
18 71716 106982
18 71716 106983
18 71716 106984
18 71716 106985
18 71716 106986
18 71716 106987
18 71716 106988
18 71716 106989
18 71716 106990
18 71716 106991
18 71716 106992
18 71716 106993
18 71716 106994
18 71716 106995
18 71716 106996
18 71716 106997
18 71716 106998
18 71716 106999
18 71716 107000
18 71716 107001
18 71716 107002
18 71716 107003
18 71716 107004
18 71716 107005
18 71716 107006
18 71716 107007
18 71716 107008
18 71716 107009
18 71716 107010
18 71716 107011
18 71716 107012
18 71716 107013
18 71716 107014
18 71716 107015
18 71716 107016
18 71716 107017
18 71716 107018
18 71716 107019
18 71716 107020
18 71716 107021
18 71716 107022
18 71716 107023
18 71716 107024
18 71716 107025
18 71716 107026
18 71716 107027
18 71716 107028
18 71716 107029
18 71716 107030
18 71716 107031
18 71716 107032
18 71716 107033
18 71716 107034
18 71716 107035
18 71716 107036
18 71716 107037
18 71716 107038
18 71716 107039
18 71716 107040
18 71716 107041
18 71716 107042
18 71716 107043
18 71716 107044
18 71716 107045
18 71716 107046
18 71716 107047
18 71716 107048
18 71716 107049
18 71716 107050
18 71716 107051
18 71716 107052
18 71716 107053
18 71716 107054
18 71716 107055
18 71716 107056
18 71716 107057
18 71716 107058
18 71716 107059
18 71716 107060
18 71716 107061
18 71716 107062
18 71716 107063
18 71716 107064
18 71716 107065
18 71716 107066
18 71716 107067
18 71716 107068
18 71716 107069
18 71716 107070
18 71716 107071
18 71716 107072
18 71716 107073
18 71716 107074
18 71716 107075
18 71716 107076
18 71716 107077
18 71716 107078
18 71716 107079
18 71716 107080
18 71716 107081
18 71716 107082
18 71716 107083
18 71716 107084
18 71716 107085
18 71716 107086
18 71716 107087
18 71716 107088
18 71716 107089
18 71716 107090
18 71716 107091
18 71716 107092
18 71716 107093
18 71716 107094
18 71716 107095
18 71716 107096
18 71716 107097
18 71716 107098
18 71716 107099
18 71716 107100
18 71716 107101
18 71716 107102
18 71716 107103
18 71716 107104
18 71716 107105
18 71716 107106
18 71716 107107
18 71716 107108
18 71716 107109
18 71716 107110
18 71716 107111
18 71716 107112
18 71716 107113
18 71716 107114
18 71716 107115
18 71716 107116
18 71716 107117
18 71716 107118
18 71716 107119
18 71716 107120
18 71716 107121
18 71716 107122
18 71716 107123
18 71716 107124
18 71716 107125
18 71716 107126
18 71716 107127
18 71716 107128
18 71716 107129
18 71716 107130
18 71716 107131
18 71716 107132
18 71716 107133
18 71716 107134
18 71716 107135
18 71716 107136
18 71716 107137
18 71716 107138
18 71716 107139
18 71716 107140
18 71716 107141
18 71716 107142
18 71716 107143
18 71716 107144
18 71716 107145
18 71716 107146
18 71716 107147
18 71716 107148
18 71716 107149
18 71716 107150
18 71716 107151
18 71716 107152
18 71716 107153
18 71716 107154
18 71716 107155
18 71716 107156
18 71716 107157
18 71716 107158
18 71716 107159
18 71716 107160
18 71716 107161
18 71716 107162
18 71716 107163
18 71716 107164
18 71716 107165
18 71716 107166
18 71716 107167
18 71716 107168
18 71716 107169
18 71716 107170
18 71716 107171
18 71716 107172
18 71716 107173
18 71716 107174
18 71716 107175
18 71716 107176
18 71716 107177
18 71716 107178
18 71716 107179
18 71716 107180
18 71716 107181
18 71716 107182
18 71716 107183
18 71716 107184
18 71716 107185
18 71716 107186
18 71716 107187
18 71716 107188
18 71716 107189
18 71716 107190
18 71716 107191
18 71716 107192
18 71716 107193
18 71716 107194
18 71716 107195
18 71716 107196
18 71716 107197
18 71716 107198
18 71716 107199
18 71716 107200
18 71716 107201
18 71716 107202
18 71716 107203
18 71716 107204
18 71716 107205
18 71716 107206
18 71716 107207
18 71716 107208
18 71716 107209
18 71716 107210
18 71716 107211
18 71716 107212
18 71716 107213
18 71716 107214
18 71716 107215
18 71716 107216
18 71716 107217
18 71716 107218
18 71716 107219
18 71716 107220
18 71716 107221
18 71716 107222
18 71716 107223
18 71716 107224
18 71716 107225
18 71716 107226
18 71716 107227
18 71716 107228
18 71716 107229
18 71716 107230
18 71716 107231
18 71716 107232
18 71716 107233
18 71716 107234
18 71716 107235
18 71716 107236
18 71716 107237
18 71716 107238
18 71716 107239
18 71716 107240
18 71716 107241
18 71716 107242
18 71716 107243
18 71716 107244
18 71716 107245
18 71716 107246
18 71716 107247
18 71716 107248
18 71716 107249
18 71716 107250
18 71716 107251
18 71716 107252
18 71716 107253
18 71716 107254
18 71716 107255
18 71716 107256
18 71716 107257
18 71716 107258
18 71716 107259
18 71716 107260
18 71716 107261
18 71716 107262
18 71716 107263
18 71716 107264
18 71716 107265
18 71716 107266
18 71716 107267
18 71716 107268
18 71716 107269
18 71716 107270
18 71716 107271
18 71716 107272
18 71716 107273
18 71716 107274
18 71716 107275
18 71716 107276
18 71716 107277
18 71716 107278
18 71716 107279
18 71716 107280
18 71716 107281
18 71716 107282
18 71727 107179
18 71886 106970
3 2 3
4 4 6
4 4 6
5 8 13
5 8 13
6 17 26
6 17 26
7 35 52
7 35 52
