11 588 803
12 1177 1606
12 1177 1606
12 1179 1605
12 1179 1605
13 2355 3212
13 2355 3212
13 2355 3213
13 2355 3213
13 2356 3213
13 2356 3213
13 2357 3210
13 2357 3210
13 2358 3210
13 2358 3210
13 2358 3211
13 2358 3211
13 2359 3210
13 2359 3210
13 2359 3211
13 2359 3211
13 2359 3212
13 2359 3212
13 2359 3213
13 2359 3213
14 4710 6420
14 4710 6421
14 4710 6424
14 4710 6425
14 4710 6426
14 4715 6422
14 4716 6423
15 9420 12841
15 9420 12842
15 9420 12843
15 9420 12844
15 9420 12845
15 9420 12846
15 9420 12847
15 9420 12848
15 9420 12849
15 9420 12850
15 9420 12851
15 9420 12852
15 9420 12853
15 9423 12846
16 18841 25683
16 18841 25684
16 18841 25685
16 18841 25686
16 18841 25687
16 18841 25688
16 18841 25689
16 18841 25690
16 18841 25691
16 18841 25692
16 18841 25693
16 18841 25694
16 18841 25695
16 18841 25696
16 18841 25697
16 18841 25698
16 18841 25699
16 18841 25700
16 18841 25701
16 18841 25702
16 18841 25703
16 18841 25704
16 18841 25705
16 18841 25706
16 18841 25707
16 18847 25693
17 37682 51367
18 75364 102735
3 2 3
4 4 6
4 4 6
5 9 12
5 9 12
6 18 25
6 18 25
