13 2352 3254
13 2352 3254
14 4704 6508
14 4704 6509
14 4704 6510
14 4704 6511
15 9409 13016
15 9409 13017
15 9409 13018
15 9409 13019
15 9409 13020
15 9409 13021
15 9409 13022
15 9409 13023
16 18819 26032
16 18819 26033
16 18819 26034
16 18819 26035
16 18819 26036
16 18819 26037
16 18819 26038
16 18819 26039
16 18819 26040
16 18819 26041
16 18819 26042
16 18819 26043
16 18819 26044
16 18819 26045
16 18819 26046
16 18819 26047
16 18819 26048
16 18819 26051
17 37638 52065
17 37638 52066
17 37638 52067
17 37638 52068
17 37638 52069
17 37638 52070
17 37638 52071
17 37638 52072
17 37638 52073
17 37638 52074
17 37638 52075
17 37638 52076
17 37638 52077
17 37638 52078
17 37638 52079
17 37638 52080
17 37638 52081
17 37638 52082
17 37638 52083
17 37638 52084
17 37638 52085
17 37638 52086
17 37638 52087
17 37638 52088
17 37638 52089
17 37638 52090
17 37638 52091
17 37638 52092
17 37638 52093
17 37638 52094
17 37638 52095
17 37638 52096
17 37638 52097
17 37638 52098
17 37638 52099
17 37638 52100
17 37638 52101
17 37638 52102
17 37638 52103
18 75276 104131
3 2 3
4 4 6
4 4 6
5 9 12
5 9 12
6 18 25
6 18 25
7 36 50
7 36 50
8 73 101
8 73 101
