13 2066 3405
13 2066 3405
13 2066 3406
13 2066 3406
13 2066 3407
13 2066 3407
13 2067 3407
13 2067 3407
13 2068 3407
13 2068 3407
14 4133 6811
14 4133 6812
14 4133 6813
14 4133 6814
15 8267 13622
15 8267 13623
15 8267 13624
15 8267 13625
15 8267 13626
15 8267 13627
15 8267 13628
16 16535 27244
16 16535 27245
16 16535 27246
16 16535 27247
16 16535 27248
16 16535 27249
16 16535 27250
16 16535 27251
16 16535 27252
16 16535 27253
16 16535 27254
16 16535 27255
16 16535 27256
17 33071 54488
18 66142 108977
3 2 3
4 4 6
4 4 6
5 8 13
5 8 13
6 16 26
6 16 26
7 32 53
7 32 53
8 64 106
8 64 106
