10 281 426
10 281 428
11 563 853
11 563 856
11 565 853
11 565 854
12 1127 1706
12 1127 1706
12 1127 1707
12 1127 1707
12 1127 1708
12 1127 1708
12 1127 1709
12 1127 1709
12 1127 1710
12 1127 1710
12 1127 1711
12 1127 1711
12 1127 1712
12 1127 1712
12 1127 1713
12 1127 1713
12 1128 1711
12 1128 1711
12 1128 1712
12 1128 1712
12 1128 1713
12 1128 1713
12 1129 1706
12 1129 1706
12 1130 1706
12 1130 1706
12 1130 1707
12 1130 1707
12 1130 1708
12 1130 1708
12 1130 1709
12 1130 1709
12 1131 1706
12 1131 1706
12 1131 1707
12 1131 1707
12 1131 1708
12 1131 1708
12 1131 1709
12 1131 1709
12 1131 1710
12 1131 1710
12 1131 1711
12 1131 1711
12 1131 1712
12 1131 1712
12 1131 1713
12 1131 1713
13 2255 3413
13 2255 3413
13 2255 3414
13 2255 3414
13 2255 3415
13 2255 3415
13 2255 3416
13 2255 3416
13 2255 3417
13 2255 3417
13 2255 3418
13 2255 3418
13 2255 3419
13 2255 3419
13 2255 3420
13 2255 3420
13 2255 3421
13 2255 3421
13 2255 3422
13 2255 3422
13 2255 3423
13 2255 3423
13 2255 3424
13 2255 3424
13 2255 3425
13 2255 3425
13 2255 3426
13 2255 3426
13 2255 3427
13 2255 3427
13 2256 3418
13 2256 3418
13 2256 3419
13 2256 3419
13 2256 3420
13 2256 3420
13 2256 3421
13 2256 3421
13 2256 3422
13 2256 3422
13 2256 3423
13 2256 3423
13 2256 3424
13 2256 3424
13 2256 3425
13 2256 3425
13 2256 3426
13 2256 3426
13 2256 3427
13 2256 3427
13 2257 3421
13 2257 3421
13 2257 3422
13 2257 3422
13 2257 3423
13 2257 3423
13 2257 3424
13 2257 3424
13 2257 3425
13 2257 3425
13 2257 3426
13 2257 3426
13 2257 3427
13 2257 3427
13 2258 3413
13 2258 3413
13 2258 3424
13 2258 3424
13 2258 3425
13 2258 3425
13 2258 3426
13 2258 3426
13 2258 3427
13 2258 3427
13 2259 3413
13 2259 3413
13 2259 3414
13 2259 3414
13 2259 3415
13 2259 3415
13 2259 3416
13 2259 3416
13 2259 3427
13 2259 3427
13 2260 3413
13 2260 3413
13 2260 3414
13 2260 3414
13 2260 3415
13 2260 3415
13 2260 3416
13 2260 3416
13 2260 3417
13 2260 3417
13 2260 3418
13 2260 3418
13 2260 3419
13 2260 3419
13 2261 3413
13 2261 3413
13 2261 3414
13 2261 3414
13 2261 3415
13 2261 3415
13 2261 3416
13 2261 3416
13 2261 3417
13 2261 3417
13 2261 3418
13 2261 3418
13 2261 3419
13 2261 3419
13 2261 3420
13 2261 3420
13 2261 3421
13 2261 3421
13 2261 3422
13 2261 3422
13 2261 3423
13 2261 3423
13 2261 3424
13 2261 3424
13 2262 3413
13 2262 3413
13 2262 3414
13 2262 3414
13 2262 3415
13 2262 3415
13 2262 3416
13 2262 3416
13 2262 3417
13 2262 3417
13 2262 3418
13 2262 3418
13 2262 3419
13 2262 3419
13 2262 3420
13 2262 3420
13 2262 3421
13 2262 3421
13 2262 3422
13 2262 3422
13 2262 3423
13 2262 3423
13 2262 3424
13 2262 3424
13 2262 3425
13 2262 3425
13 2262 3426
13 2262 3426
13 2262 3427
13 2262 3427
14 4511 6827
14 4511 6828
14 4511 6829
14 4511 6830
14 4511 6831
14 4511 6832
14 4511 6833
14 4511 6834
14 4511 6835
14 4511 6836
14 4511 6837
14 4511 6838
14 4511 6839
14 4511 6840
14 4511 6841
14 4511 6842
14 4511 6843
14 4511 6844
14 4511 6845
14 4511 6846
14 4511 6847
14 4511 6848
14 4511 6849
14 4511 6850
14 4511 6851
14 4511 6852
14 4511 6853
14 4511 6854
14 4512 6833
14 4512 6834
14 4512 6836
14 4513 6835
14 4513 6842
14 4513 6845
14 4513 6846
14 4514 6845
14 4514 6846
14 4515 6841
14 4515 6846
14 4516 6827
14 4516 6828
14 4516 6844
14 4516 6845
14 4517 6827
14 4517 6847
14 4517 6850
14 4518 6832
14 4518 6833
14 4519 6828
14 4519 6833
14 4520 6828
14 4520 6829
14 4520 6832
14 4520 6833
14 4520 6835
14 4520 6836
14 4521 6828
14 4521 6829
14 4521 6830
14 4521 6831
14 4521 6832
14 4521 6833
14 4521 6839
14 4521 6841
14 4521 6847
14 4522 6829
14 4522 6830
14 4522 6831
14 4522 6832
14 4522 6836
14 4522 6837
14 4522 6842
14 4522 6843
14 4522 6845
14 4522 6846
14 4522 6847
14 4522 6848
14 4523 6831
14 4523 6832
14 4523 6833
14 4523 6834
14 4523 6835
14 4523 6839
14 4523 6841
14 4523 6842
14 4523 6844
14 4523 6845
14 4523 6847
14 4523 6848
14 4523 6849
14 4523 6854
14 4524 6842
14 4524 6853
15 9023 13654
15 9023 13655
15 9023 13656
15 9023 13657
15 9023 13658
15 9023 13659
15 9023 13660
15 9023 13661
15 9023 13662
15 9023 13663
15 9023 13664
15 9023 13665
15 9023 13666
15 9023 13667
15 9023 13668
15 9023 13669
15 9023 13670
15 9023 13671
15 9023 13672
15 9023 13673
15 9023 13674
15 9023 13675
15 9023 13676
15 9023 13677
15 9023 13678
15 9023 13679
15 9023 13680
15 9023 13681
15 9023 13682
15 9023 13683
15 9023 13684
15 9023 13685
15 9023 13686
15 9023 13687
15 9023 13688
15 9023 13689
15 9023 13690
15 9023 13691
15 9023 13692
15 9023 13693
15 9023 13694
15 9023 13695
15 9023 13696
15 9023 13697
15 9023 13698
15 9023 13699
15 9023 13700
15 9023 13701
15 9023 13702
15 9023 13703
15 9023 13704
15 9023 13705
15 9023 13706
15 9023 13707
15 9023 13708
15 9023 13709
15 9024 13667
15 9024 13669
15 9025 13673
15 9026 13671
15 9026 13684
15 9026 13692
15 9027 13669
15 9027 13690
15 9028 13691
15 9029 13693
15 9030 13678
15 9030 13682
15 9030 13693
15 9031 13683
15 9031 13692
15 9031 13693
15 9032 13655
15 9033 13656
15 9033 13689
15 9033 13691
15 9034 13654
15 9034 13690
15 9035 13654
15 9035 13665
15 9035 13694
15 9035 13701
15 9036 13665
15 9036 13666
15 9036 13696
15 9037 13666
15 9037 13667
15 9037 13670
15 9038 13657
15 9039 13666
15 9040 13657
15 9040 13658
15 9040 13665
15 9040 13667
15 9041 13658
15 9041 13664
15 9041 13667
15 9041 13671
15 9041 13672
15 9041 13685
15 9042 13656
15 9042 13657
15 9042 13658
15 9042 13662
15 9042 13663
15 9042 13664
15 9042 13665
15 9042 13679
15 9042 13682
15 9042 13694
15 9043 13660
15 9043 13664
15 9043 13665
15 9043 13667
15 9043 13678
15 9043 13690
15 9043 13695
15 9044 13659
15 9044 13663
15 9044 13664
15 9044 13675
15 9044 13685
15 9044 13692
15 9045 13660
15 9045 13661
15 9045 13665
15 9045 13672
15 9045 13684
15 9045 13686
15 9045 13690
15 9045 13691
15 9045 13692
15 9045 13693
15 9045 13694
15 9045 13695
15 9045 13696
15 9045 13697
15 9046 13663
15 9046 13665
15 9046 13666
15 9046 13667
15 9046 13669
15 9046 13671
15 9046 13684
15 9046 13688
15 9046 13690
15 9046 13691
15 9046 13694
15 9046 13696
15 9046 13708
15 9047 13666
15 9047 13667
15 9047 13679
15 9047 13682
15 9047 13684
15 9047 13685
15 9047 13698
15 9048 13684
15 9048 13706
16 18047 27308
16 18047 27309
16 18047 27310
16 18047 27311
16 18047 27312
16 18047 27313
16 18047 27314
16 18047 27315
16 18047 27316
16 18047 27317
16 18047 27318
16 18047 27319
16 18047 27320
16 18047 27321
16 18047 27322
16 18047 27323
16 18047 27324
16 18047 27325
16 18047 27326
16 18047 27327
16 18047 27328
16 18047 27329
16 18047 27330
16 18047 27331
16 18047 27332
16 18047 27333
16 18047 27334
16 18047 27335
16 18047 27336
16 18047 27337
16 18047 27338
16 18047 27339
16 18047 27340
16 18047 27341
16 18047 27342
16 18047 27343
16 18047 27344
16 18047 27345
16 18047 27346
16 18047 27347
16 18047 27348
16 18047 27349
16 18047 27350
16 18047 27351
16 18047 27352
16 18047 27353
16 18047 27354
16 18047 27355
16 18047 27356
16 18047 27357
16 18047 27358
16 18047 27359
16 18047 27360
16 18047 27361
16 18047 27362
16 18047 27363
16 18047 27364
16 18047 27365
16 18047 27366
16 18047 27367
16 18047 27368
16 18047 27369
16 18047 27370
16 18047 27371
16 18047 27372
16 18047 27373
16 18047 27374
16 18047 27375
16 18047 27376
16 18047 27377
16 18047 27378
16 18047 27379
16 18047 27380
16 18047 27381
16 18047 27382
16 18047 27383
16 18047 27384
16 18047 27385
16 18047 27386
16 18047 27387
16 18047 27388
16 18047 27389
16 18047 27390
16 18047 27391
16 18047 27392
16 18047 27393
16 18047 27394
16 18047 27395
16 18047 27396
16 18047 27397
16 18047 27398
16 18047 27399
16 18047 27400
16 18047 27401
16 18047 27402
16 18047 27403
16 18047 27404
16 18047 27405
16 18047 27406
16 18047 27407
16 18047 27408
16 18047 27409
16 18047 27410
16 18047 27411
16 18047 27412
16 18047 27413
16 18047 27414
16 18047 27415
16 18047 27416
16 18047 27417
16 18047 27418
16 18048 27338
16 18049 27334
16 18050 27346
16 18052 27368
16 18052 27385
16 18053 27342
16 18055 27339
16 18055 27381
16 18056 27340
16 18056 27382
16 18058 27349
16 18059 27386
16 18060 27356
16 18061 27365
16 18061 27387
16 18062 27385
16 18063 27312
16 18063 27366
16 18063 27387
16 18065 27310
16 18066 27312
16 18066 27382
16 18067 27378
16 18067 27379
16 18068 27381
16 18069 27308
16 18070 27403
16 18071 27308
16 18071 27330
16 18071 27389
16 18072 27331
16 18072 27332
16 18072 27393
16 18073 27332
16 18073 27393
16 18074 27340
16 18075 27332
16 18075 27335
16 18075 27341
16 18077 27314
16 18079 27333
16 18080 27331
16 18081 27314
16 18081 27317
16 18081 27334
16 18082 27334
16 18082 27342
16 18082 27343
16 18083 27316
16 18083 27329
16 18083 27345
16 18083 27371
16 18084 27313
16 18084 27315
16 18084 27325
16 18084 27327
16 18084 27329
16 18084 27330
16 18084 27364
16 18084 27388
16 18085 27315
16 18085 27317
16 18085 27359
16 18085 27394
16 18086 27356
16 18086 27357
16 18086 27381
16 18086 27391
16 18087 27320
16 18087 27329
16 18087 27330
16 18087 27334
16 18088 27318
16 18088 27329
16 18088 27351
16 18088 27370
16 18088 27384
16 18089 27327
16 18089 27329
16 18090 27321
16 18090 27330
16 18090 27383
16 18090 27384
16 18090 27388
16 18090 27391
16 18090 27393
16 18091 27323
16 18091 27345
16 18091 27368
16 18091 27373
16 18091 27380
16 18091 27387
16 18091 27394
16 18092 27327
16 18092 27330
16 18092 27332
16 18092 27334
16 18092 27377
16 18092 27383
16 18092 27392
16 18093 27333
16 18093 27334
16 18093 27338
16 18093 27339
16 18093 27342
16 18093 27368
16 18093 27369
16 18093 27381
16 18093 27388
16 18093 27389
16 18093 27415
16 18093 27416
16 18094 27332
16 18094 27333
16 18094 27371
16 18094 27396
16 18095 27334
16 18095 27358
16 18095 27359
16 18095 27365
16 18095 27368
16 18096 27368
16 18096 27413
17 36095 54616
17 36095 54617
17 36095 54618
17 36095 54619
17 36095 54620
17 36095 54621
17 36095 54622
17 36095 54623
17 36095 54624
17 36095 54625
17 36095 54626
17 36095 54627
17 36095 54628
17 36095 54629
17 36095 54630
17 36095 54631
17 36095 54632
17 36095 54633
17 36095 54634
17 36095 54635
17 36095 54636
17 36095 54637
17 36095 54638
17 36095 54639
17 36095 54640
17 36095 54641
17 36095 54642
17 36095 54643
17 36095 54644
17 36095 54645
17 36095 54646
17 36095 54647
17 36095 54648
17 36095 54649
17 36095 54650
17 36095 54651
17 36095 54652
17 36095 54653
17 36095 54654
17 36095 54655
17 36095 54656
17 36095 54657
17 36095 54658
17 36095 54659
17 36095 54660
17 36095 54661
17 36095 54662
17 36095 54663
17 36095 54664
17 36095 54665
17 36095 54666
17 36095 54667
17 36095 54668
17 36095 54669
17 36095 54670
17 36095 54671
17 36095 54672
17 36095 54673
17 36095 54674
17 36095 54675
17 36095 54676
17 36095 54677
17 36095 54678
17 36095 54679
17 36095 54680
17 36095 54681
17 36095 54682
17 36095 54683
17 36095 54684
17 36095 54685
17 36095 54686
17 36095 54687
17 36095 54688
17 36095 54689
17 36095 54690
17 36095 54691
17 36095 54692
17 36095 54693
17 36095 54694
17 36095 54695
17 36095 54696
17 36095 54697
17 36095 54698
17 36095 54699
17 36095 54700
17 36095 54701
17 36095 54702
17 36095 54703
17 36095 54704
17 36095 54705
17 36095 54706
17 36095 54707
17 36095 54708
17 36095 54709
17 36095 54710
17 36095 54711
17 36095 54712
17 36095 54713
17 36095 54714
17 36095 54715
17 36095 54716
17 36095 54717
17 36095 54718
17 36095 54719
17 36095 54720
17 36095 54721
17 36095 54722
17 36095 54723
17 36095 54724
17 36095 54725
17 36095 54726
17 36095 54727
17 36095 54728
17 36095 54729
17 36095 54730
17 36095 54731
17 36095 54732
17 36095 54733
17 36095 54734
17 36095 54735
17 36095 54736
17 36095 54737
17 36095 54738
17 36095 54739
17 36095 54740
17 36095 54741
17 36095 54742
17 36095 54743
17 36095 54744
17 36095 54745
17 36095 54746
17 36095 54747
17 36095 54748
17 36095 54749
17 36095 54750
17 36095 54751
17 36095 54752
17 36095 54753
17 36095 54754
17 36095 54755
17 36095 54756
17 36095 54757
17 36095 54758
17 36095 54759
17 36095 54760
17 36095 54761
17 36095 54762
17 36095 54763
17 36095 54764
17 36095 54765
17 36095 54766
17 36095 54767
17 36095 54768
17 36095 54769
17 36095 54770
17 36095 54771
17 36095 54772
17 36095 54773
17 36095 54774
17 36095 54775
17 36095 54776
17 36095 54777
17 36095 54778
17 36095 54779
17 36095 54780
17 36095 54781
17 36095 54782
17 36095 54783
17 36095 54784
17 36095 54785
17 36095 54786
17 36095 54787
17 36095 54788
17 36095 54789
17 36095 54790
17 36095 54791
17 36095 54792
17 36095 54793
17 36095 54794
17 36095 54795
17 36095 54796
17 36095 54797
17 36095 54798
17 36095 54799
17 36095 54800
17 36095 54801
17 36095 54802
17 36095 54803
17 36095 54804
17 36095 54805
17 36095 54806
17 36095 54807
17 36095 54808
17 36095 54809
17 36095 54810
17 36095 54811
17 36095 54812
17 36095 54813
17 36095 54814
17 36095 54815
17 36095 54816
17 36095 54817
17 36095 54818
17 36095 54819
17 36095 54820
17 36095 54821
17 36095 54822
17 36095 54823
17 36095 54824
17 36095 54825
17 36095 54826
17 36095 54827
17 36095 54828
17 36095 54829
17 36095 54830
17 36095 54831
17 36095 54832
17 36095 54833
17 36095 54834
17 36095 54835
17 36095 54836
17 36095 54837
18 72190 109233
3 2 3
4 4 6
4 4 6
5 8 13
5 8 13
6 17 26
6 17 26
7 35 53
7 35 53
8 70 106
8 70 106
8 70 107
8 70 107
9 140 213
9 140 213
9 140 214
9 140 214
