11 553 861
11 554 861
11 555 861
12 1106 1722
12 1106 1722
12 1107 1722
12 1107 1722
12 1108 1722
12 1108 1722
12 1109 1722
12 1109 1722
12 1110 1722
12 1110 1722
13 2213 3444
13 2213 3444
13 2214 3444
13 2214 3444
13 2215 3444
13 2215 3444
13 2216 3444
13 2216 3444
13 2217 3444
13 2217 3444
13 2218 3444
13 2218 3444
13 2219 3444
13 2219 3444
13 2220 3444
13 2220 3444
13 2221 3444
13 2221 3444
14 4427 6888
14 4428 6888
14 4430 6888
14 4436 6888
14 4440 6888
14 4441 6888
14 4475 6742
14 4475 6743
14 4476 6742
14 4476 6743
15 8854 13728
15 8854 13776
15 8861 13776
15 8872 13776
15 8881 13776
15 8883 13776
16 17708 27457
16 17708 27458
16 17708 27459
16 17708 27460
16 17708 27461
16 17708 27462
16 17708 27463
16 17708 27464
16 17708 27465
16 17708 27466
16 17708 27467
16 17708 27468
16 17708 27469
16 17708 27470
16 17708 27471
16 17708 27472
16 17708 27473
16 17708 27474
16 17708 27475
16 17708 27476
16 17708 27477
16 17708 27478
16 17708 27479
16 17708 27480
16 17708 27481
16 17708 27482
16 17708 27483
16 17708 27484
16 17708 27485
16 17708 27486
16 17708 27487
16 17708 27488
16 17708 27489
16 17708 27490
16 17708 27491
16 17708 27492
16 17708 27493
16 17708 27494
16 17708 27495
16 17708 27496
16 17708 27497
16 17708 27498
16 17708 27499
16 17708 27500
16 17708 27501
16 17708 27502
16 17708 27503
16 17708 27504
16 17708 27505
16 17708 27506
16 17708 27507
16 17708 27508
16 17708 27509
16 17708 27510
16 17708 27511
16 17708 27512
16 17708 27513
16 17708 27514
16 17708 27515
16 17708 27516
16 17708 27517
16 17708 27518
16 17708 27519
16 17708 27520
16 17708 27521
16 17708 27522
16 17708 27523
16 17708 27524
16 17708 27525
16 17708 27526
16 17708 27527
16 17708 27528
16 17708 27529
16 17708 27530
16 17708 27531
16 17708 27532
16 17708 27533
16 17708 27534
16 17708 27535
16 17708 27536
16 17708 27537
16 17708 27538
16 17708 27539
16 17708 27540
16 17708 27541
16 17708 27542
16 17708 27543
16 17708 27544
16 17708 27545
16 17708 27546
16 17708 27547
16 17708 27548
16 17708 27549
16 17708 27550
16 17708 27551
16 17708 27552
16 17708 27553
16 17711 27458
16 17713 27458
16 17722 27551
16 17723 27552
16 17744 27553
16 17746 27458
16 17762 27552
16 17766 27552
16 17771 27482
16 17771 27488
16 17771 27490
17 35416 54915
17 35416 54916
17 35416 54917
17 35416 54918
17 35416 54919
17 35416 54920
17 35416 54921
17 35416 54922
17 35416 54923
17 35416 54924
17 35416 54925
17 35416 54926
17 35416 54927
17 35416 54928
17 35416 54929
17 35416 54930
17 35416 54931
17 35416 54932
17 35416 54933
17 35416 54934
17 35416 54935
17 35416 54936
17 35416 54937
17 35416 54938
17 35416 54939
17 35416 54940
17 35416 54941
17 35416 54942
17 35416 54943
17 35416 54944
17 35416 54945
17 35416 54946
17 35416 54947
17 35416 54948
17 35416 54949
17 35416 54950
17 35416 54951
17 35416 54952
17 35416 54953
17 35416 54954
17 35416 54955
17 35416 54956
17 35416 54957
17 35416 54958
17 35416 54959
17 35416 54960
17 35416 54961
17 35416 54962
17 35416 54963
17 35416 54964
17 35416 54965
17 35416 54966
17 35416 54967
17 35416 54968
17 35416 54969
17 35416 54970
17 35416 54971
17 35416 54972
17 35416 54973
17 35416 54974
17 35416 54975
17 35416 54976
17 35416 54977
17 35416 54978
17 35416 54979
17 35416 54980
17 35416 54981
17 35416 54982
17 35416 54983
17 35416 54984
17 35416 54985
17 35416 54986
17 35416 54987
17 35416 54988
17 35416 54989
17 35416 54990
17 35416 54991
17 35416 54992
17 35416 54993
17 35416 54994
17 35416 54995
17 35416 54996
17 35416 54997
17 35416 54998
17 35416 54999
17 35416 55000
17 35416 55001
17 35416 55002
17 35416 55003
17 35416 55004
17 35416 55005
17 35416 55006
17 35416 55007
17 35416 55008
17 35416 55009
17 35416 55010
17 35416 55011
17 35416 55012
17 35416 55013
17 35416 55014
17 35416 55015
17 35416 55016
17 35416 55017
17 35416 55018
17 35416 55019
17 35416 55020
17 35416 55021
17 35416 55022
17 35416 55023
17 35416 55024
17 35416 55025
17 35416 55026
17 35416 55027
17 35416 55028
17 35416 55029
17 35416 55030
17 35416 55031
17 35416 55032
17 35416 55033
17 35416 55034
17 35416 55035
17 35416 55036
17 35416 55037
17 35416 55038
17 35416 55039
17 35416 55040
17 35416 55041
17 35416 55042
17 35416 55043
17 35416 55044
17 35416 55045
17 35416 55046
17 35416 55047
17 35416 55048
17 35416 55049
17 35416 55050
17 35416 55051
17 35416 55052
17 35416 55053
17 35416 55054
17 35416 55055
17 35416 55056
17 35416 55057
17 35416 55058
17 35416 55059
17 35416 55060
17 35416 55061
17 35416 55062
17 35416 55063
17 35416 55064
17 35416 55065
17 35416 55066
17 35416 55067
17 35416 55068
17 35416 55069
17 35416 55070
17 35416 55071
17 35416 55072
17 35416 55073
17 35416 55074
17 35416 55075
17 35416 55076
17 35416 55077
17 35416 55078
17 35416 55079
17 35416 55080
17 35416 55081
17 35416 55082
17 35416 55083
17 35416 55084
17 35416 55085
17 35416 55086
17 35416 55087
17 35416 55088
17 35416 55089
17 35416 55090
17 35416 55091
17 35416 55092
17 35416 55093
17 35416 55094
17 35416 55095
17 35416 55096
17 35416 55097
17 35416 55098
17 35416 55099
17 35416 55100
17 35416 55101
17 35416 55102
17 35416 55103
17 35416 55104
17 35416 55105
17 35416 55106
18 70832 109831
3 2 3
4 4 6
4 4 6
5 8 13
5 8 13
6 17 26
6 17 26
7 34 53
7 34 53
8 69 107
8 69 107
