13 2334 3115
13 2334 3116
13 2334 3117
13 2334 3118
13 2334 3119
13 2334 3120
13 2334 3121
13 2334 3122
13 2334 3123
13 2334 3124
13 2334 3125
13 2334 3126
13 2334 3127
13 2334 3128
13 2334 3129
13 2334 3130
13 2334 3131
13 2334 3132
13 2334 3133
13 2334 3134
13 2334 3135
13 2334 3136
13 2334 3137
13 2334 3138
13 2334 3139
13 2334 3140
13 2334 3141
13 2334 3142
13 2334 3143
13 2334 3144
13 2334 3145
13 2334 3146
13 2334 3147
13 2334 3148
13 2334 3149
13 2334 3150
13 2334 3151
13 2334 3152
13 2334 3153
13 2334 3154
13 2334 3155
13 2334 3156
13 2334 3157
13 2334 3158
13 2335 3115
13 2335 3116
13 2335 3157
13 2335 3158
13 2336 3115
13 2336 3116
13 2336 3157
13 2336 3158
13 2337 3115
13 2337 3116
13 2337 3157
13 2337 3158
13 2338 3115
13 2338 3116
13 2338 3157
13 2338 3158
13 2339 3115
13 2339 3116
13 2339 3157
13 2339 3158
13 2340 3115
13 2340 3116
13 2340 3157
13 2340 3158
13 2341 3115
13 2341 3116
13 2341 3157
13 2341 3158
13 2342 3115
13 2342 3116
13 2342 3157
13 2342 3158
13 2343 3115
13 2343 3116
13 2343 3157
13 2343 3158
13 2344 3115
13 2344 3116
13 2344 3157
13 2344 3158
13 2345 3115
13 2345 3116
13 2345 3157
13 2345 3158
13 2346 3115
13 2346 3116
13 2346 3157
13 2346 3158
13 2347 3115
13 2347 3116
13 2347 3157
13 2347 3158
13 2348 3115
13 2348 3116
13 2348 3157
13 2348 3158
13 2349 3115
13 2349 3116
13 2349 3157
13 2349 3158
13 2350 3115
13 2350 3116
13 2350 3157
13 2350 3158
13 2351 3115
13 2351 3116
13 2351 3157
13 2351 3158
13 2352 3115
13 2352 3116
13 2352 3157
13 2352 3158
13 2353 3115
13 2353 3116
13 2353 3157
13 2353 3158
13 2354 3115
13 2354 3116
13 2354 3157
13 2354 3158
13 2355 3115
13 2355 3116
13 2355 3157
13 2355 3158
13 2356 3115
13 2356 3116
13 2356 3157
13 2356 3158
13 2357 3115
13 2357 3116
13 2357 3157
13 2357 3158
13 2358 3115
13 2358 3116
13 2358 3157
13 2358 3158
13 2359 3115
13 2359 3116
13 2359 3157
13 2359 3158
13 2360 3115
13 2360 3116
13 2360 3157
13 2360 3158
13 2361 3115
13 2361 3116
13 2361 3157
13 2361 3158
13 2362 3115
13 2362 3116
13 2362 3157
13 2362 3158
13 2363 3115
13 2363 3116
13 2363 3157
13 2363 3158
13 2364 3115
13 2364 3116
13 2364 3157
13 2364 3158
13 2365 3115
13 2365 3116
13 2365 3157
13 2365 3158
13 2366 3115
13 2366 3116
13 2366 3157
13 2366 3158
13 2367 3115
13 2367 3116
13 2367 3157
13 2367 3158
13 2368 3115
13 2368 3116
13 2368 3157
13 2368 3158
13 2369 3115
13 2369 3116
13 2369 3157
13 2369 3158
13 2370 3115
13 2370 3116
13 2370 3157
13 2370 3158
13 2371 3115
13 2371 3116
13 2371 3157
13 2371 3158
13 2372 3115
13 2372 3116
13 2372 3117
13 2372 3118
13 2372 3119
13 2372 3120
13 2372 3121
13 2372 3122
13 2372 3123
13 2372 3124
13 2372 3125
13 2372 3126
13 2372 3127
13 2372 3128
13 2372 3129
13 2372 3130
13 2372 3131
13 2372 3132
13 2372 3133
13 2372 3134
13 2372 3135
13 2372 3136
13 2372 3137
13 2372 3138
13 2372 3139
13 2372 3140
13 2372 3141
13 2372 3142
13 2372 3143
13 2372 3144
13 2372 3145
13 2372 3146
13 2372 3147
13 2372 3148
13 2372 3149
13 2372 3150
13 2372 3151
13 2372 3152
13 2372 3153
13 2372 3154
13 2372 3155
13 2372 3156
13 2372 3157
13 2372 3158
13 2373 3115
13 2373 3116
13 2373 3117
13 2373 3118
13 2373 3119
13 2373 3120
13 2373 3121
13 2373 3122
13 2373 3123
13 2373 3124
13 2373 3125
13 2373 3126
13 2373 3127
13 2373 3128
13 2373 3129
13 2373 3130
13 2373 3131
13 2373 3132
13 2373 3133
13 2373 3134
13 2373 3135
13 2373 3136
13 2373 3137
13 2373 3138
13 2373 3139
13 2373 3140
13 2373 3141
13 2373 3142
13 2373 3143
13 2373 3144
13 2373 3145
13 2373 3146
13 2373 3147
13 2373 3148
13 2373 3149
13 2373 3150
13 2373 3151
13 2373 3152
13 2373 3153
13 2373 3154
13 2373 3155
13 2373 3156
13 2373 3157
13 2373 3158
13 2374 3115
13 2374 3116
13 2374 3117
13 2374 3118
13 2374 3119
13 2374 3120
13 2374 3121
13 2374 3122
13 2374 3123
13 2374 3124
13 2374 3125
13 2374 3126
13 2374 3127
13 2374 3128
13 2374 3129
13 2374 3130
13 2374 3131
13 2374 3132
13 2374 3133
13 2374 3134
13 2374 3135
13 2374 3136
13 2374 3137
13 2374 3138
13 2374 3139
13 2374 3140
13 2374 3141
13 2374 3142
13 2374 3143
13 2374 3144
13 2374 3145
13 2374 3146
13 2374 3147
13 2374 3148
13 2374 3149
13 2374 3150
13 2374 3151
13 2374 3152
13 2374 3153
13 2374 3154
13 2374 3155
13 2374 3156
13 2374 3157
13 2374 3158
13 2375 3115
13 2375 3116
13 2375 3117
13 2375 3118
13 2375 3119
13 2375 3120
13 2375 3121
13 2375 3122
13 2375 3123
13 2375 3124
13 2375 3125
13 2375 3126
13 2375 3127
13 2375 3128
13 2375 3129
13 2375 3130
13 2375 3131
13 2375 3132
13 2375 3133
13 2375 3134
13 2375 3135
13 2375 3136
13 2375 3137
13 2375 3138
13 2375 3139
13 2375 3140
13 2375 3141
13 2375 3142
13 2375 3143
13 2375 3144
13 2375 3145
13 2375 3146
13 2375 3147
13 2375 3148
13 2375 3149
13 2375 3150
13 2375 3151
13 2375 3152
13 2375 3153
13 2375 3154
13 2375 3155
13 2375 3156
13 2375 3157
13 2375 3158
13 2376 3115
13 2376 3116
13 2376 3117
13 2376 3118
13 2376 3119
13 2376 3120
13 2376 3121
13 2376 3122
13 2376 3123
13 2376 3124
13 2376 3125
13 2376 3126
13 2376 3127
13 2376 3128
13 2376 3129
13 2376 3130
13 2376 3131
13 2376 3132
13 2376 3133
13 2376 3134
13 2376 3135
13 2376 3136
13 2376 3137
13 2376 3138
13 2376 3139
13 2376 3140
13 2376 3141
13 2376 3142
13 2376 3143
13 2376 3144
13 2376 3145
13 2376 3146
13 2376 3147
13 2376 3148
13 2376 3149
13 2376 3150
13 2376 3151
13 2376 3152
13 2376 3153
13 2376 3154
13 2376 3155
13 2376 3156
13 2376 3157
13 2376 3158
13 2377 3115
13 2377 3116
13 2377 3117
13 2377 3118
13 2377 3119
13 2377 3120
13 2377 3121
13 2377 3122
13 2377 3123
13 2377 3124
13 2377 3125
13 2377 3126
13 2377 3127
13 2377 3128
13 2377 3129
13 2377 3130
13 2377 3131
13 2377 3132
13 2377 3133
13 2377 3134
13 2377 3135
13 2377 3136
13 2377 3137
13 2377 3138
13 2377 3139
13 2377 3140
13 2377 3141
13 2377 3142
13 2377 3143
13 2377 3144
13 2377 3145
13 2377 3146
13 2377 3147
13 2377 3148
13 2377 3149
13 2377 3150
13 2377 3151
13 2377 3152
13 2377 3153
13 2377 3154
13 2377 3155
13 2377 3156
13 2377 3157
13 2377 3158
13 2378 3115
13 2378 3116
13 2378 3117
13 2378 3118
13 2378 3119
13 2378 3120
13 2378 3121
13 2378 3122
13 2378 3123
13 2378 3124
13 2378 3125
13 2378 3126
13 2378 3127
13 2378 3128
13 2378 3129
13 2378 3130
13 2378 3131
13 2378 3132
13 2378 3133
13 2378 3134
13 2378 3135
13 2378 3136
13 2378 3137
13 2378 3138
13 2378 3139
13 2378 3140
13 2378 3141
13 2378 3142
13 2378 3143
13 2378 3144
13 2378 3145
13 2378 3146
13 2378 3147
13 2378 3148
13 2378 3149
13 2378 3150
13 2378 3151
13 2378 3152
13 2378 3153
13 2378 3154
13 2378 3155
13 2378 3156
13 2378 3157
13 2378 3158
13 2379 3115
13 2379 3116
13 2379 3117
13 2379 3118
13 2379 3119
13 2379 3120
13 2379 3121
13 2379 3122
13 2379 3123
13 2379 3124
13 2379 3125
13 2379 3126
13 2379 3127
13 2379 3128
13 2379 3129
13 2379 3130
13 2379 3131
13 2379 3132
13 2379 3133
13 2379 3134
13 2379 3135
13 2379 3136
13 2379 3137
13 2379 3138
13 2379 3139
13 2379 3140
13 2379 3141
13 2379 3142
13 2379 3143
13 2379 3144
13 2379 3145
13 2379 3146
13 2379 3147
13 2379 3148
13 2379 3149
13 2379 3150
13 2379 3151
13 2379 3152
13 2379 3153
13 2379 3154
13 2379 3155
13 2379 3156
13 2379 3157
13 2379 3158
13 2380 3115
13 2380 3116
13 2380 3117
13 2380 3118
13 2380 3119
13 2380 3120
13 2380 3121
13 2380 3122
13 2380 3123
13 2380 3124
13 2380 3125
13 2380 3126
13 2380 3127
13 2380 3128
13 2380 3129
13 2380 3130
13 2380 3131
13 2380 3132
13 2380 3133
13 2380 3134
13 2380 3135
13 2380 3136
13 2380 3137
13 2380 3138
13 2380 3139
13 2380 3140
13 2380 3141
13 2380 3142
13 2380 3143
13 2380 3144
13 2380 3145
13 2380 3146
13 2380 3147
13 2380 3148
13 2380 3149
13 2380 3150
13 2380 3151
13 2380 3152
13 2380 3153
13 2380 3154
13 2380 3155
13 2380 3156
13 2380 3157
13 2380 3158
13 2381 3115
13 2381 3116
13 2381 3117
13 2381 3118
13 2381 3119
13 2381 3120
13 2381 3121
13 2381 3122
13 2381 3123
13 2381 3124
13 2381 3125
13 2381 3126
13 2381 3127
13 2381 3128
13 2381 3129
13 2381 3130
13 2381 3131
13 2381 3132
13 2381 3133
13 2381 3134
13 2381 3135
13 2381 3136
13 2381 3137
13 2381 3138
13 2381 3139
13 2381 3140
13 2381 3141
13 2381 3142
13 2381 3143
13 2381 3144
13 2381 3145
13 2381 3146
13 2381 3147
13 2381 3148
13 2381 3149
13 2381 3150
13 2381 3151
13 2381 3152
13 2381 3153
13 2381 3154
13 2381 3155
13 2381 3156
13 2381 3157
13 2381 3158
13 2382 3115
13 2382 3116
13 2382 3117
13 2382 3118
13 2382 3119
13 2382 3120
13 2382 3121
13 2382 3122
13 2382 3123
13 2382 3124
13 2382 3125
13 2382 3126
13 2382 3127
13 2382 3128
13 2382 3129
13 2382 3130
13 2382 3131
13 2382 3132
13 2382 3133
13 2382 3134
13 2382 3135
13 2382 3136
13 2382 3137
13 2382 3138
13 2382 3139
13 2382 3140
13 2382 3141
13 2382 3142
13 2382 3143
13 2382 3144
13 2382 3145
13 2382 3146
13 2382 3147
13 2382 3148
13 2382 3149
13 2382 3150
13 2382 3151
13 2382 3152
13 2382 3153
13 2382 3154
13 2382 3155
13 2382 3156
13 2382 3157
13 2382 3158
13 2383 3115
13 2383 3116
13 2383 3117
13 2383 3118
13 2383 3119
13 2383 3120
13 2383 3121
13 2383 3122
13 2383 3123
13 2383 3124
13 2383 3125
13 2383 3126
13 2383 3127
13 2383 3128
13 2383 3129
13 2383 3130
13 2383 3131
13 2383 3132
13 2383 3133
13 2383 3134
13 2383 3135
13 2383 3136
13 2383 3137
13 2383 3138
13 2383 3139
13 2383 3140
13 2383 3141
13 2383 3142
13 2383 3143
13 2383 3144
13 2383 3145
13 2383 3146
13 2383 3147
13 2383 3148
13 2383 3149
13 2383 3150
13 2383 3151
13 2383 3152
13 2383 3153
13 2383 3154
13 2383 3155
13 2383 3156
13 2383 3157
13 2383 3158
13 2384 3115
13 2384 3116
13 2384 3117
13 2384 3118
13 2384 3119
13 2384 3120
13 2384 3121
13 2384 3122
13 2384 3123
13 2384 3124
13 2384 3125
13 2384 3126
13 2384 3127
13 2384 3128
13 2384 3129
13 2384 3130
13 2384 3131
13 2384 3132
13 2384 3133
13 2384 3134
13 2384 3135
13 2384 3136
13 2384 3137
13 2384 3138
13 2384 3139
13 2384 3140
13 2384 3141
13 2384 3142
13 2384 3143
13 2384 3144
13 2384 3145
13 2384 3146
13 2384 3147
13 2384 3148
13 2384 3149
13 2384 3150
13 2384 3151
13 2384 3152
13 2384 3153
13 2384 3154
13 2384 3155
13 2384 3156
13 2384 3157
13 2384 3158
13 2385 3115
13 2385 3116
13 2385 3117
13 2385 3118
13 2385 3119
13 2385 3120
13 2385 3121
13 2385 3122
13 2385 3123
13 2385 3124
13 2385 3125
13 2385 3126
13 2385 3127
13 2385 3128
13 2385 3129
13 2385 3130
13 2385 3131
13 2385 3132
13 2385 3133
13 2385 3134
13 2385 3135
13 2385 3136
13 2385 3137
13 2385 3138
13 2385 3139
13 2385 3140
13 2385 3141
13 2385 3142
13 2385 3143
13 2385 3144
13 2385 3145
13 2385 3146
13 2385 3147
13 2385 3148
13 2385 3149
13 2385 3150
13 2385 3151
13 2385 3152
13 2385 3153
13 2385 3154
13 2385 3155
13 2385 3156
13 2385 3157
13 2385 3158
13 2386 3115
13 2386 3116
13 2386 3117
13 2386 3118
13 2386 3119
13 2386 3120
13 2386 3121
13 2386 3122
13 2386 3123
13 2386 3124
13 2386 3125
13 2386 3126
13 2386 3127
13 2386 3128
13 2386 3129
13 2386 3130
13 2386 3131
13 2386 3132
13 2386 3133
13 2386 3134
13 2386 3135
13 2386 3136
13 2386 3137
13 2386 3138
13 2386 3139
13 2386 3140
13 2386 3141
13 2386 3142
13 2386 3143
13 2386 3144
13 2386 3145
13 2386 3146
13 2386 3147
13 2386 3148
13 2386 3149
13 2386 3150
13 2386 3151
13 2386 3152
13 2386 3153
13 2386 3154
13 2386 3155
13 2386 3156
13 2386 3157
13 2386 3158
13 2387 3115
13 2387 3116
13 2387 3117
13 2387 3118
13 2387 3119
13 2387 3120
13 2387 3121
13 2387 3122
13 2387 3123
13 2387 3124
13 2387 3125
13 2387 3126
13 2387 3127
13 2387 3128
13 2387 3129
13 2387 3130
13 2387 3131
13 2387 3132
13 2387 3133
13 2387 3134
13 2387 3135
13 2387 3136
13 2387 3137
13 2387 3138
13 2387 3139
13 2387 3140
13 2387 3141
13 2387 3142
13 2387 3143
13 2387 3144
13 2387 3145
13 2387 3146
13 2387 3147
13 2387 3148
13 2387 3149
13 2387 3150
13 2387 3151
13 2387 3152
13 2387 3153
13 2387 3154
13 2387 3155
13 2387 3156
13 2387 3157
13 2387 3158
13 2388 3115
13 2388 3116
13 2388 3117
13 2388 3118
13 2388 3119
13 2388 3120
13 2388 3121
13 2388 3122
13 2388 3123
13 2388 3124
13 2388 3125
13 2388 3126
13 2388 3127
13 2388 3128
13 2388 3129
13 2388 3130
13 2388 3131
13 2388 3132
13 2388 3133
13 2388 3134
13 2388 3135
13 2388 3136
13 2388 3137
13 2388 3138
13 2388 3139
13 2388 3140
13 2388 3141
13 2388 3142
13 2388 3143
13 2388 3144
13 2388 3145
13 2388 3146
13 2388 3147
13 2388 3148
13 2388 3149
13 2388 3150
13 2388 3151
13 2388 3152
13 2388 3153
13 2388 3154
13 2388 3155
13 2388 3156
13 2388 3157
13 2388 3158
13 2389 3115
13 2389 3116
13 2389 3117
13 2389 3118
13 2389 3119
13 2389 3120
13 2389 3121
13 2389 3122
13 2389 3123
13 2389 3124
13 2389 3125
13 2389 3126
13 2389 3127
13 2389 3128
13 2389 3129
13 2389 3130
13 2389 3131
13 2389 3132
13 2389 3133
13 2389 3134
13 2389 3135
13 2389 3136
13 2389 3137
13 2389 3138
13 2389 3139
13 2389 3140
13 2389 3141
13 2389 3142
13 2389 3143
13 2389 3144
13 2389 3145
13 2389 3146
13 2389 3147
13 2389 3148
13 2389 3149
13 2389 3150
13 2389 3151
13 2389 3152
13 2389 3153
13 2389 3154
13 2389 3155
13 2389 3156
13 2389 3157
13 2389 3158
13 2390 3115
13 2390 3116
13 2390 3117
13 2390 3118
13 2390 3119
13 2390 3120
13 2390 3121
13 2390 3122
13 2390 3123
13 2390 3124
13 2390 3125
13 2390 3126
13 2390 3127
13 2390 3128
13 2390 3129
13 2390 3130
13 2390 3131
13 2390 3132
13 2390 3133
13 2390 3134
13 2390 3135
13 2390 3136
13 2390 3137
13 2390 3138
13 2390 3139
13 2390 3140
13 2390 3141
13 2390 3142
13 2390 3143
13 2390 3144
13 2390 3145
13 2390 3146
13 2390 3147
13 2390 3148
13 2390 3149
13 2390 3150
13 2390 3151
13 2390 3152
13 2390 3153
13 2390 3154
13 2390 3155
13 2390 3156
13 2390 3157
13 2390 3158
13 2391 3115
13 2391 3116
13 2391 3117
13 2391 3118
13 2391 3119
13 2391 3120
13 2391 3121
13 2391 3122
13 2391 3123
13 2391 3124
13 2391 3125
13 2391 3126
13 2391 3127
13 2391 3128
13 2391 3129
13 2391 3130
13 2391 3131
13 2391 3132
13 2391 3133
13 2391 3134
13 2391 3135
13 2391 3136
13 2391 3137
13 2391 3138
13 2391 3139
13 2391 3140
13 2391 3141
13 2391 3142
13 2391 3143
13 2391 3144
13 2391 3145
13 2391 3146
13 2391 3147
13 2391 3148
13 2391 3149
13 2391 3150
13 2391 3151
13 2391 3152
13 2391 3153
13 2391 3154
13 2391 3155
13 2391 3156
13 2391 3157
13 2391 3158
13 2392 3115
13 2392 3116
13 2392 3117
13 2392 3118
13 2392 3119
13 2392 3120
13 2392 3121
13 2392 3122
13 2392 3123
13 2392 3124
13 2392 3125
13 2392 3126
13 2392 3127
13 2392 3128
13 2392 3129
13 2392 3130
13 2392 3131
13 2392 3132
13 2392 3133
13 2392 3134
13 2392 3135
13 2392 3136
13 2392 3137
13 2392 3138
13 2392 3139
13 2392 3140
13 2392 3141
13 2392 3142
13 2392 3143
13 2392 3144
13 2392 3145
13 2392 3146
13 2392 3147
13 2392 3148
13 2392 3149
13 2392 3150
13 2392 3151
13 2392 3152
13 2392 3153
13 2392 3154
13 2392 3155
13 2392 3156
13 2392 3157
13 2392 3158
13 2393 3115
13 2393 3116
13 2393 3117
13 2393 3118
13 2393 3119
13 2393 3120
13 2393 3121
13 2393 3122
13 2393 3123
13 2393 3124
13 2393 3125
13 2393 3126
13 2393 3127
13 2393 3128
13 2393 3129
13 2393 3130
13 2393 3131
13 2393 3132
13 2393 3133
13 2393 3134
13 2393 3135
13 2393 3136
13 2393 3137
13 2393 3138
13 2393 3139
13 2393 3140
13 2393 3141
13 2393 3142
13 2393 3143
13 2393 3144
13 2393 3145
13 2393 3146
13 2393 3147
13 2393 3148
13 2393 3149
13 2393 3150
13 2393 3151
13 2393 3152
13 2393 3153
13 2393 3154
13 2393 3155
13 2393 3156
13 2393 3157
13 2393 3158
13 2394 3115
13 2394 3116
13 2394 3117
13 2394 3118
13 2394 3119
13 2394 3120
13 2394 3121
13 2394 3122
13 2394 3123
13 2394 3124
13 2394 3125
13 2394 3126
13 2394 3127
13 2394 3128
13 2394 3129
13 2394 3130
13 2394 3131
13 2394 3132
13 2394 3133
13 2394 3134
13 2394 3135
13 2394 3136
13 2394 3137
13 2394 3138
13 2394 3139
13 2394 3140
13 2394 3141
13 2394 3142
13 2394 3143
13 2394 3144
13 2394 3145
13 2394 3146
13 2394 3147
13 2394 3148
13 2394 3149
13 2394 3150
13 2394 3151
13 2394 3152
13 2394 3153
13 2394 3154
13 2394 3155
13 2394 3156
13 2394 3157
13 2394 3158
