12 1192 1553
12 1192 1553
13 2382 3104
13 2382 3104
13 2383 3104
13 2383 3104
13 2383 3106
13 2383 3106
13 2384 3104
13 2384 3104
13 2384 3106
13 2384 3106
14 4765 6209
14 4765 6210
14 4766 6212
15 9530 12419
15 9530 12420
15 9530 12421
15 9530 12422
15 9530 12423
15 9532 12424
16 19060 24839
16 19060 24840
16 19060 24841
16 19060 24842
16 19060 24843
16 19060 24844
16 19060 24845
16 19060 24846
16 19060 24847
16 19064 24848
17 38121 49679
17 38121 49680
17 38121 49681
17 38121 49682
17 38121 49683
17 38121 49684
17 38121 49685
17 38121 49686
17 38121 49687
17 38121 49688
17 38121 49689
17 38121 49690
17 38121 49691
17 38121 49692
17 38121 49693
17 38121 49694
17 38121 49695
17 38121 49697
17 38127 49696
18 76243 99359
3 2 3
4 4 6
4 4 6
5 9 12
5 9 12
6 18 24
6 18 24
7 37 48
7 37 48
8 74 97
8 74 97
9 148 194
9 148 194
9 149 194
9 149 194
