10 303 382
11 607 765
12 1214 1530
12 1214 1530
12 1214 1531
12 1214 1531
12 1215 1530
12 1215 1530
12 1215 1531
12 1215 1531
12 1216 1530
12 1216 1530
12 1217 1530
12 1217 1530
12 1217 1534
12 1217 1534
12 1218 1530
12 1218 1530
12 1218 1534
12 1218 1534
12 1219 1530
12 1219 1530
12 1219 1531
12 1219 1531
12 1219 1532
12 1219 1532
12 1219 1533
12 1219 1533
12 1219 1534
12 1219 1534
13 2428 3061
13 2428 3061
13 2428 3062
13 2428 3062
13 2428 3063
13 2428 3063
13 2428 3064
13 2428 3064
13 2428 3068
13 2428 3068
13 2428 3069
13 2428 3069
13 2429 3061
13 2429 3061
13 2429 3062
13 2429 3062
13 2429 3063
13 2429 3063
13 2429 3064
13 2429 3064
13 2430 3061
13 2430 3061
13 2430 3062
13 2430 3062
13 2430 3063
13 2430 3063
13 2431 3061
13 2431 3061
13 2431 3062
13 2431 3062
13 2431 3063
13 2431 3063
13 2432 3061
13 2432 3061
13 2432 3062
13 2432 3062
13 2432 3069
13 2432 3069
13 2433 3061
13 2433 3061
13 2433 3062
13 2433 3062
13 2433 3069
13 2433 3069
13 2434 3061
13 2434 3061
13 2434 3068
13 2434 3068
13 2434 3069
13 2434 3069
13 2435 3061
13 2435 3061
13 2435 3068
13 2435 3068
13 2435 3069
13 2435 3069
13 2436 3061
13 2436 3061
13 2436 3067
13 2436 3067
13 2436 3068
13 2436 3068
13 2436 3069
13 2436 3069
13 2437 3061
13 2437 3061
13 2437 3062
13 2437 3062
13 2437 3066
13 2437 3066
13 2437 3067
13 2437 3067
13 2437 3068
13 2437 3068
13 2437 3069
13 2437 3069
13 2438 3061
13 2438 3061
13 2438 3062
13 2438 3062
13 2438 3063
13 2438 3063
13 2438 3064
13 2438 3064
13 2438 3065
13 2438 3065
13 2438 3066
13 2438 3066
13 2438 3067
13 2438 3067
13 2438 3068
13 2438 3068
13 2438 3069
13 2438 3069
14 4856 6123
14 4856 6124
14 4856 6125
14 4856 6126
14 4856 6127
14 4856 6128
14 4856 6129
14 4856 6130
14 4856 6131
14 4856 6133
14 4856 6134
14 4856 6135
14 4856 6136
14 4856 6137
14 4856 6138
14 4856 6139
14 4874 6132
15 9713 12247
15 9713 12248
15 9713 12249
15 9713 12250
15 9713 12251
15 9713 12252
15 9713 12253
15 9713 12254
15 9713 12255
15 9713 12256
15 9713 12257
15 9713 12258
15 9713 12259
15 9713 12260
15 9713 12261
15 9713 12262
15 9713 12263
15 9713 12265
15 9713 12266
15 9713 12267
15 9713 12268
15 9713 12269
15 9713 12270
15 9713 12271
15 9713 12272
15 9713 12273
15 9713 12274
15 9713 12275
15 9713 12276
15 9713 12277
15 9713 12278
15 9748 12264
16 19427 24495
16 19427 24496
16 19427 24497
16 19427 24498
16 19427 24499
16 19427 24500
16 19427 24501
16 19427 24502
16 19427 24503
16 19427 24504
16 19427 24505
16 19427 24506
16 19427 24507
16 19427 24508
16 19427 24509
16 19427 24510
16 19427 24511
16 19427 24512
16 19427 24513
16 19427 24514
16 19427 24515
16 19427 24516
16 19427 24517
16 19427 24518
16 19427 24519
16 19427 24520
16 19427 24521
16 19427 24522
16 19427 24523
16 19427 24524
16 19427 24525
16 19427 24526
16 19427 24527
16 19427 24528
16 19427 24529
16 19427 24530
16 19427 24531
16 19427 24532
16 19427 24533
16 19427 24534
16 19427 24535
16 19427 24536
16 19427 24537
16 19427 24538
16 19427 24539
16 19427 24540
16 19427 24541
16 19427 24542
16 19427 24543
16 19427 24544
16 19427 24545
16 19427 24546
16 19427 24547
16 19427 24548
16 19427 24549
16 19427 24550
16 19427 24551
16 19427 24552
16 19427 24553
16 19427 24554
16 19427 24555
16 19427 24556
16 19427 24557
17 38854 48991
18 77708 97983
3 2 2
4 4 5
4 4 5
5 9 11
5 9 11
6 18 23
6 18 23
6 19 23
6 19 23
7 37 47
7 37 47
7 38 47
7 38 47
