13 2434 3061
13 2434 3061
14 4868 6122
14 4868 6123
15 9737 12244
15 9737 12245
15 9737 12246
15 9737 12247
15 9737 12248
15 9737 12265
16 19474 24488
16 19474 24489
16 19474 24490
16 19474 24491
16 19474 24492
16 19474 24493
16 19474 24494
16 19474 24495
16 19474 24496
16 19474 24497
16 19474 24498
16 19474 24530
16 19474 24531
16 19505 24499
16 19505 24500
16 19505 24501
16 19505 24502
16 19505 24503
16 19505 24504
16 19505 24505
16 19505 24506
16 19505 24507
16 19505 24508
16 19505 24509
16 19505 24510
16 19505 24511
16 19505 24512
16 19505 24513
16 19505 24514
16 19505 24515
16 19505 24516
16 19505 24517
16 19505 24518
16 19505 24519
16 19505 24520
16 19505 24521
16 19505 24522
16 19505 24523
16 19505 24524
16 19505 24525
16 19505 24526
16 19505 24527
16 19505 24528
16 19505 24529
17 38948 48977
18 77896 97955
3 2 2
4 4 5
4 4 5
5 9 11
5 9 11
6 19 23
6 19 23
7 38 47
7 38 47
8 76 95
8 76 95
