13 2179 3377
13 2179 3377
13 2180 3377
13 2180 3377
14 4359 6748
14 4359 6754
14 4361 6754
15 8718 13497
15 8718 13508
15 8722 13508
15 8723 13498
15 8723 13499
15 8723 13500
15 8723 13501
15 8723 13502
15 8723 13503
15 8723 13504
15 8723 13505
15 8723 13506
15 8723 13507
16 17436 26995
16 17436 27016
16 17445 26996
16 17445 26997
16 17445 26998
16 17445 26999
16 17445 27000
16 17445 27001
16 17445 27002
16 17445 27003
16 17445 27004
16 17445 27005
16 17445 27006
16 17445 27007
16 17445 27008
16 17445 27009
16 17445 27010
16 17445 27011
16 17445 27012
16 17445 27013
16 17445 27014
16 17445 27015
16 17445 27016
17 34872 53991
18 69744 107982
3 2 3
4 4 6
4 4 6
5 8 13
5 8 13
6 17 26
6 17 26
7 34 52
7 34 52
8 68 105
8 68 105
9 136 210
9 136 210
9 136 211
9 136 211
