12 1006 1703
12 1006 1703
12 1007 1703
12 1007 1703
12 1008 1703
12 1008 1703
12 1009 1703
12 1009 1703
12 1010 1703
12 1010 1703
12 1011 1703
12 1011 1703
12 1012 1703
12 1012 1703
12 1013 1703
12 1013 1703
12 1014 1703
12 1014 1703
12 1015 1703
12 1015 1703
12 1016 1703
12 1016 1703
12 1017 1703
12 1017 1703
12 1018 1703
12 1018 1703
12 1019 1703
12 1019 1703
12 1020 1703
12 1020 1703
12 1021 1703
12 1021 1703
12 1022 1703
12 1022 1703
12 1023 1703
12 1023 1703
12 1024 1703
12 1024 1703
12 1025 1703
12 1025 1703
12 1026 1703
12 1026 1703
13 2012 3370
13 2012 3370
13 2012 3371
13 2012 3371
13 2012 3372
13 2012 3372
13 2012 3373
13 2012 3373
13 2012 3374
13 2012 3374
13 2012 3375
13 2012 3375
13 2012 3376
13 2012 3376
13 2012 3377
13 2012 3377
13 2012 3378
13 2012 3378
13 2012 3379
13 2012 3379
13 2012 3380
13 2012 3380
13 2012 3381
13 2012 3381
13 2012 3382
13 2012 3382
13 2012 3383
13 2012 3383
13 2012 3384
13 2012 3384
13 2012 3385
13 2012 3385
13 2012 3386
13 2012 3386
13 2012 3387
13 2012 3387
13 2012 3388
13 2012 3388
13 2012 3389
13 2012 3389
13 2012 3390
13 2012 3390
13 2012 3391
13 2012 3391
13 2012 3392
13 2012 3392
13 2012 3393
13 2012 3393
13 2012 3394
13 2012 3394
13 2012 3395
13 2012 3395
13 2012 3396
13 2012 3396
13 2012 3397
13 2012 3397
13 2012 3398
13 2012 3398
13 2012 3399
13 2012 3399
13 2012 3400
13 2012 3400
13 2012 3401
13 2012 3401
13 2012 3402
13 2012 3402
13 2012 3403
13 2012 3403
13 2012 3404
13 2012 3404
13 2012 3405
13 2012 3405
13 2012 3406
13 2012 3406
13 2012 3407
13 2012 3407
13 2013 3370
13 2013 3370
13 2013 3406
13 2013 3406
13 2013 3407
13 2013 3407
13 2014 3370
13 2014 3370
13 2014 3406
13 2014 3406
13 2014 3407
13 2014 3407
13 2015 3370
13 2015 3370
13 2015 3406
13 2015 3406
13 2015 3407
13 2015 3407
13 2016 3370
13 2016 3370
13 2016 3406
13 2016 3406
13 2016 3407
13 2016 3407
13 2017 3370
13 2017 3370
13 2017 3406
13 2017 3406
13 2017 3407
13 2017 3407
13 2018 3370
13 2018 3370
13 2018 3406
13 2018 3406
13 2018 3407
13 2018 3407
13 2019 3370
13 2019 3370
13 2019 3406
13 2019 3406
13 2019 3407
13 2019 3407
13 2020 3370
13 2020 3370
13 2020 3406
13 2020 3406
13 2020 3407
13 2020 3407
13 2021 3370
13 2021 3370
13 2021 3406
13 2021 3406
13 2021 3407
13 2021 3407
13 2022 3370
13 2022 3370
13 2022 3406
13 2022 3406
13 2022 3407
13 2022 3407
13 2023 3370
13 2023 3370
13 2023 3406
13 2023 3406
13 2023 3407
13 2023 3407
13 2024 3370
13 2024 3370
13 2024 3406
13 2024 3406
13 2024 3407
13 2024 3407
13 2025 3370
13 2025 3370
13 2025 3406
13 2025 3406
13 2025 3407
13 2025 3407
13 2026 3370
13 2026 3370
13 2026 3406
13 2026 3406
13 2026 3407
13 2026 3407
13 2027 3370
13 2027 3370
13 2027 3406
13 2027 3406
13 2027 3407
13 2027 3407
13 2028 3370
13 2028 3370
13 2028 3406
13 2028 3406
13 2028 3407
13 2028 3407
13 2029 3370
13 2029 3370
13 2029 3406
13 2029 3406
13 2029 3407
13 2029 3407
13 2030 3370
13 2030 3370
13 2030 3406
13 2030 3406
13 2030 3407
13 2030 3407
13 2031 3370
13 2031 3370
13 2031 3406
13 2031 3406
13 2031 3407
13 2031 3407
13 2032 3370
13 2032 3370
13 2032 3406
13 2032 3406
13 2032 3407
13 2032 3407
13 2033 3370
13 2033 3370
13 2033 3406
13 2033 3406
13 2033 3407
13 2033 3407
13 2034 3370
13 2034 3370
13 2034 3406
13 2034 3406
13 2034 3407
13 2034 3407
13 2035 3370
13 2035 3370
13 2035 3406
13 2035 3406
13 2035 3407
13 2035 3407
13 2036 3370
13 2036 3370
13 2036 3406
13 2036 3406
13 2036 3407
13 2036 3407
13 2037 3370
13 2037 3370
13 2037 3406
13 2037 3406
13 2037 3407
13 2037 3407
13 2038 3370
13 2038 3370
13 2038 3406
13 2038 3406
13 2038 3407
13 2038 3407
13 2039 3370
13 2039 3370
13 2039 3406
13 2039 3406
13 2039 3407
13 2039 3407
13 2040 3370
13 2040 3370
13 2040 3406
13 2040 3406
13 2040 3407
13 2040 3407
13 2041 3370
13 2041 3370
13 2041 3406
13 2041 3406
13 2041 3407
13 2041 3407
13 2042 3370
13 2042 3370
13 2042 3406
13 2042 3406
13 2042 3407
13 2042 3407
13 2043 3370
13 2043 3370
13 2043 3406
13 2043 3406
13 2043 3407
13 2043 3407
13 2044 3370
13 2044 3370
13 2044 3406
13 2044 3406
13 2044 3407
13 2044 3407
13 2045 3370
13 2045 3370
13 2045 3406
13 2045 3406
13 2045 3407
13 2045 3407
13 2046 3370
13 2046 3370
13 2046 3406
13 2046 3406
13 2046 3407
13 2046 3407
13 2047 3370
13 2047 3370
13 2047 3406
13 2047 3406
13 2047 3407
13 2047 3407
13 2048 3370
13 2048 3370
13 2048 3406
13 2048 3406
13 2048 3407
13 2048 3407
13 2049 3370
13 2049 3370
13 2049 3406
13 2049 3406
13 2049 3407
13 2049 3407
13 2050 3370
13 2050 3370
13 2050 3406
13 2050 3406
13 2050 3407
13 2050 3407
13 2051 3370
13 2051 3370
13 2051 3406
13 2051 3406
13 2051 3407
13 2051 3407
13 2052 3370
13 2052 3370
13 2052 3406
13 2052 3406
13 2052 3407
13 2052 3407
13 2053 3370
13 2053 3370
13 2053 3371
13 2053 3371
13 2053 3372
13 2053 3372
13 2053 3373
13 2053 3373
13 2053 3374
13 2053 3374
13 2053 3375
13 2053 3375
13 2053 3376
13 2053 3376
13 2053 3377
13 2053 3377
13 2053 3378
13 2053 3378
13 2053 3379
13 2053 3379
13 2053 3380
13 2053 3380
13 2053 3381
13 2053 3381
13 2053 3382
13 2053 3382
13 2053 3383
13 2053 3383
13 2053 3384
13 2053 3384
13 2053 3385
13 2053 3385
13 2053 3386
13 2053 3386
13 2053 3387
13 2053 3387
13 2053 3388
13 2053 3388
13 2053 3389
13 2053 3389
13 2053 3390
13 2053 3390
13 2053 3391
13 2053 3391
13 2053 3392
13 2053 3392
13 2053 3393
13 2053 3393
13 2053 3394
13 2053 3394
13 2053 3395
13 2053 3395
13 2053 3396
13 2053 3396
13 2053 3397
13 2053 3397
13 2053 3398
13 2053 3398
13 2053 3399
13 2053 3399
13 2053 3400
13 2053 3400
13 2053 3401
13 2053 3401
13 2053 3402
13 2053 3402
13 2053 3403
13 2053 3403
13 2053 3404
13 2053 3404
13 2053 3405
13 2053 3405
13 2053 3406
13 2053 3406
13 2053 3407
13 2053 3407
14 4025 6740
14 4025 6741
14 4025 6742
14 4025 6743
14 4025 6744
14 4025 6745
14 4025 6746
14 4025 6747
14 4025 6748
14 4025 6749
14 4025 6750
14 4025 6751
14 4025 6752
14 4025 6753
14 4025 6754
14 4025 6755
14 4025 6756
14 4025 6757
14 4025 6758
14 4025 6759
14 4025 6760
14 4025 6761
14 4025 6762
14 4025 6763
14 4025 6764
14 4025 6765
14 4025 6766
14 4025 6767
14 4025 6768
14 4025 6769
14 4025 6770
14 4025 6771
14 4025 6772
14 4025 6773
14 4025 6774
14 4025 6775
14 4025 6776
14 4025 6777
14 4025 6778
14 4025 6779
14 4025 6780
14 4025 6781
14 4025 6782
14 4025 6783
14 4025 6784
14 4025 6785
14 4025 6786
14 4025 6787
14 4025 6788
14 4025 6789
14 4025 6790
14 4025 6791
14 4025 6792
14 4025 6793
14 4025 6794
14 4025 6795
14 4025 6796
14 4025 6797
14 4025 6798
14 4025 6799
14 4025 6800
14 4025 6801
14 4025 6802
14 4025 6803
14 4025 6804
14 4025 6805
14 4025 6806
14 4025 6807
14 4025 6808
14 4025 6809
14 4025 6810
14 4025 6811
14 4025 6812
14 4025 6813
14 4025 6814
14 4035 6745
14 4047 6759
14 4053 6775
14 4056 6748
14 4058 6776
14 4059 6769
14 4061 6779
14 4065 6769
14 4073 6759
14 4080 6763
14 4090 6761
14 4091 6758
14 4093 6784
14 4101 6780
14 4103 6743
15 8051 13481
15 8051 13482
15 8051 13483
15 8051 13484
15 8051 13485
15 8051 13486
15 8051 13487
15 8051 13488
15 8051 13489
15 8051 13490
15 8051 13491
15 8051 13492
15 8051 13493
15 8051 13494
15 8051 13495
15 8051 13496
15 8051 13497
15 8051 13498
15 8051 13499
15 8051 13500
15 8051 13501
15 8051 13502
15 8051 13503
15 8051 13504
15 8051 13505
15 8051 13506
15 8051 13507
15 8051 13508
15 8051 13509
15 8051 13510
15 8051 13511
15 8051 13512
15 8051 13513
15 8051 13514
15 8051 13515
15 8051 13516
15 8051 13517
15 8051 13518
15 8051 13519
15 8051 13520
15 8051 13521
15 8051 13522
15 8051 13523
15 8051 13524
15 8051 13525
15 8051 13526
15 8051 13527
15 8051 13528
15 8051 13529
15 8051 13530
15 8051 13531
15 8051 13532
15 8051 13533
15 8051 13534
15 8051 13535
15 8051 13536
15 8051 13537
15 8051 13538
15 8051 13539
15 8051 13540
15 8051 13541
15 8051 13542
15 8051 13543
15 8051 13544
15 8051 13545
15 8051 13546
15 8051 13547
15 8051 13548
15 8051 13549
15 8051 13550
15 8051 13551
15 8051 13552
15 8051 13553
15 8051 13554
15 8051 13555
15 8051 13556
15 8051 13557
15 8051 13558
15 8051 13559
15 8051 13560
15 8051 13561
15 8051 13562
15 8051 13563
15 8051 13564
15 8051 13565
15 8051 13566
15 8051 13567
15 8051 13568
15 8051 13569
15 8051 13570
15 8051 13571
15 8051 13572
15 8051 13573
15 8051 13574
15 8051 13575
15 8051 13576
15 8051 13577
15 8051 13578
15 8051 13579
15 8051 13580
15 8051 13581
15 8051 13582
15 8051 13583
15 8051 13584
15 8051 13585
15 8051 13586
15 8051 13587
15 8051 13588
15 8051 13589
15 8051 13590
15 8051 13591
15 8051 13592
15 8051 13593
15 8051 13594
15 8051 13595
15 8051 13596
15 8051 13597
15 8051 13598
15 8051 13599
15 8051 13600
15 8051 13601
15 8051 13602
15 8051 13603
15 8051 13604
15 8051 13605
15 8051 13606
15 8051 13607
15 8051 13608
15 8051 13609
15 8051 13610
15 8051 13611
15 8051 13612
15 8051 13613
15 8051 13614
15 8051 13615
15 8051 13616
15 8051 13617
15 8051 13618
15 8051 13619
15 8051 13620
15 8051 13621
15 8051 13622
15 8051 13623
15 8051 13624
15 8051 13625
15 8051 13626
15 8051 13627
15 8051 13628
15 8071 13491
15 8095 13519
15 8106 13551
15 8112 13497
15 8117 13553
15 8119 13539
15 8123 13558
15 8130 13538
15 8147 13518
15 8160 13527
15 8181 13522
15 8183 13517
15 8187 13568
15 8203 13560
15 8207 13487
16 16102 26962
16 16102 26963
16 16102 26964
16 16102 26965
16 16102 26966
16 16102 26967
16 16102 26968
16 16102 26969
16 16102 26970
16 16102 26971
16 16102 26972
16 16102 26973
16 16102 26974
16 16102 26975
16 16102 26976
16 16102 26977
16 16102 26978
16 16102 26979
16 16102 26980
16 16102 26981
16 16102 26982
16 16102 26983
16 16102 26984
16 16102 26985
16 16102 26986
16 16102 26987
16 16102 26988
16 16102 26989
16 16102 26990
16 16102 26991
16 16102 26992
16 16102 26993
16 16102 26994
16 16102 26995
16 16102 26996
16 16102 26997
16 16102 26998
16 16102 26999
16 16102 27000
16 16102 27001
16 16102 27002
16 16102 27003
16 16102 27004
16 16102 27005
16 16102 27006
16 16102 27007
16 16102 27008
16 16102 27009
16 16102 27010
16 16102 27011
16 16102 27012
16 16102 27013
16 16102 27014
16 16102 27015
16 16102 27016
16 16102 27017
16 16102 27018
16 16102 27019
16 16102 27020
16 16102 27021
16 16102 27022
16 16102 27023
16 16102 27024
16 16102 27025
16 16102 27026
16 16102 27027
16 16102 27028
16 16102 27029
16 16102 27030
16 16102 27031
16 16102 27032
16 16102 27033
16 16102 27034
16 16102 27035
16 16102 27036
16 16102 27037
16 16102 27038
16 16102 27039
16 16102 27040
16 16102 27041
16 16102 27042
16 16102 27043
16 16102 27044
16 16102 27045
16 16102 27046
16 16102 27047
16 16102 27048
16 16102 27049
16 16102 27050
16 16102 27051
16 16102 27052
16 16102 27053
16 16102 27054
16 16102 27055
16 16102 27056
16 16102 27057
16 16102 27058
16 16102 27059
16 16102 27060
16 16102 27061
16 16102 27062
16 16102 27063
16 16102 27064
16 16102 27065
16 16102 27066
16 16102 27067
16 16102 27068
16 16102 27069
16 16102 27070
16 16102 27071
16 16102 27072
16 16102 27073
16 16102 27074
16 16102 27075
16 16102 27076
16 16102 27077
16 16102 27078
16 16102 27079
16 16102 27080
16 16102 27081
16 16102 27082
16 16102 27083
16 16102 27084
16 16102 27085
16 16102 27086
16 16102 27087
16 16102 27088
16 16102 27089
16 16102 27090
16 16102 27091
16 16102 27092
16 16102 27093
16 16102 27094
16 16102 27095
16 16102 27096
16 16102 27097
16 16102 27098
16 16102 27099
16 16102 27100
16 16102 27101
16 16102 27102
16 16102 27103
16 16102 27104
16 16102 27105
16 16102 27106
16 16102 27107
16 16102 27108
16 16102 27109
16 16102 27110
16 16102 27111
16 16102 27112
16 16102 27113
16 16102 27114
16 16102 27115
16 16102 27116
16 16102 27117
16 16102 27118
16 16102 27119
16 16102 27120
16 16102 27121
16 16102 27122
16 16102 27123
16 16102 27124
16 16102 27125
16 16102 27126
16 16102 27127
16 16102 27128
16 16102 27129
16 16102 27130
16 16102 27131
16 16102 27132
16 16102 27133
16 16102 27134
16 16102 27135
16 16102 27136
16 16102 27137
16 16102 27138
16 16102 27139
16 16102 27140
16 16102 27141
16 16102 27142
16 16102 27143
16 16102 27144
16 16102 27145
16 16102 27146
16 16102 27147
16 16102 27148
16 16102 27149
16 16102 27150
16 16102 27151
16 16102 27152
16 16102 27153
16 16102 27154
16 16102 27155
16 16102 27156
16 16102 27157
16 16102 27158
16 16102 27159
16 16102 27160
16 16102 27161
16 16102 27162
16 16102 27163
16 16102 27164
16 16102 27165
16 16102 27166
16 16102 27167
16 16102 27168
16 16102 27169
16 16102 27170
16 16102 27171
16 16102 27172
16 16102 27173
16 16102 27174
16 16102 27175
16 16102 27176
16 16102 27177
16 16102 27178
16 16102 27179
16 16102 27180
16 16102 27181
16 16102 27182
16 16102 27183
16 16102 27184
16 16102 27185
16 16102 27186
16 16102 27187
16 16102 27188
16 16102 27189
16 16102 27190
16 16102 27191
16 16102 27192
16 16102 27193
16 16102 27194
16 16102 27195
16 16102 27196
16 16102 27197
16 16102 27198
16 16102 27199
16 16102 27200
16 16102 27201
16 16102 27202
16 16102 27203
16 16102 27204
16 16102 27205
16 16102 27206
16 16102 27207
16 16102 27208
16 16102 27209
16 16102 27210
16 16102 27211
16 16102 27212
16 16102 27213
16 16102 27214
16 16102 27215
16 16102 27216
16 16102 27217
16 16102 27218
16 16102 27219
16 16102 27220
16 16102 27221
16 16102 27222
16 16102 27223
16 16102 27224
16 16102 27225
16 16102 27226
16 16102 27227
16 16102 27228
16 16102 27229
16 16102 27230
16 16102 27231
16 16102 27232
16 16102 27233
16 16102 27234
16 16102 27235
16 16102 27236
16 16102 27237
16 16102 27238
16 16102 27239
16 16102 27240
16 16102 27241
16 16102 27242
16 16102 27243
16 16102 27244
16 16102 27245
16 16102 27246
16 16102 27247
16 16102 27248
16 16102 27249
16 16102 27250
16 16102 27251
16 16102 27252
16 16102 27253
16 16102 27254
16 16102 27255
16 16102 27256
16 16143 26983
16 16191 27039
16 16212 27102
16 16224 26994
16 16235 27107
16 16238 27078
16 16246 27116
16 16260 27076
16 16295 27037
16 16320 27055
16 16362 27044
16 16366 27034
16 16375 27137
16 16407 27120
16 16414 26974
17 32205 53925
17 32205 53926
17 32205 53927
17 32205 53928
17 32205 53929
17 32205 53930
17 32205 53931
17 32205 53932
17 32205 53933
17 32205 53934
17 32205 53935
17 32205 53936
17 32205 53937
17 32205 53938
17 32205 53939
17 32205 53940
17 32205 53941
17 32205 53942
17 32205 53943
17 32205 53944
17 32205 53945
17 32205 53946
17 32205 53947
17 32205 53948
17 32205 53949
17 32205 53950
17 32205 53951
17 32205 53952
17 32205 53953
17 32205 53954
17 32205 53955
17 32205 53956
17 32205 53957
17 32205 53958
17 32205 53959
17 32205 53960
17 32205 53961
17 32205 53962
17 32205 53963
17 32205 53964
17 32205 53965
17 32205 53966
17 32205 53967
17 32205 53968
17 32205 53969
17 32205 53970
17 32205 53971
17 32205 53972
17 32205 53973
17 32205 53974
17 32205 53975
17 32205 53976
17 32205 53977
17 32205 53978
17 32205 53979
17 32205 53980
17 32205 53981
17 32205 53982
17 32205 53983
17 32205 53984
17 32205 53985
17 32205 53986
17 32205 53987
17 32205 53988
17 32205 53989
17 32205 53990
17 32205 53991
17 32205 53992
17 32205 53993
17 32205 53994
17 32205 53995
17 32205 53996
17 32205 53997
17 32205 53998
17 32205 53999
17 32205 54000
17 32205 54001
17 32205 54002
17 32205 54003
17 32205 54004
17 32205 54005
17 32205 54006
17 32205 54007
17 32205 54008
17 32205 54009
17 32205 54010
17 32205 54011
17 32205 54012
17 32205 54013
17 32205 54014
17 32205 54015
17 32205 54016
17 32205 54017
17 32205 54018
17 32205 54019
17 32205 54020
17 32205 54021
17 32205 54022
17 32205 54023
17 32205 54024
17 32205 54025
17 32205 54026
17 32205 54027
17 32205 54028
17 32205 54029
17 32205 54030
17 32205 54031
17 32205 54032
17 32205 54033
17 32205 54034
17 32205 54035
17 32205 54036
17 32205 54037
17 32205 54038
17 32205 54039
17 32205 54040
17 32205 54041
17 32205 54042
17 32205 54043
17 32205 54044
17 32205 54045
17 32205 54046
17 32205 54047
17 32205 54048
17 32205 54049
17 32205 54050
17 32205 54051
17 32205 54052
17 32205 54053
17 32205 54054
17 32205 54055
17 32205 54056
17 32205 54057
17 32205 54058
17 32205 54059
17 32205 54060
17 32205 54061
17 32205 54062
17 32205 54063
17 32205 54064
17 32205 54065
17 32205 54066
17 32205 54067
17 32205 54068
17 32205 54069
17 32205 54070
17 32205 54071
17 32205 54072
17 32205 54073
17 32205 54074
17 32205 54075
17 32205 54076
17 32205 54077
17 32205 54078
17 32205 54079
17 32205 54080
17 32205 54081
17 32205 54082
17 32205 54083
17 32205 54084
17 32205 54085
17 32205 54086
17 32205 54087
17 32205 54088
17 32205 54089
17 32205 54090
17 32205 54091
17 32205 54092
17 32205 54093
17 32205 54094
17 32205 54095
17 32205 54096
17 32205 54097
17 32205 54098
17 32205 54099
17 32205 54100
17 32205 54101
17 32205 54102
17 32205 54103
17 32205 54104
17 32205 54105
17 32205 54106
17 32205 54107
17 32205 54108
17 32205 54109
17 32205 54110
17 32205 54111
17 32205 54112
17 32205 54113
17 32205 54114
17 32205 54115
17 32205 54116
17 32205 54117
17 32205 54118
17 32205 54119
17 32205 54120
17 32205 54121
17 32205 54122
17 32205 54123
17 32205 54124
17 32205 54125
17 32205 54126
17 32205 54127
17 32205 54128
17 32205 54129
17 32205 54130
17 32205 54131
17 32205 54132
17 32205 54133
17 32205 54134
17 32205 54135
17 32205 54136
17 32205 54137
17 32205 54138
17 32205 54139
17 32205 54140
17 32205 54141
17 32205 54142
17 32205 54143
17 32205 54144
17 32205 54145
17 32205 54146
17 32205 54147
17 32205 54148
17 32205 54149
17 32205 54150
17 32205 54151
17 32205 54152
17 32205 54153
17 32205 54154
17 32205 54155
17 32205 54156
17 32205 54157
17 32205 54158
17 32205 54159
17 32205 54160
17 32205 54161
17 32205 54162
17 32205 54163
17 32205 54164
17 32205 54165
17 32205 54166
17 32205 54167
17 32205 54168
17 32205 54169
17 32205 54170
17 32205 54171
17 32205 54172
17 32205 54173
17 32205 54174
17 32205 54175
17 32205 54176
17 32205 54177
17 32205 54178
17 32205 54179
17 32205 54180
17 32205 54181
17 32205 54182
17 32205 54183
17 32205 54184
17 32205 54185
17 32205 54186
17 32205 54187
17 32205 54188
17 32205 54189
17 32205 54190
17 32205 54191
17 32205 54192
17 32205 54193
17 32205 54194
17 32205 54195
17 32205 54196
17 32205 54197
17 32205 54198
17 32205 54199
17 32205 54200
17 32205 54201
17 32205 54202
17 32205 54203
17 32205 54204
17 32205 54205
17 32205 54206
17 32205 54207
17 32205 54208
17 32205 54209
17 32205 54210
17 32205 54211
17 32205 54212
17 32205 54213
17 32205 54214
17 32205 54215
17 32205 54216
17 32205 54217
17 32205 54218
17 32205 54219
17 32205 54220
17 32205 54221
17 32205 54222
17 32205 54223
17 32205 54224
17 32205 54225
17 32205 54226
17 32205 54227
17 32205 54228
17 32205 54229
17 32205 54230
17 32205 54231
17 32205 54232
17 32205 54233
17 32205 54234
17 32205 54235
17 32205 54236
17 32205 54237
17 32205 54238
17 32205 54239
17 32205 54240
17 32205 54241
17 32205 54242
17 32205 54243
17 32205 54244
17 32205 54245
17 32205 54246
17 32205 54247
17 32205 54248
17 32205 54249
17 32205 54250
17 32205 54251
17 32205 54252
17 32205 54253
17 32205 54254
17 32205 54255
17 32205 54256
17 32205 54257
17 32205 54258
17 32205 54259
17 32205 54260
17 32205 54261
17 32205 54262
17 32205 54263
17 32205 54264
17 32205 54265
17 32205 54266
17 32205 54267
17 32205 54268
17 32205 54269
17 32205 54270
17 32205 54271
17 32205 54272
17 32205 54273
17 32205 54274
17 32205 54275
17 32205 54276
17 32205 54277
17 32205 54278
17 32205 54279
17 32205 54280
17 32205 54281
17 32205 54282
17 32205 54283
17 32205 54284
17 32205 54285
17 32205 54286
17 32205 54287
17 32205 54288
17 32205 54289
17 32205 54290
17 32205 54291
17 32205 54292
17 32205 54293
17 32205 54294
17 32205 54295
17 32205 54296
17 32205 54297
17 32205 54298
17 32205 54299
17 32205 54300
17 32205 54301
17 32205 54302
17 32205 54303
17 32205 54304
17 32205 54305
17 32205 54306
17 32205 54307
17 32205 54308
17 32205 54309
17 32205 54310
17 32205 54311
17 32205 54312
17 32205 54313
17 32205 54314
17 32205 54315
17 32205 54316
17 32205 54317
17 32205 54318
17 32205 54319
17 32205 54320
17 32205 54321
17 32205 54322
17 32205 54323
17 32205 54324
17 32205 54325
17 32205 54326
17 32205 54327
17 32205 54328
17 32205 54329
17 32205 54330
17 32205 54331
17 32205 54332
17 32205 54333
17 32205 54334
17 32205 54335
17 32205 54336
17 32205 54337
17 32205 54338
17 32205 54339
17 32205 54340
17 32205 54341
17 32205 54342
17 32205 54343
17 32205 54344
17 32205 54345
17 32205 54346
17 32205 54347
17 32205 54348
17 32205 54349
17 32205 54350
17 32205 54351
17 32205 54352
17 32205 54353
17 32205 54354
17 32205 54355
17 32205 54356
17 32205 54357
17 32205 54358
17 32205 54359
17 32205 54360
17 32205 54361
17 32205 54362
17 32205 54363
17 32205 54364
17 32205 54365
17 32205 54366
17 32205 54367
17 32205 54368
17 32205 54369
17 32205 54370
17 32205 54371
17 32205 54372
17 32205 54373
17 32205 54374
17 32205 54375
17 32205 54376
17 32205 54377
17 32205 54378
17 32205 54379
17 32205 54380
17 32205 54381
17 32205 54382
17 32205 54383
17 32205 54384
17 32205 54385
17 32205 54386
17 32205 54387
17 32205 54388
17 32205 54389
17 32205 54390
17 32205 54391
17 32205 54392
17 32205 54393
17 32205 54394
17 32205 54395
17 32205 54396
17 32205 54397
17 32205 54398
17 32205 54399
17 32205 54400
17 32205 54401
17 32205 54402
17 32205 54403
17 32205 54404
17 32205 54405
17 32205 54406
17 32205 54407
17 32205 54408
17 32205 54409
17 32205 54410
17 32205 54411
17 32205 54412
17 32205 54413
17 32205 54414
17 32205 54415
17 32205 54416
17 32205 54417
17 32205 54418
17 32205 54419
17 32205 54420
17 32205 54421
17 32205 54422
17 32205 54423
17 32205 54424
17 32205 54425
17 32205 54426
17 32205 54427
17 32205 54428
17 32205 54429
17 32205 54430
17 32205 54431
17 32205 54432
17 32205 54433
17 32205 54434
17 32205 54435
17 32205 54436
17 32205 54437
17 32205 54438
17 32205 54439
17 32205 54440
17 32205 54441
17 32205 54442
17 32205 54443
17 32205 54444
17 32205 54445
17 32205 54446
17 32205 54447
17 32205 54448
17 32205 54449
17 32205 54450
17 32205 54451
17 32205 54452
17 32205 54453
17 32205 54454
17 32205 54455
17 32205 54456
17 32205 54457
17 32205 54458
17 32205 54459
17 32205 54460
17 32205 54461
17 32205 54462
17 32205 54463
17 32205 54464
17 32205 54465
17 32205 54466
17 32205 54467
17 32205 54468
17 32205 54469
17 32205 54470
17 32205 54471
17 32205 54472
17 32205 54473
17 32205 54474
17 32205 54475
17 32205 54476
17 32205 54477
17 32205 54478
17 32205 54479
17 32205 54480
17 32205 54481
17 32205 54482
17 32205 54483
17 32205 54484
17 32205 54485
17 32205 54486
17 32205 54487
17 32205 54488
17 32205 54489
17 32205 54490
17 32205 54491
17 32205 54492
17 32205 54493
17 32205 54494
17 32205 54495
17 32205 54496
17 32205 54497
17 32205 54498
17 32205 54499
17 32205 54500
17 32205 54501
17 32205 54502
17 32205 54503
17 32205 54504
17 32205 54505
17 32205 54506
17 32205 54507
17 32205 54508
17 32205 54509
17 32205 54510
17 32205 54511
17 32205 54512
17 32205 54513
17 32424 54204
17 32471 54214
17 32476 54157
17 32520 54153
17 32640 54111
17 32733 54068
17 32750 54274
17 32815 54240
17 32828 53949
18 64411 107850
18 64411 107851
18 64411 107852
18 64411 107853
18 64411 107854
18 64411 107855
18 64411 107856
18 64411 107857
18 64411 107858
18 64411 107859
18 64411 107860
18 64411 107861
18 64411 107862
18 64411 107863
18 64411 107864
18 64411 107865
18 64411 107866
18 64411 107867
18 64411 107868
18 64411 107869
18 64411 107870
18 64411 107871
18 64411 107872
18 64411 107873
18 64411 107874
18 64411 107875
18 64411 107876
18 64411 107877
18 64411 107878
18 64411 107879
18 64411 107880
18 64411 107881
18 64411 107882
18 64411 107883
18 64411 107884
18 64411 107885
18 64411 107886
18 64411 107887
18 64411 107888
18 64411 107889
18 64411 107890
18 64411 107891
18 64411 107892
18 64411 107893
18 64411 107894
18 64411 107895
18 64411 107896
18 64411 107897
18 64411 107898
18 64411 107899
18 64411 107900
18 64411 107901
18 64411 107902
18 64411 107903
18 64411 107904
18 64411 107905
18 64411 107906
18 64411 107907
18 64411 107908
18 64411 107909
18 64411 107910
18 64411 107911
18 64411 107912
18 64411 107913
18 64411 107914
18 64411 107915
18 64411 107916
18 64411 107917
18 64411 107918
18 64411 107919
18 64411 107920
18 64411 107921
18 64411 107922
18 64411 107923
18 64411 107924
18 64411 107925
18 64411 107926
18 64411 107927
18 64411 107928
18 64411 107929
18 64411 107930
18 64411 107931
18 64411 107932
18 64411 107933
18 64411 107934
18 64411 107935
18 64411 107936
18 64411 107937
18 64411 107938
18 64411 107939
18 64411 107940
18 64411 107941
18 64411 107942
18 64411 107943
18 64411 107944
18 64411 107945
18 64411 107946
18 64411 107947
18 64411 107948
18 64411 107949
18 64411 107950
18 64411 107951
18 64411 107952
18 64411 107953
18 64411 107954
18 64411 107955
18 64411 107956
18 64411 107957
18 64411 107958
18 64411 107959
18 64411 107960
18 64411 107961
18 64411 107962
18 64411 107963
18 64411 107964
18 64411 107965
18 64411 107966
18 64411 107967
18 64411 107968
18 64411 107969
18 64411 107970
18 64411 107971
18 64411 107972
18 64411 107973
18 64411 107974
18 64411 107975
18 64411 107976
18 64411 107977
18 64411 107978
18 64411 107979
18 64411 107980
18 64411 107981
18 64411 107982
18 64411 107983
18 64411 107984
18 64411 107985
18 64411 107986
18 64411 107987
18 64411 107988
18 64411 107989
18 64411 107990
18 64411 107991
18 64411 107992
18 64411 107993
18 64411 107994
18 64411 107995
18 64411 107996
18 64411 107997
18 64411 107998
18 64411 107999
18 64411 108000
18 64411 108001
18 64411 108002
18 64411 108003
18 64411 108004
18 64411 108005
18 64411 108006
18 64411 108007
18 64411 108008
18 64411 108009
18 64411 108010
18 64411 108011
18 64411 108012
18 64411 108013
18 64411 108014
18 64411 108015
18 64411 108016
18 64411 108017
18 64411 108018
18 64411 108019
18 64411 108020
18 64411 108021
18 64411 108022
18 64411 108023
18 64411 108024
18 64411 108025
18 64411 108026
18 64411 108027
18 64411 108028
18 64411 108029
18 64411 108030
18 64411 108031
18 64411 108032
18 64411 108033
18 64411 108034
18 64411 108035
18 64411 108036
18 64411 108037
18 64411 108038
18 64411 108039
18 64411 108040
18 64411 108041
18 64411 108042
18 64411 108043
18 64411 108044
18 64411 108045
18 64411 108046
18 64411 108047
18 64411 108048
18 64411 108049
18 64411 108050
18 64411 108051
18 64411 108052
18 64411 108053
18 64411 108054
18 64411 108055
18 64411 108056
18 64411 108057
18 64411 108058
18 64411 108059
18 64411 108060
18 64411 108061
18 64411 108062
18 64411 108063
18 64411 108064
18 64411 108065
18 64411 108066
18 64411 108067
18 64411 108068
18 64411 108069
18 64411 108070
18 64411 108071
18 64411 108072
18 64411 108073
18 64411 108074
18 64411 108075
18 64411 108076
18 64411 108077
18 64411 108078
18 64411 108079
18 64411 108080
18 64411 108081
18 64411 108082
18 64411 108083
18 64411 108084
18 64411 108085
18 64411 108086
18 64411 108087
18 64411 108088
18 64411 108089
18 64411 108090
18 64411 108091
18 64411 108092
18 64411 108093
18 64411 108094
18 64411 108095
18 64411 108096
18 64411 108097
18 64411 108098
18 64411 108099
18 64411 108100
18 64411 108101
18 64411 108102
18 64411 108103
18 64411 108104
18 64411 108105
18 64411 108106
18 64411 108107
18 64411 108108
18 64411 108109
18 64411 108110
18 64411 108111
18 64411 108112
18 64411 108113
18 64411 108114
18 64411 108115
18 64411 108116
18 64411 108117
18 64411 108118
18 64411 108119
18 64411 108120
18 64411 108121
18 64411 108122
18 64411 108123
18 64411 108124
18 64411 108125
18 64411 108126
18 64411 108127
18 64411 108128
18 64411 108129
18 64411 108130
18 64411 108131
18 64411 108132
18 64411 108133
18 64411 108134
18 64411 108135
18 64411 108136
18 64411 108137
18 64411 108138
18 64411 108139
18 64411 108140
18 64411 108141
18 64411 108142
18 64411 108143
18 64411 108144
18 64411 108145
18 64411 108146
18 64411 108147
18 64411 108148
18 64411 108149
18 64411 108150
18 64411 108151
18 64411 108152
18 64411 108153
18 64411 108154
18 64411 108155
18 64411 108156
18 64411 108157
18 64411 108158
18 64411 108159
18 64411 108160
18 64411 108161
18 64411 108162
18 64411 108163
18 64411 108164
18 64411 108165
18 64411 108166
18 64411 108167
18 64411 108168
18 64411 108169
18 64411 108170
18 64411 108171
18 64411 108172
18 64411 108173
18 64411 108174
18 64411 108175
18 64411 108176
18 64411 108177
18 64411 108178
18 64411 108179
18 64411 108180
18 64411 108181
18 64411 108182
18 64411 108183
18 64411 108184
18 64411 108185
18 64411 108186
18 64411 108187
18 64411 108188
18 64411 108189
18 64411 108190
18 64411 108191
18 64411 108192
18 64411 108193
18 64411 108194
18 64411 108195
18 64411 108196
18 64411 108197
18 64411 108198
18 64411 108199
18 64411 108200
18 64411 108201
18 64411 108202
18 64411 108203
18 64411 108204
18 64411 108205
18 64411 108206
18 64411 108207
18 64411 108208
18 64411 108209
18 64411 108210
18 64411 108211
18 64411 108212
18 64411 108213
18 64411 108214
18 64411 108215
18 64411 108216
18 64411 108217
18 64411 108218
18 64411 108219
18 64411 108220
18 64411 108221
18 64411 108222
18 64411 108223
18 64411 108224
18 64411 108225
18 64411 108226
18 64411 108227
18 64411 108228
18 64411 108229
18 64411 108230
18 64411 108231
18 64411 108232
18 64411 108233
18 64411 108234
18 64411 108235
18 64411 108236
18 64411 108237
18 64411 108238
18 64411 108239
18 64411 108240
18 64411 108241
18 64411 108242
18 64411 108243
18 64411 108244
18 64411 108245
18 64411 108246
18 64411 108247
18 64411 108248
18 64411 108249
18 64411 108250
18 64411 108251
18 64411 108252
18 64411 108253
18 64411 108254
18 64411 108255
18 64411 108256
18 64411 108257
18 64411 108258
18 64411 108259
18 64411 108260
18 64411 108261
18 64411 108262
18 64411 108263
18 64411 108264
18 64411 108265
18 64411 108266
18 64411 108267
18 64411 108268
18 64411 108269
18 64411 108270
18 64411 108271
18 64411 108272
18 64411 108273
18 64411 108274
18 64411 108275
18 64411 108276
18 64411 108277
18 64411 108278
18 64411 108279
18 64411 108280
18 64411 108281
18 64411 108282
18 64411 108283
18 64411 108284
18 64411 108285
18 64411 108286
18 64411 108287
18 64411 108288
18 64411 108289
18 64411 108290
18 64411 108291
18 64411 108292
18 64411 108293
18 64411 108294
18 64411 108295
18 64411 108296
18 64411 108297
18 64411 108298
18 64411 108299
18 64411 108300
18 64411 108301
18 64411 108302
18 64411 108303
18 64411 108304
18 64411 108305
18 64411 108306
18 64411 108307
18 64411 108308
18 64411 108309
18 64411 108310
18 64411 108311
18 64411 108312
18 64411 108313
18 64411 108314
18 64411 108315
18 64411 108316
18 64411 108317
18 64411 108318
18 64411 108319
18 64411 108320
18 64411 108321
18 64411 108322
18 64411 108323
18 64411 108324
18 64411 108325
18 64411 108326
18 64411 108327
18 64411 108328
18 64411 108329
18 64411 108330
18 64411 108331
18 64411 108332
18 64411 108333
18 64411 108334
18 64411 108335
18 64411 108336
18 64411 108337
18 64411 108338
18 64411 108339
18 64411 108340
18 64411 108341
18 64411 108342
18 64411 108343
18 64411 108344
18 64411 108345
18 64411 108346
18 64411 108347
18 64411 108348
18 64411 108349
18 64411 108350
18 64411 108351
18 64411 108352
18 64411 108353
18 64411 108354
18 64411 108355
18 64411 108356
18 64411 108357
18 64411 108358
18 64411 108359
18 64411 108360
18 64411 108361
18 64411 108362
18 64411 108363
18 64411 108364
18 64411 108365
18 64411 108366
18 64411 108367
18 64411 108368
18 64411 108369
18 64411 108370
18 64411 108371
18 64411 108372
18 64411 108373
18 64411 108374
18 64411 108375
18 64411 108376
18 64411 108377
18 64411 108378
18 64411 108379
18 64411 108380
18 64411 108381
18 64411 108382
18 64411 108383
18 64411 108384
18 64411 108385
18 64411 108386
18 64411 108387
18 64411 108388
18 64411 108389
18 64411 108390
18 64411 108391
18 64411 108392
18 64411 108393
18 64411 108394
18 64411 108395
18 64411 108396
18 64411 108397
18 64411 108398
18 64411 108399
18 64411 108400
18 64411 108401
18 64411 108402
18 64411 108403
18 64411 108404
18 64411 108405
18 64411 108406
18 64411 108407
18 64411 108408
18 64411 108409
18 64411 108410
18 64411 108411
18 64411 108412
18 64411 108413
18 64411 108414
18 64411 108415
18 64411 108416
18 64411 108417
18 64411 108418
18 64411 108419
18 64411 108420
18 64411 108421
18 64411 108422
18 64411 108423
18 64411 108424
18 64411 108425
18 64411 108426
18 64411 108427
18 64411 108428
18 64411 108429
18 64411 108430
18 64411 108431
18 64411 108432
18 64411 108433
18 64411 108434
18 64411 108435
18 64411 108436
18 64411 108437
18 64411 108438
18 64411 108439
18 64411 108440
18 64411 108441
18 64411 108442
18 64411 108443
18 64411 108444
18 64411 108445
18 64411 108446
18 64411 108447
18 64411 108448
18 64411 108449
18 64411 108450
18 64411 108451
18 64411 108452
18 64411 108453
18 64411 108454
18 64411 108455
18 64411 108456
18 64411 108457
18 64411 108458
18 64411 108459
18 64411 108460
18 64411 108461
18 64411 108462
18 64411 108463
18 64411 108464
18 64411 108465
18 64411 108466
18 64411 108467
18 64411 108468
18 64411 108469
18 64411 108470
18 64411 108471
18 64411 108472
18 64411 108473
18 64411 108474
18 64411 108475
18 64411 108476
18 64411 108477
18 64411 108478
18 64411 108479
18 64411 108480
18 64411 108481
18 64411 108482
18 64411 108483
18 64411 108484
18 64411 108485
18 64411 108486
18 64411 108487
18 64411 108488
18 64411 108489
18 64411 108490
18 64411 108491
18 64411 108492
18 64411 108493
18 64411 108494
18 64411 108495
18 64411 108496
18 64411 108497
18 64411 108498
18 64411 108499
18 64411 108500
18 64411 108501
18 64411 108502
18 64411 108503
18 64411 108504
18 64411 108505
18 64411 108506
18 64411 108507
18 64411 108508
18 64411 108509
18 64411 108510
18 64411 108511
18 64411 108512
18 64411 108513
18 64411 108514
18 64411 108515
18 64411 108516
18 64411 108517
18 64411 108518
18 64411 108519
18 64411 108520
18 64411 108521
18 64411 108522
18 64411 108523
18 64411 108524
18 64411 108525
18 64411 108526
18 64411 108527
18 64411 108528
18 64411 108529
18 64411 108530
18 64411 108531
18 64411 108532
18 64411 108533
18 64411 108534
18 64411 108535
18 64411 108536
18 64411 108537
18 64411 108538
18 64411 108539
18 64411 108540
18 64411 108541
18 64411 108542
18 64411 108543
18 64411 108544
18 64411 108545
18 64411 108546
18 64411 108547
18 64411 108548
18 64411 108549
18 64411 108550
18 64411 108551
18 64411 108552
18 64411 108553
18 64411 108554
18 64411 108555
18 64411 108556
18 64411 108557
18 64411 108558
18 64411 108559
18 64411 108560
18 64411 108561
18 64411 108562
18 64411 108563
18 64411 108564
18 64411 108565
18 64411 108566
18 64411 108567
18 64411 108568
18 64411 108569
18 64411 108570
18 64411 108571
18 64411 108572
18 64411 108573
18 64411 108574
18 64411 108575
18 64411 108576
18 64411 108577
18 64411 108578
18 64411 108579
18 64411 108580
18 64411 108581
18 64411 108582
18 64411 108583
18 64411 108584
18 64411 108585
18 64411 108586
18 64411 108587
18 64411 108588
18 64411 108589
18 64411 108590
18 64411 108591
18 64411 108592
18 64411 108593
18 64411 108594
18 64411 108595
18 64411 108596
18 64411 108597
18 64411 108598
18 64411 108599
18 64411 108600
18 64411 108601
18 64411 108602
18 64411 108603
18 64411 108604
18 64411 108605
18 64411 108606
18 64411 108607
18 64411 108608
18 64411 108609
18 64411 108610
18 64411 108611
18 64411 108612
18 64411 108613
18 64411 108614
18 64411 108615
18 64411 108616
18 64411 108617
18 64411 108618
18 64411 108619
18 64411 108620
18 64411 108621
18 64411 108622
18 64411 108623
18 64411 108624
18 64411 108625
18 64411 108626
18 64411 108627
18 64411 108628
18 64411 108629
18 64411 108630
18 64411 108631
18 64411 108632
18 64411 108633
18 64411 108634
18 64411 108635
18 64411 108636
18 64411 108637
18 64411 108638
18 64411 108639
18 64411 108640
18 64411 108641
18 64411 108642
18 64411 108643
18 64411 108644
18 64411 108645
18 64411 108646
18 64411 108647
18 64411 108648
18 64411 108649
18 64411 108650
18 64411 108651
18 64411 108652
18 64411 108653
18 64411 108654
18 64411 108655
18 64411 108656
18 64411 108657
18 64411 108658
18 64411 108659
18 64411 108660
18 64411 108661
18 64411 108662
18 64411 108663
18 64411 108664
18 64411 108665
18 64411 108666
18 64411 108667
18 64411 108668
18 64411 108669
18 64411 108670
18 64411 108671
18 64411 108672
18 64411 108673
18 64411 108674
18 64411 108675
18 64411 108676
18 64411 108677
18 64411 108678
18 64411 108679
18 64411 108680
18 64411 108681
18 64411 108682
18 64411 108683
18 64411 108684
18 64411 108685
18 64411 108686
18 64411 108687
18 64411 108688
18 64411 108689
18 64411 108690
18 64411 108691
18 64411 108692
18 64411 108693
18 64411 108694
18 64411 108695
18 64411 108696
18 64411 108697
18 64411 108698
18 64411 108699
18 64411 108700
18 64411 108701
18 64411 108702
18 64411 108703
18 64411 108704
18 64411 108705
18 64411 108706
18 64411 108707
18 64411 108708
18 64411 108709
18 64411 108710
18 64411 108711
18 64411 108712
18 64411 108713
18 64411 108714
18 64411 108715
18 64411 108716
18 64411 108717
18 64411 108718
18 64411 108719
18 64411 108720
18 64411 108721
18 64411 108722
18 64411 108723
18 64411 108724
18 64411 108725
18 64411 108726
18 64411 108727
18 64411 108728
18 64411 108729
18 64411 108730
18 64411 108731
18 64411 108732
18 64411 108733
18 64411 108734
18 64411 108735
18 64411 108736
18 64411 108737
18 64411 108738
18 64411 108739
18 64411 108740
18 64411 108741
18 64411 108742
18 64411 108743
18 64411 108744
18 64411 108745
18 64411 108746
18 64411 108747
18 64411 108748
18 64411 108749
18 64411 108750
18 64411 108751
18 64411 108752
18 64411 108753
18 64411 108754
18 64411 108755
18 64411 108756
18 64411 108757
18 64411 108758
18 64411 108759
18 64411 108760
18 64411 108761
18 64411 108762
18 64411 108763
18 64411 108764
18 64411 108765
18 64411 108766
18 64411 108767
18 64411 108768
18 64411 108769
18 64411 108770
18 64411 108771
18 64411 108772
18 64411 108773
18 64411 108774
18 64411 108775
18 64411 108776
18 64411 108777
18 64411 108778
18 64411 108779
18 64411 108780
18 64411 108781
18 64411 108782
18 64411 108783
18 64411 108784
18 64411 108785
18 64411 108786
18 64411 108787
18 64411 108788
18 64411 108789
18 64411 108790
18 64411 108791
18 64411 108792
18 64411 108793
18 64411 108794
18 64411 108795
18 64411 108796
18 64411 108797
18 64411 108798
18 64411 108799
18 64411 108800
18 64411 108801
18 64411 108802
18 64411 108803
18 64411 108804
18 64411 108805
18 64411 108806
18 64411 108807
18 64411 108808
18 64411 108809
18 64411 108810
18 64411 108811
18 64411 108812
18 64411 108813
18 64411 108814
18 64411 108815
18 64411 108816
18 64411 108817
18 64411 108818
18 64411 108819
18 64411 108820
18 64411 108821
18 64411 108822
18 64411 108823
18 64411 108824
18 64411 108825
18 64411 108826
18 64411 108827
18 64411 108828
18 64411 108829
18 64411 108830
18 64411 108831
18 64411 108832
18 64411 108833
18 64411 108834
18 64411 108835
18 64411 108836
18 64411 108837
18 64411 108838
18 64411 108839
18 64411 108840
18 64411 108841
18 64411 108842
18 64411 108843
18 64411 108844
18 64411 108845
18 64411 108846
18 64411 108847
18 64411 108848
18 64411 108849
18 64411 108850
18 64411 108851
18 64411 108852
18 64411 108853
18 64411 108854
18 64411 108855
18 64411 108856
18 64411 108857
18 64411 108858
18 64411 108859
18 64411 108860
18 64411 108861
18 64411 108862
18 64411 108863
18 64411 108864
18 64411 108865
18 64411 108866
18 64411 108867
18 64411 108868
18 64411 108869
18 64411 108870
18 64411 108871
18 64411 108872
18 64411 108873
18 64411 108874
18 64411 108875
18 64411 108876
18 64411 108877
18 64411 108878
18 64411 108879
18 64411 108880
18 64411 108881
18 64411 108882
18 64411 108883
18 64411 108884
18 64411 108885
18 64411 108886
18 64411 108887
18 64411 108888
18 64411 108889
18 64411 108890
18 64411 108891
18 64411 108892
18 64411 108893
18 64411 108894
18 64411 108895
18 64411 108896
18 64411 108897
18 64411 108898
18 64411 108899
18 64411 108900
18 64411 108901
18 64411 108902
18 64411 108903
18 64411 108904
18 64411 108905
18 64411 108906
18 64411 108907
18 64411 108908
18 64411 108909
18 64411 108910
18 64411 108911
18 64411 108912
18 64411 108913
18 64411 108914
18 64411 108915
18 64411 108916
18 64411 108917
18 64411 108918
18 64411 108919
18 64411 108920
18 64411 108921
18 64411 108922
18 64411 108923
18 64411 108924
18 64411 108925
18 64411 108926
18 64411 108927
18 64411 108928
18 64411 108929
18 64411 108930
18 64411 108931
18 64411 108932
18 64411 108933
18 64411 108934
18 64411 108935
18 64411 108936
18 64411 108937
18 64411 108938
18 64411 108939
18 64411 108940
18 64411 108941
18 64411 108942
18 64411 108943
18 64411 108944
18 64411 108945
18 64411 108946
18 64411 108947
18 64411 108948
18 64411 108949
18 64411 108950
18 64411 108951
18 64411 108952
18 64411 108953
18 64411 108954
18 64411 108955
18 64411 108956
18 64411 108957
18 64411 108958
18 64411 108959
18 64411 108960
18 64411 108961
18 64411 108962
18 64411 108963
18 64411 108964
18 64411 108965
18 64411 108966
18 64411 108967
18 64411 108968
18 64411 108969
18 64411 108970
18 64411 108971
18 64411 108972
18 64411 108973
18 64411 108974
18 64411 108975
18 64411 108976
18 64411 108977
18 64411 108978
18 64411 108979
18 64411 108980
18 64411 108981
18 64411 108982
18 64411 108983
18 64411 108984
18 64411 108985
18 64411 108986
18 64411 108987
18 64411 108988
18 64411 108989
18 64411 108990
18 64411 108991
18 64411 108992
18 64411 108993
18 64411 108994
18 64411 108995
18 64411 108996
18 64411 108997
18 64411 108998
18 64411 108999
18 64411 109000
18 64411 109001
18 64411 109002
18 64411 109003
18 64411 109004
18 64411 109005
18 64411 109006
18 64411 109007
18 64411 109008
18 64411 109009
18 64411 109010
18 64411 109011
18 64411 109012
18 64411 109013
18 64411 109014
18 64411 109015
18 64411 109016
18 64411 109017
18 64411 109018
18 64411 109019
18 64411 109020
18 64411 109021
18 64411 109022
18 64411 109023
18 64411 109024
18 64411 109025
18 64411 109026
18 64848 108409
18 64942 108428
18 64952 108314
18 65040 108307
18 65280 108223
18 65467 108136
18 65500 108549
18 65631 108480
18 65657 107899
3 1 3
3 2 3
4 3 6
4 3 6
4 4 6
4 4 6
5 7 13
5 7 13
5 8 13
5 8 13
