12 1121 1689
12 1121 1689
12 1123 1687
12 1123 1687
12 1123 1688
12 1123 1688
13 2243 3378
13 2243 3378
13 2243 3379
13 2243 3379
13 2246 3374
13 2246 3374
13 2246 3375
13 2246 3375
13 2246 3376
13 2246 3376
13 2246 3377
13 2246 3377
14 4486 6748
14 4486 6752
14 4486 6753
14 4486 6754
14 4486 6755
14 4486 6756
14 4486 6757
14 4486 6758
14 4486 6759
14 4491 6749
14 4491 6750
14 4491 6751
15 8973 13497
15 8973 13498
15 8973 13503
15 8973 13504
15 8973 13505
15 8973 13506
15 8973 13507
15 8973 13508
15 8973 13509
15 8973 13510
15 8973 13511
15 8973 13512
15 8973 13513
15 8973 13514
15 8973 13515
15 8973 13516
15 8973 13517
15 8973 13518
15 8973 13519
15 8974 13508
15 8981 13499
15 8981 13500
15 8981 13501
15 8982 13502
16 17946 26994
16 17946 26995
16 17946 26996
16 17946 26997
16 17946 27001
16 17946 27002
16 17946 27003
16 17946 27004
16 17946 27005
16 17946 27006
16 17946 27007
16 17946 27008
16 17946 27009
16 17946 27010
16 17946 27011
16 17946 27012
16 17946 27013
16 17946 27014
16 17946 27015
16 17946 27016
16 17946 27017
16 17946 27018
16 17946 27019
16 17946 27020
16 17946 27021
16 17946 27022
16 17946 27023
16 17946 27024
16 17946 27025
16 17946 27026
16 17946 27027
16 17946 27028
16 17946 27029
16 17946 27030
16 17946 27031
16 17946 27032
16 17946 27033
16 17946 27034
16 17946 27035
16 17946 27036
16 17946 27037
16 17946 27038
16 17946 27039
16 17948 27016
16 17961 26998
16 17961 26999
16 17962 27000
17 35892 53989
18 71784 107979
3 2 3
4 4 6
4 4 6
5 8 13
5 8 13
6 17 26
6 17 26
7 35 52
7 35 52
8 70 105
8 70 105
