12 1214 1532
12 1214 1532
12 1215 1532
12 1215 1532
13 2429 3065
13 2429 3065
13 2430 3065
13 2430 3065
14 4858 6131
15 9717 12262
15 9717 12263
15 9717 12264
16 19434 24524
16 19434 24525
16 19434 24526
16 19434 24527
16 19434 24528
16 19434 24529
16 19434 24539
17 38868 49048
17 38868 49049
17 38868 49050
17 38868 49051
17 38868 49052
17 38868 49053
17 38868 49054
17 38868 49055
17 38868 49056
17 38868 49057
17 38868 49058
17 38868 49059
17 38868 49060
17 38868 49061
17 38868 49062
17 38868 49063
17 38868 49064
17 38868 49065
17 38868 49066
17 38868 49067
17 38868 49068
17 38868 49069
17 38868 49070
17 38868 49071
17 38868 49072
17 38868 49073
17 38868 49074
17 38868 49075
17 38868 49076
17 38868 49077
17 38868 49078
17 38868 49079
18 77737 98096
3 2 2
4 4 5
4 4 5
5 9 11
5 9 11
6 18 23
6 18 23
7 37 47
7 37 47
8 75 95
8 75 95
