13 2061 3369
13 2061 3370
13 2061 3371
13 2061 3372
13 2061 3373
13 2061 3374
13 2061 3375
13 2061 3376
13 2062 3369
13 2062 3370
13 2062 3371
13 2063 3369
13 2063 3370
13 2063 3371
13 2064 3369
13 2064 3370
13 2064 3371
13 2065 3369
13 2065 3370
13 2065 3371
13 2065 3376
13 2066 3369
13 2066 3370
13 2066 3371
13 2066 3376
13 2067 3369
13 2067 3370
13 2067 3376
13 2068 3369
13 2068 3370
13 2068 3376
13 2069 3369
13 2069 3370
13 2069 3376
13 2070 3369
13 2070 3370
13 2070 3376
13 2071 3369
13 2071 3370
13 2071 3375
13 2071 3376
13 2072 3369
13 2072 3370
13 2072 3375
13 2072 3376
13 2073 3369
13 2073 3375
13 2073 3376
13 2074 3369
13 2074 3375
13 2074 3376
13 2075 3369
13 2075 3375
13 2075 3376
13 2076 3369
13 2076 3370
13 2076 3375
13 2076 3376
