10 284 435
11 568 871
12 1136 1743
12 1136 1743
13 2272 3487
13 2272 3487
14 4544 6975
14 4545 6975
15 9084 13951
15 9084 13956
15 9084 13957
15 9089 13951
15 9090 13951
15 9091 13952
16 18168 27902
16 18168 27903
16 18168 27904
16 18168 27905
16 18168 27906
16 18168 27907
16 18168 27908
16 18168 27912
16 18168 27913
16 18168 27914
16 18169 27912
16 18178 27903
16 18179 27904
16 18180 27903
16 18180 27904
16 18181 27903
16 18181 27904
16 18182 27911
16 18183 27909
16 18183 27910
17 36336 55805
17 36336 55806
17 36336 55807
17 36336 55808
17 36336 55809
17 36336 55810
17 36336 55811
17 36336 55812
17 36336 55813
17 36336 55814
17 36336 55815
17 36336 55816
17 36336 55817
17 36336 55818
17 36336 55819
17 36336 55820
17 36336 55821
17 36336 55822
17 36336 55823
17 36336 55824
17 36336 55825
17 36336 55826
17 36336 55827
17 36336 55828
17 36336 55829
17 36337 55811
17 36337 55815
17 36337 55816
17 36337 55817
17 36337 55822
17 36337 55824
17 36337 55826
17 36338 55810
17 36338 55812
17 36338 55816
17 36338 55818
17 36338 55819
17 36338 55820
17 36338 55821
17 36338 55822
17 36338 55824
17 36339 55814
17 36339 55816
17 36339 55817
17 36339 55819
17 36339 55821
17 36339 55824
17 36340 55814
17 36340 55816
17 36340 55817
17 36340 55818
17 36340 55819
17 36340 55820
17 36341 55810
17 36341 55813
17 36341 55814
17 36341 55816
17 36341 55817
17 36341 55820
17 36341 55821
17 36342 55814
17 36342 55816
17 36343 55813
17 36344 55813
17 36344 55814
17 36344 55817
17 36345 55811
17 36345 55814
17 36345 55817
17 36345 55818
17 36346 55815
17 36346 55818
17 36347 55811
17 36347 55817
17 36349 55810
17 36349 55811
17 36349 55816
17 36350 55814
17 36351 55811
17 36352 55811
17 36352 55820
17 36353 55819
17 36354 55811
17 36354 55816
17 36354 55817
17 36354 55819
17 36354 55826
17 36355 55819
17 36355 55820
17 36355 55821
17 36355 55823
17 36356 55807
17 36356 55810
17 36356 55822
17 36356 55829
17 36357 55807
17 36357 55817
17 36357 55819
17 36357 55822
17 36357 55823
17 36358 55819
17 36358 55820
17 36358 55822
17 36358 55825
17 36359 55809
17 36359 55814
17 36359 55817
17 36359 55819
17 36359 55821
17 36360 55810
17 36360 55814
17 36360 55818
17 36360 55819
17 36360 55820
17 36360 55821
17 36361 55806
17 36361 55809
17 36361 55811
17 36361 55816
17 36361 55817
17 36361 55820
17 36362 55807
17 36362 55809
17 36362 55815
18 72672 111611
18 72672 111612
18 72672 111613
18 72672 111614
18 72672 111615
18 72672 111616
18 72672 111617
18 72672 111618
18 72672 111619
18 72672 111620
18 72672 111621
18 72672 111622
18 72672 111623
18 72672 111624
18 72672 111625
18 72672 111626
18 72672 111627
18 72672 111628
18 72672 111629
18 72672 111630
18 72672 111631
18 72672 111632
18 72672 111633
18 72672 111634
18 72672 111635
18 72672 111636
18 72672 111637
18 72672 111638
18 72672 111639
18 72672 111640
18 72672 111641
18 72672 111642
18 72672 111643
18 72672 111644
18 72672 111645
18 72672 111646
18 72672 111647
18 72672 111648
18 72672 111649
18 72672 111650
18 72672 111651
18 72672 111652
18 72672 111653
18 72672 111654
18 72672 111655
18 72672 111656
18 72672 111657
18 72672 111658
18 72675 111622
18 72677 111620
18 72677 111644
18 72680 111640
18 72680 111641
18 72681 111629
18 72681 111640
18 72682 111634
18 72682 111635
18 72682 111641
18 72682 111642
18 72690 111623
18 72693 111636
18 72701 111629
18 72702 111623
18 72709 111623
18 72712 111621
18 72712 111658
18 72714 111647
18 72715 111647
18 72717 111651
18 72718 111619
18 72718 111628
18 72724 111618
3 2 3
4 4 6
4 4 6
5 8 13
5 8 13
6 17 27
6 17 27
7 35 54
7 35 54
8 70 108
8 70 108
8 70 109
8 70 109
8 71 108
8 71 108
8 71 109
8 71 109
9 142 217
9 142 217
