13 2363 3187
13 2363 3188
13 2363 3193
13 2363 3194
13 2363 3195
13 2363 3196
13 2363 3197
13 2363 3198
13 2363 3199
13 2363 3200
13 2363 3201
13 2363 3202
13 2363 3203
13 2363 3204
13 2363 3205
13 2364 3187
13 2364 3188
13 2364 3197
13 2364 3198
13 2364 3199
13 2364 3200
13 2364 3201
13 2364 3202
13 2364 3203
13 2364 3204
13 2364 3205
13 2365 3187
13 2365 3188
13 2365 3201
13 2365 3202
13 2365 3203
13 2365 3204
13 2365 3205
13 2366 3187
13 2366 3204
13 2366 3205
13 2367 3187
13 2368 3187
13 2369 3187
13 2369 3193
13 2370 3193
13 2370 3194
13 2370 3195
13 2370 3205
13 2371 3187
13 2371 3188
13 2371 3189
13 2371 3190
13 2371 3193
13 2371 3194
13 2371 3205
13 2372 3187
13 2372 3188
13 2372 3189
13 2372 3190
13 2372 3191
13 2372 3192
13 2372 3193
13 2372 3194
13 2372 3205
13 2373 3187
13 2373 3188
13 2373 3189
13 2373 3190
13 2373 3191
13 2373 3192
13 2373 3193
13 2373 3194
13 2373 3195
13 2373 3196
13 2373 3197
13 2373 3205
13 2374 3187
13 2374 3188
13 2374 3189
13 2374 3190
13 2374 3191
13 2374 3192
13 2374 3193
13 2374 3194
13 2374 3195
13 2374 3196
13 2374 3197
13 2374 3198
13 2374 3199
13 2374 3200
13 2374 3204
13 2374 3205
