10 294 394
11 588 789
12 1172 1582
12 1172 1582
12 1172 1583
12 1172 1583
12 1172 1584
12 1172 1584
12 1172 1585
12 1172 1585
12 1172 1586
12 1172 1586
12 1173 1583
12 1173 1583
12 1173 1584
12 1173 1584
12 1173 1585
12 1173 1585
12 1173 1586
12 1173 1586
12 1174 1584
12 1174 1584
12 1174 1585
12 1174 1585
12 1174 1586
12 1174 1586
12 1175 1579
12 1175 1579
12 1175 1585
12 1175 1585
12 1175 1586
12 1175 1586
12 1176 1579
12 1176 1579
12 1176 1580
12 1176 1580
12 1176 1586
12 1176 1586
12 1177 1579
12 1177 1579
12 1177 1580
12 1177 1580
12 1177 1581
12 1177 1581
12 1178 1579
12 1178 1579
12 1178 1580
12 1178 1580
12 1178 1581
12 1178 1581
12 1178 1582
12 1178 1582
12 1178 1583
12 1178 1583
12 1178 1586
12 1178 1586
13 2344 3158
13 2344 3158
13 2344 3159
13 2344 3159
13 2344 3162
13 2344 3162
13 2344 3163
13 2344 3163
13 2344 3164
13 2344 3164
13 2344 3165
13 2344 3165
13 2344 3166
13 2344 3166
13 2344 3167
13 2344 3167
13 2344 3168
13 2344 3168
13 2344 3169
13 2344 3169
13 2344 3170
13 2344 3170
13 2344 3171
13 2344 3171
13 2344 3172
13 2344 3172
13 2345 3158
13 2345 3158
13 2345 3163
13 2345 3163
13 2345 3164
13 2345 3164
13 2345 3165
13 2345 3165
13 2345 3166
13 2345 3166
13 2345 3167
13 2345 3167
13 2345 3168
13 2345 3168
13 2345 3169
13 2345 3169
13 2345 3170
13 2345 3170
13 2345 3171
13 2345 3171
13 2345 3172
13 2345 3172
13 2346 3164
13 2346 3164
13 2346 3165
13 2346 3165
13 2346 3166
13 2346 3166
13 2346 3167
13 2346 3167
13 2346 3168
13 2346 3168
13 2346 3169
13 2346 3169
13 2346 3170
13 2346 3170
13 2346 3171
13 2346 3171
13 2346 3172
13 2346 3172
13 2347 3165
13 2347 3165
13 2347 3166
13 2347 3166
13 2347 3167
13 2347 3167
13 2347 3168
13 2347 3168
13 2347 3169
13 2347 3169
13 2347 3170
13 2347 3170
13 2347 3171
13 2347 3171
13 2347 3172
13 2347 3172
13 2348 3158
13 2348 3158
13 2348 3167
13 2348 3167
13 2348 3168
13 2348 3168
13 2348 3169
13 2348 3169
13 2348 3170
13 2348 3170
13 2348 3171
13 2348 3171
13 2348 3172
13 2348 3172
13 2349 3158
13 2349 3158
13 2349 3159
13 2349 3159
13 2349 3168
13 2349 3168
13 2349 3169
13 2349 3169
13 2349 3170
13 2349 3170
13 2349 3171
13 2349 3171
13 2349 3172
13 2349 3172
13 2350 3158
13 2350 3158
13 2350 3159
13 2350 3159
13 2350 3160
13 2350 3160
13 2350 3169
13 2350 3169
13 2350 3170
13 2350 3170
13 2350 3171
13 2350 3171
13 2350 3172
13 2350 3172
13 2351 3158
13 2351 3158
13 2351 3159
13 2351 3159
13 2351 3160
13 2351 3160
13 2351 3161
13 2351 3161
13 2351 3170
13 2351 3170
13 2351 3171
13 2351 3171
13 2351 3172
13 2351 3172
13 2352 3158
13 2352 3158
13 2352 3159
13 2352 3159
13 2352 3160
13 2352 3160
13 2352 3161
13 2352 3161
13 2352 3162
13 2352 3162
13 2352 3171
13 2352 3171
13 2352 3172
13 2352 3172
13 2353 3158
13 2353 3158
13 2353 3159
13 2353 3159
13 2353 3160
13 2353 3160
13 2353 3161
13 2353 3161
13 2353 3162
13 2353 3162
13 2353 3163
13 2353 3163
13 2353 3172
13 2353 3172
13 2354 3158
13 2354 3158
13 2354 3159
13 2354 3159
13 2354 3160
13 2354 3160
13 2354 3161
13 2354 3161
13 2354 3162
13 2354 3162
13 2354 3163
13 2354 3163
13 2354 3164
13 2354 3164
13 2355 3158
13 2355 3158
13 2355 3159
13 2355 3159
13 2355 3160
13 2355 3160
13 2355 3161
13 2355 3161
13 2355 3162
13 2355 3162
13 2355 3163
13 2355 3163
13 2355 3164
13 2355 3164
13 2355 3165
13 2355 3165
13 2355 3166
13 2355 3166
13 2355 3172
13 2355 3172
13 2356 3158
13 2356 3158
13 2356 3159
13 2356 3159
13 2356 3160
13 2356 3160
13 2356 3161
13 2356 3161
13 2356 3162
13 2356 3162
13 2356 3163
13 2356 3163
13 2356 3164
13 2356 3164
13 2356 3165
13 2356 3165
13 2356 3166
13 2356 3166
13 2356 3167
13 2356 3167
13 2356 3171
13 2356 3171
13 2356 3172
13 2356 3172
13 2357 3158
13 2357 3158
13 2357 3159
13 2357 3159
13 2357 3160
13 2357 3160
13 2357 3161
13 2357 3161
13 2357 3162
13 2357 3162
13 2357 3163
13 2357 3163
13 2357 3164
13 2357 3164
13 2357 3165
13 2357 3165
13 2357 3166
13 2357 3166
13 2357 3167
13 2357 3167
13 2357 3168
13 2357 3168
13 2357 3170
13 2357 3170
13 2357 3171
13 2357 3171
13 2357 3172
13 2357 3172
14 4688 6316
14 4688 6317
14 4688 6318
14 4688 6319
14 4688 6320
14 4688 6322
14 4688 6323
14 4688 6324
14 4688 6325
14 4688 6326
14 4688 6327
14 4688 6328
14 4688 6329
14 4688 6330
14 4688 6331
14 4688 6332
14 4688 6333
14 4688 6334
14 4688 6335
14 4688 6336
14 4688 6337
14 4688 6338
14 4688 6339
14 4688 6340
14 4688 6341
14 4688 6342
14 4688 6343
14 4688 6344
14 4689 6318
14 4700 6321
14 4707 6317
15 9376 12632
15 9376 12633
15 9376 12634
15 9376 12635
15 9376 12636
15 9376 12637
15 9376 12638
15 9376 12639
15 9376 12640
15 9376 12641
15 9376 12642
15 9376 12643
15 9376 12644
15 9376 12645
15 9376 12646
15 9376 12647
15 9376 12648
15 9376 12649
15 9376 12650
15 9376 12651
15 9376 12652
15 9376 12653
15 9376 12654
15 9376 12655
15 9376 12656
15 9376 12657
15 9376 12658
15 9376 12659
15 9376 12660
15 9376 12661
15 9376 12662
15 9376 12663
15 9376 12664
15 9376 12665
15 9376 12666
15 9376 12667
15 9376 12668
15 9376 12669
15 9376 12670
15 9376 12671
15 9376 12672
15 9376 12673
15 9376 12674
15 9376 12675
15 9376 12676
15 9376 12677
15 9376 12678
15 9376 12679
15 9376 12680
15 9376 12681
15 9376 12682
15 9376 12683
15 9376 12684
15 9376 12685
15 9376 12686
15 9376 12687
15 9376 12688
15 9376 12689
15 9379 12636
15 9394 12665
15 9415 12634
16 18753 25264
16 18753 25265
16 18753 25266
16 18753 25267
16 18753 25268
16 18753 25269
16 18753 25270
16 18753 25271
16 18753 25272
16 18753 25273
16 18753 25274
16 18753 25275
16 18753 25276
16 18753 25277
16 18753 25278
16 18753 25279
16 18753 25280
16 18753 25281
16 18753 25282
16 18753 25283
16 18753 25284
16 18753 25285
16 18753 25286
16 18753 25287
16 18753 25288
16 18753 25289
16 18753 25290
16 18753 25291
16 18753 25292
16 18753 25293
16 18753 25294
16 18753 25295
16 18753 25296
16 18753 25297
16 18753 25298
16 18753 25299
16 18753 25300
16 18753 25301
16 18753 25302
16 18753 25303
16 18753 25304
16 18753 25305
16 18753 25306
16 18753 25307
16 18753 25308
16 18753 25309
16 18753 25310
16 18753 25311
16 18753 25312
16 18753 25313
16 18753 25314
16 18753 25315
16 18753 25316
16 18753 25317
16 18753 25318
16 18753 25319
16 18753 25320
16 18753 25321
16 18753 25322
16 18753 25323
16 18753 25324
16 18753 25325
16 18753 25326
16 18753 25327
16 18753 25328
16 18753 25329
16 18753 25330
16 18753 25331
16 18753 25332
16 18753 25333
16 18753 25334
16 18753 25335
16 18753 25336
16 18753 25337
16 18753 25338
16 18753 25339
16 18753 25340
16 18753 25341
16 18753 25342
16 18753 25343
16 18753 25344
16 18753 25345
16 18753 25346
16 18753 25347
16 18753 25348
16 18753 25349
16 18753 25350
16 18753 25351
16 18753 25352
16 18753 25353
16 18753 25354
16 18753 25355
16 18753 25356
16 18753 25357
16 18753 25358
16 18753 25359
16 18753 25360
16 18753 25361
16 18753 25362
16 18753 25363
16 18753 25364
16 18753 25365
16 18753 25366
16 18753 25367
16 18753 25368
16 18753 25369
16 18753 25370
16 18753 25371
16 18753 25372
16 18753 25373
16 18753 25374
16 18753 25375
16 18753 25376
16 18753 25377
16 18753 25378
16 18758 25272
16 18788 25331
16 18819 25339
16 18831 25268
16 18833 25340
17 37507 50529
17 37507 50530
17 37507 50531
17 37507 50532
17 37507 50533
17 37507 50534
17 37507 50535
17 37507 50536
17 37507 50537
17 37507 50538
17 37507 50539
17 37507 50540
17 37507 50541
17 37507 50542
17 37507 50543
17 37507 50544
17 37507 50545
17 37507 50546
17 37507 50547
17 37507 50548
17 37507 50549
17 37507 50550
17 37507 50551
17 37507 50552
17 37507 50553
17 37507 50554
17 37507 50555
17 37507 50556
17 37507 50557
17 37507 50558
17 37507 50559
17 37507 50560
17 37507 50561
17 37507 50562
17 37507 50563
17 37507 50564
17 37507 50565
17 37507 50566
17 37507 50567
17 37507 50568
17 37507 50569
17 37507 50570
17 37507 50571
17 37507 50572
17 37507 50573
17 37507 50574
17 37507 50575
17 37507 50576
17 37507 50577
17 37507 50578
17 37507 50579
17 37507 50580
17 37507 50581
17 37507 50582
17 37507 50583
17 37507 50584
17 37507 50585
17 37507 50586
17 37507 50587
17 37507 50588
17 37507 50589
17 37507 50590
17 37507 50591
17 37507 50592
17 37507 50593
17 37507 50594
17 37507 50595
17 37507 50596
17 37507 50597
17 37507 50598
17 37507 50599
17 37507 50600
17 37507 50601
17 37507 50602
17 37507 50603
17 37507 50604
17 37507 50605
17 37507 50606
17 37507 50607
17 37507 50608
17 37507 50609
17 37507 50610
17 37507 50611
17 37507 50612
17 37507 50613
17 37507 50614
17 37507 50615
17 37507 50616
17 37507 50617
17 37507 50618
17 37507 50619
17 37507 50620
17 37507 50621
17 37507 50622
17 37507 50623
17 37507 50624
17 37507 50625
17 37507 50626
17 37507 50627
17 37507 50628
17 37507 50629
17 37507 50630
17 37507 50631
17 37507 50632
17 37507 50633
17 37507 50634
17 37507 50635
17 37507 50636
17 37507 50637
17 37507 50638
17 37507 50639
17 37507 50640
17 37507 50641
17 37507 50642
17 37507 50643
17 37507 50644
17 37507 50645
17 37507 50646
17 37507 50647
17 37507 50648
17 37507 50649
17 37507 50650
17 37507 50651
17 37507 50652
17 37507 50653
17 37507 50654
17 37507 50655
17 37507 50656
17 37507 50657
17 37507 50658
17 37507 50659
17 37507 50660
17 37507 50661
17 37507 50662
17 37507 50663
17 37507 50664
17 37507 50665
17 37507 50666
17 37507 50667
17 37507 50668
17 37507 50669
17 37507 50670
17 37507 50671
17 37507 50672
17 37507 50673
17 37507 50674
17 37507 50675
17 37507 50676
17 37507 50677
17 37507 50678
17 37507 50679
17 37507 50680
17 37507 50681
17 37507 50682
17 37507 50683
17 37507 50684
17 37507 50685
17 37507 50686
17 37507 50687
17 37507 50688
17 37507 50689
17 37507 50690
17 37507 50691
17 37507 50692
17 37507 50693
17 37507 50694
17 37507 50695
17 37507 50696
17 37507 50697
17 37507 50698
17 37507 50699
17 37507 50700
17 37507 50701
17 37507 50702
17 37507 50703
17 37507 50704
17 37507 50705
17 37507 50706
17 37507 50707
17 37507 50708
17 37507 50709
17 37507 50710
17 37507 50711
17 37507 50712
17 37507 50713
17 37507 50714
17 37507 50715
17 37507 50716
17 37507 50717
17 37507 50718
17 37507 50719
17 37507 50720
17 37507 50721
17 37507 50722
17 37507 50723
17 37507 50724
17 37507 50725
17 37507 50726
17 37507 50727
17 37507 50728
17 37507 50729
17 37507 50730
17 37507 50731
17 37507 50732
17 37507 50733
17 37507 50734
17 37507 50735
17 37507 50736
17 37507 50737
17 37507 50738
17 37507 50739
17 37507 50740
17 37507 50741
17 37507 50742
17 37507 50743
17 37507 50744
17 37507 50745
17 37507 50746
17 37507 50747
17 37507 50748
17 37507 50749
17 37507 50750
17 37507 50751
17 37507 50752
17 37507 50753
17 37507 50754
17 37507 50755
17 37507 50756
17 37517 50544
17 37577 50663
17 37638 50678
17 37662 50537
18 75014 101058
18 75014 101059
18 75014 101060
18 75014 101061
18 75014 101062
18 75014 101063
18 75014 101064
18 75014 101065
18 75014 101066
18 75014 101067
18 75014 101068
18 75014 101069
18 75014 101070
18 75014 101071
18 75014 101072
18 75014 101073
18 75014 101074
18 75014 101075
18 75014 101076
18 75014 101077
18 75014 101078
18 75014 101079
18 75014 101080
18 75014 101081
18 75014 101082
18 75014 101083
18 75014 101084
18 75014 101085
18 75014 101086
18 75014 101087
18 75014 101088
18 75014 101089
18 75014 101090
18 75014 101091
18 75014 101092
18 75014 101093
18 75014 101094
18 75014 101095
18 75014 101096
18 75014 101097
18 75014 101098
18 75014 101099
18 75014 101100
18 75014 101101
18 75014 101102
18 75014 101103
18 75014 101104
18 75014 101105
18 75014 101106
18 75014 101107
18 75014 101108
18 75014 101109
18 75014 101110
18 75014 101111
18 75014 101112
18 75014 101113
18 75014 101114
18 75014 101115
18 75014 101116
18 75014 101117
18 75014 101118
18 75014 101119
18 75014 101120
18 75014 101121
18 75014 101122
18 75014 101123
18 75014 101124
18 75014 101125
18 75014 101126
18 75014 101127
18 75014 101128
18 75014 101129
18 75014 101130
18 75014 101131
18 75014 101132
18 75014 101133
18 75014 101134
18 75014 101135
18 75014 101136
18 75014 101137
18 75014 101138
18 75014 101139
18 75014 101140
18 75014 101141
18 75014 101142
18 75014 101143
18 75014 101144
18 75014 101145
18 75014 101146
18 75014 101147
18 75014 101148
18 75014 101149
18 75014 101150
18 75014 101151
18 75014 101152
18 75014 101153
18 75014 101154
18 75014 101155
18 75014 101156
18 75014 101157
18 75014 101158
18 75014 101159
18 75014 101160
18 75014 101161
18 75014 101162
18 75014 101163
18 75014 101164
18 75014 101165
18 75014 101166
18 75014 101167
18 75014 101168
18 75014 101169
18 75014 101170
18 75014 101171
18 75014 101172
18 75014 101173
18 75014 101174
18 75014 101175
18 75014 101176
18 75014 101177
18 75014 101178
18 75014 101179
18 75014 101180
18 75014 101181
18 75014 101182
18 75014 101183
18 75014 101184
18 75014 101185
18 75014 101186
18 75014 101187
18 75014 101188
18 75014 101189
18 75014 101190
18 75014 101191
18 75014 101192
18 75014 101193
18 75014 101194
18 75014 101195
18 75014 101196
18 75014 101197
18 75014 101198
18 75014 101199
18 75014 101200
18 75014 101201
18 75014 101202
18 75014 101203
18 75014 101204
18 75014 101205
18 75014 101206
18 75014 101207
18 75014 101208
18 75014 101209
18 75014 101210
18 75014 101211
18 75014 101212
18 75014 101213
18 75014 101214
18 75014 101215
18 75014 101216
18 75014 101217
18 75014 101218
18 75014 101219
18 75014 101220
18 75014 101221
18 75014 101222
18 75014 101223
18 75014 101224
18 75014 101225
18 75014 101226
18 75014 101227
18 75014 101228
18 75014 101229
18 75014 101230
18 75014 101231
18 75014 101232
18 75014 101233
18 75014 101234
18 75014 101235
18 75014 101236
18 75014 101237
18 75014 101238
18 75014 101239
18 75014 101240
18 75014 101241
18 75014 101242
18 75014 101243
18 75014 101244
18 75014 101245
18 75014 101246
18 75014 101247
18 75014 101248
18 75014 101249
18 75014 101250
18 75014 101251
18 75014 101252
18 75014 101253
18 75014 101254
18 75014 101255
18 75014 101256
18 75014 101257
18 75014 101258
18 75014 101259
18 75014 101260
18 75014 101261
18 75014 101262
18 75014 101263
18 75014 101264
18 75014 101265
18 75014 101266
18 75014 101267
18 75014 101268
18 75014 101269
18 75014 101270
18 75014 101271
18 75014 101272
18 75014 101273
18 75014 101274
18 75014 101275
18 75014 101276
18 75014 101277
18 75014 101278
18 75014 101279
18 75014 101280
18 75014 101281
18 75014 101282
18 75014 101283
18 75014 101284
18 75014 101285
18 75014 101286
18 75014 101287
18 75014 101288
18 75014 101289
18 75014 101290
18 75014 101291
18 75014 101292
18 75014 101293
18 75014 101294
18 75014 101295
18 75014 101296
18 75014 101297
18 75014 101298
18 75014 101299
18 75014 101300
18 75014 101301
18 75014 101302
18 75014 101303
18 75014 101304
18 75014 101305
18 75014 101306
18 75014 101307
18 75014 101308
18 75014 101309
18 75014 101310
18 75014 101311
18 75014 101312
18 75014 101313
18 75014 101314
18 75014 101315
18 75014 101316
18 75014 101317
18 75014 101318
18 75014 101319
18 75014 101320
18 75014 101321
18 75014 101322
18 75014 101323
18 75014 101324
18 75014 101325
18 75014 101326
18 75014 101327
18 75014 101328
18 75014 101329
18 75014 101330
18 75014 101331
18 75014 101332
18 75014 101333
18 75014 101334
18 75014 101335
18 75014 101336
18 75014 101337
18 75014 101338
18 75014 101339
18 75014 101340
18 75014 101341
18 75014 101342
18 75014 101343
18 75014 101344
18 75014 101345
18 75014 101346
18 75014 101347
18 75014 101348
18 75014 101349
18 75014 101350
18 75014 101351
18 75014 101352
18 75014 101353
18 75014 101354
18 75014 101355
18 75014 101356
18 75014 101357
18 75014 101358
18 75014 101359
18 75014 101360
18 75014 101361
18 75014 101362
18 75014 101363
18 75014 101364
18 75014 101365
18 75014 101366
18 75014 101367
18 75014 101368
18 75014 101369
18 75014 101370
18 75014 101371
18 75014 101372
18 75014 101373
18 75014 101374
18 75014 101375
18 75014 101376
18 75014 101377
18 75014 101378
18 75014 101379
18 75014 101380
18 75014 101381
18 75014 101382
18 75014 101383
18 75014 101384
18 75014 101385
18 75014 101386
18 75014 101387
18 75014 101388
18 75014 101389
18 75014 101390
18 75014 101391
18 75014 101392
18 75014 101393
18 75014 101394
18 75014 101395
18 75014 101396
18 75014 101397
18 75014 101398
18 75014 101399
18 75014 101400
18 75014 101401
18 75014 101402
18 75014 101403
18 75014 101404
18 75014 101405
18 75014 101406
18 75014 101407
18 75014 101408
18 75014 101409
18 75014 101410
18 75014 101411
18 75014 101412
18 75014 101413
18 75014 101414
18 75014 101415
18 75014 101416
18 75014 101417
18 75014 101418
18 75014 101419
18 75014 101420
18 75014 101421
18 75014 101422
18 75014 101423
18 75014 101424
18 75014 101425
18 75014 101426
18 75014 101427
18 75014 101428
18 75014 101429
18 75014 101430
18 75014 101431
18 75014 101432
18 75014 101433
18 75014 101434
18 75014 101435
18 75014 101436
18 75014 101437
18 75014 101438
18 75014 101439
18 75014 101440
18 75014 101441
18 75014 101442
18 75014 101443
18 75014 101444
18 75014 101445
18 75014 101446
18 75014 101447
18 75014 101448
18 75014 101449
18 75014 101450
18 75014 101451
18 75014 101452
18 75014 101453
18 75014 101454
18 75014 101455
18 75014 101456
18 75014 101457
18 75014 101458
18 75014 101459
18 75014 101460
18 75014 101461
18 75014 101462
18 75014 101463
18 75014 101464
18 75014 101465
18 75014 101466
18 75014 101467
18 75014 101468
18 75014 101469
18 75014 101470
18 75014 101471
18 75014 101472
18 75014 101473
18 75014 101474
18 75014 101475
18 75014 101476
18 75014 101477
18 75014 101478
18 75014 101479
18 75014 101480
18 75014 101481
18 75014 101482
18 75014 101483
18 75014 101484
18 75014 101485
18 75014 101486
18 75014 101487
18 75014 101488
18 75014 101489
18 75014 101490
18 75014 101491
18 75014 101492
18 75014 101493
18 75014 101494
18 75014 101495
18 75014 101496
18 75014 101497
18 75014 101498
18 75014 101499
18 75014 101500
18 75014 101501
18 75014 101502
18 75014 101503
18 75014 101504
18 75014 101505
18 75014 101506
18 75014 101507
18 75014 101508
18 75014 101509
18 75014 101510
18 75014 101511
18 75014 101512
18 75014 101513
18 75035 101088
18 75155 101326
18 75277 101357
18 75325 101075
3 2 3
12 1172 1582
12 1172 1583
12 1172 1584
12 1172 1585
12 1172 1586
12 1173 1583
12 1173 1584
12 1173 1585
12 1173 1586
12 1174 1584
12 1174 1585
12 1174 1586
12 1175 1579
12 1175 1585
12 1175 1586
12 1176 1579
12 1176 1580
12 1176 1586
12 1177 1579
12 1177 1580
12 1177 1581
12 1178 1579
12 1178 1580
12 1178 1581
12 1178 1582
12 1178 1583
12 1178 1586
13 2344 3158
4 4 6
4 4 6
5 9 12
5 9 12
6 18 24
6 18 24
7 36 49
7 36 49
14 4688 6317
14 4688 6318
14 4688 6319
14 4688 6320
14 4700 6321
14 4688 6322
14 4688 6323
14 4688 6324
14 4688 6325
14 4688 6326
14 4688 6327
14 4688 6328
14 4688 6329
14 4688 6330
14 4688 6331
14 4688 6332
14 4688 6333
14 4688 6334
14 4688 6335
14 4688 6336
14 4688 6337
14 4688 6338
14 4688 6339
14 4688 6340
14 4688 6341
14 4688 6342
14 4688 6343
14 4688 6344
15 9376 12633
15 9376 12634
15 9376 12635
15 9376 12636
15 9376 12637
15 9376 12638
15 9376 12639
15 9376 12640
15 9376 12641
15 9376 12642
15 9376 12643
15 9376 12644
15 9376 12645
15 9376 12646
15 9376 12647
15 9376 12648
15 9376 12649
15 9376 12650
15 9376 12651
15 9376 12652
15 9376 12653
15 9376 12654
15 9376 12655
15 9376 12656
15 9376 12657
15 9376 12658
15 9376 12659
15 9376 12660
15 9376 12661
15 9376 12662
15 9376 12663
15 9376 12664
15 9376 12665
15 9376 12666
15 9376 12667
15 9376 12668
15 9376 12669
15 9376 12670
15 9376 12671
15 9376 12672
15 9376 12673
15 9376 12674
15 9376 12675
15 9376 12676
15 9376 12677
15 9376 12678
15 9376 12679
15 9376 12680
15 9376 12681
15 9376 12682
15 9376 12683
15 9376 12684
15 9376 12685
15 9376 12686
15 9376 12687
15 9376 12688
15 9376 12689
