12 1181 1593
12 1181 1593
12 1182 1593
12 1182 1593
12 1183 1593
12 1183 1593
12 1184 1593
12 1184 1593
12 1185 1593
12 1185 1593
12 1186 1593
12 1186 1593
13 2362 3186
13 2362 3186
13 2363 3186
13 2363 3186
13 2364 3186
13 2364 3186
13 2365 3186
13 2365 3186
13 2366 3186
13 2366 3186
13 2367 3186
13 2367 3186
13 2368 3186
13 2368 3186
13 2369 3186
13 2369 3186
13 2370 3186
13 2370 3186
13 2371 3186
13 2371 3186
13 2372 3186
13 2372 3186
13 2373 3186
13 2373 3186
14 4724 6372
14 4747 6354
14 4747 6355
14 4747 6356
14 4747 6357
14 4747 6358
14 4747 6359
14 4747 6360
14 4747 6361
14 4747 6362
14 4747 6363
14 4747 6364
14 4747 6365
14 4747 6366
14 4747 6367
14 4747 6368
14 4747 6369
14 4747 6370
14 4747 6371
15 9448 12708
15 9448 12743
15 9448 12744
15 9494 12709
15 9494 12710
15 9494 12711
15 9494 12712
15 9494 12713
15 9494 12714
15 9494 12715
15 9494 12716
15 9494 12717
15 9494 12718
15 9494 12719
15 9494 12720
15 9494 12721
15 9494 12722
15 9494 12723
15 9494 12724
15 9494 12725
15 9494 12726
15 9494 12727
15 9494 12728
15 9494 12729
15 9494 12730
15 9494 12731
15 9494 12732
15 9494 12733
15 9494 12734
15 9494 12735
15 9494 12736
15 9494 12737
15 9494 12738
15 9494 12739
15 9494 12740
15 9494 12741
15 9494 12742
16 18896 25416
16 18896 25417
16 18896 25418
16 18896 25419
16 18896 25420
16 18896 25421
16 18896 25422
16 18896 25423
16 18896 25424
16 18896 25425
16 18896 25426
16 18896 25427
16 18896 25428
16 18896 25429
16 18896 25430
16 18896 25431
16 18896 25432
16 18896 25433
16 18896 25434
16 18896 25435
16 18896 25436
16 18896 25437
16 18896 25438
16 18896 25439
16 18896 25440
16 18896 25441
16 18896 25442
16 18896 25443
16 18896 25444
16 18896 25445
16 18896 25446
16 18896 25447
16 18896 25448
16 18896 25449
16 18896 25450
16 18896 25451
16 18896 25452
16 18896 25453
16 18896 25454
16 18896 25455
16 18896 25456
16 18896 25457
16 18896 25458
16 18896 25459
16 18896 25460
16 18896 25461
16 18896 25462
16 18896 25463
16 18896 25464
16 18896 25465
16 18896 25466
16 18896 25467
16 18896 25468
16 18896 25469
16 18896 25470
16 18896 25471
16 18896 25472
16 18896 25473
16 18896 25474
16 18896 25475
16 18896 25476
16 18896 25477
16 18896 25478
16 18896 25479
16 18896 25480
16 18896 25481
16 18896 25482
16 18896 25483
16 18896 25484
16 18896 25485
16 18896 25486
16 18896 25487
16 18896 25488
16 18937 25443
16 18940 25462
16 18953 25461
17 37792 50832
18 75584 101664
3 2 3
4 4 6
4 4 6
5 9 12
5 9 12
6 18 24
6 18 24
7 36 49
7 36 49
7 37 49
7 37 49
