10 281 413
11 562 827
12 1122 1657
12 1122 1657
12 1124 1655
12 1124 1655
12 1124 1657
12 1124 1657
13 2244 3310
13 2244 3310
13 2244 3311
13 2244 3311
13 2244 3312
13 2244 3312
13 2244 3313
13 2244 3313
13 2244 3314
13 2244 3314
13 2245 3313
13 2245 3313
13 2245 3314
13 2245 3314
13 2246 3310
13 2246 3310
13 2246 3314
13 2246 3314
13 2247 3310
13 2247 3310
13 2247 3311
13 2247 3311
13 2248 3310
13 2248 3310
13 2248 3311
13 2248 3311
13 2248 3312
13 2248 3312
13 2248 3314
13 2248 3314
14 4489 6621
14 4489 6622
14 4489 6623
14 4489 6624
14 4489 6625
14 4489 6626
14 4489 6627
14 4489 6628
15 8979 13243
15 8979 13244
15 8979 13245
15 8979 13246
15 8979 13247
15 8979 13248
15 8979 13249
15 8979 13250
15 8979 13251
15 8979 13252
15 8979 13253
15 8979 13254
15 8979 13255
15 8979 13256
16 17959 26486
16 17959 26487
16 17959 26488
16 17959 26489
16 17959 26490
16 17959 26491
16 17959 26492
16 17959 26493
16 17959 26494
16 17959 26495
16 17959 26496
16 17959 26497
16 17959 26498
16 17959 26499
16 17959 26500
16 17959 26501
16 17959 26502
16 17959 26503
16 17959 26504
16 17959 26505
16 17959 26506
16 17959 26507
16 17959 26508
16 17959 26509
16 17959 26510
16 17959 26511
16 17959 26512
16 17959 26513
17 35919 52973
18 71839 105946
3 2 3
4 4 6
4 4 6
5 8 12
5 8 12
6 17 25
6 17 25
7 35 51
7 35 51
8 70 103
8 70 103
