10 280 438
11 561 877
12 1122 1755
12 1122 1755
12 1122 1756
12 1122 1756
12 1122 1759
12 1122 1759
12 1123 1755
12 1123 1755
12 1124 1755
12 1124 1755
12 1125 1755
12 1125 1755
12 1125 1759
12 1125 1759
12 1126 1759
12 1126 1759
12 1127 1755
12 1127 1755
12 1127 1759
12 1127 1759
13 2244 3510
13 2244 3510
13 2244 3511
13 2244 3511
13 2244 3512
13 2244 3512
13 2244 3513
13 2244 3513
13 2244 3514
13 2244 3514
13 2244 3515
13 2244 3515
13 2244 3516
13 2244 3516
13 2244 3517
13 2244 3517
13 2244 3518
13 2244 3518
13 2244 3519
13 2244 3519
13 2245 3510
13 2245 3510
13 2245 3511
13 2245 3511
13 2245 3512
13 2245 3512
13 2245 3513
13 2245 3513
13 2245 3517
13 2245 3517
13 2245 3518
13 2245 3518
13 2245 3519
13 2245 3519
13 2246 3510
13 2246 3510
13 2246 3511
13 2246 3511
13 2246 3512
13 2246 3512
13 2246 3519
13 2246 3519
13 2247 3510
13 2247 3510
13 2247 3511
13 2247 3511
13 2247 3512
13 2247 3512
13 2247 3519
13 2247 3519
13 2248 3510
13 2248 3510
13 2248 3511
13 2248 3511
13 2248 3512
13 2248 3512
13 2248 3519
13 2248 3519
13 2249 3510
13 2249 3510
13 2249 3511
13 2249 3511
13 2249 3519
13 2249 3519
13 2250 3510
13 2250 3510
13 2250 3511
13 2250 3511
13 2250 3518
13 2250 3518
13 2250 3519
13 2250 3519
13 2251 3510
13 2251 3510
13 2251 3511
13 2251 3511
13 2251 3518
13 2251 3518
13 2251 3519
13 2251 3519
13 2252 3510
13 2252 3510
13 2252 3518
13 2252 3518
13 2252 3519
13 2252 3519
13 2253 3510
13 2253 3510
13 2253 3517
13 2253 3517
13 2253 3518
13 2253 3518
13 2253 3519
13 2253 3519
13 2254 3510
13 2254 3510
13 2254 3511
13 2254 3511
13 2254 3512
13 2254 3512
13 2254 3517
13 2254 3517
13 2254 3518
13 2254 3518
13 2254 3519
13 2254 3519
13 2255 3510
13 2255 3510
13 2255 3511
13 2255 3511
13 2255 3512
13 2255 3512
13 2255 3513
13 2255 3513
13 2255 3514
13 2255 3514
13 2255 3515
13 2255 3515
13 2255 3516
13 2255 3516
13 2255 3517
13 2255 3517
13 2255 3518
13 2255 3518
13 2255 3519
13 2255 3519
14 4489 7021
14 4489 7022
14 4489 7023
14 4489 7024
14 4489 7025
14 4489 7026
14 4489 7027
14 4489 7028
14 4489 7029
14 4489 7030
14 4489 7031
14 4489 7032
14 4489 7033
14 4489 7034
14 4489 7035
14 4489 7036
14 4489 7037
14 4489 7038
14 4490 7024
14 4498 7025
14 4509 7024
14 4509 7026
14 4509 7027
15 8979 14043
15 8979 14044
15 8979 14045
15 8979 14046
15 8979 14047
15 8979 14048
15 8979 14049
15 8979 14050
15 8979 14051
15 8979 14052
15 8979 14053
15 8979 14054
15 8979 14055
15 8979 14056
15 8979 14057
15 8979 14058
15 8979 14059
15 8979 14060
15 8979 14061
15 8979 14062
15 8979 14063
15 8979 14064
15 8979 14065
15 8979 14066
15 8979 14067
15 8979 14068
15 8979 14069
15 8979 14070
15 8979 14071
15 8979 14072
15 8979 14073
15 8979 14074
15 8979 14075
15 8979 14076
15 8979 14077
15 8980 14048
15 8997 14051
15 9018 14053
15 9019 14048
15 9019 14055
16 17958 28086
16 17958 28087
16 17958 28088
16 17958 28089
16 17958 28090
16 17958 28091
16 17958 28092
16 17958 28093
16 17958 28094
16 17958 28095
16 17958 28096
16 17958 28097
16 17958 28098
16 17958 28099
16 17958 28100
16 17958 28101
16 17958 28102
16 17958 28103
16 17958 28104
16 17958 28105
16 17958 28106
16 17958 28107
16 17958 28108
16 17958 28109
16 17958 28110
16 17958 28111
16 17958 28112
16 17958 28113
16 17958 28114
16 17958 28115
16 17958 28116
16 17958 28117
16 17958 28118
16 17958 28119
16 17958 28120
16 17958 28121
16 17958 28122
16 17958 28123
16 17958 28124
16 17958 28125
16 17958 28126
16 17958 28127
16 17958 28128
16 17958 28129
16 17958 28130
16 17958 28131
16 17958 28132
16 17958 28133
16 17958 28134
16 17958 28135
16 17958 28136
16 17958 28137
16 17958 28138
16 17958 28139
16 17958 28140
16 17958 28141
16 17958 28142
16 17958 28143
16 17958 28144
16 17958 28145
16 17958 28146
16 17958 28147
16 17958 28148
16 17958 28149
16 17958 28150
16 17958 28151
16 17958 28152
16 17958 28153
16 17958 28154
16 17958 28155
16 17961 28097
16 17994 28102
16 18037 28106
16 18038 28111
16 18039 28097
17 35917 56172
18 71834 112345
3 2 3
4 4 6
4 4 6
5 8 13
5 8 13
6 17 27
6 17 27
7 35 54
7 35 54
8 70 109
8 70 109
