10 292 397
11 584 795
12 1168 1590
12 1168 1590
12 1168 1591
12 1168 1591
13 2336 3180
13 2336 3180
13 2336 3181
13 2336 3181
13 2336 3182
13 2336 3182
14 4668 6360
15 9337 12720
16 18675 25441
17 37351 50882
18 74703 101765
3 2 3
4 4 6
4 4 6
5 9 12
5 9 12
6 18 24
6 18 24
7 36 49
7 36 49
8 72 99
8 72 99
8 73 99
8 73 99
9 146 198
9 146 198
14 4668 6361
14 4668 6362
14 4668 6363
14 4668 6364
15 9337 12721
15 9337 12722
15 9337 12723
15 9337 12724
15 9337 12725
15 9337 12726
15 9337 12727
15 9337 12728
