11 589 795
12 1172 1608
12 1172 1609
12 1172 1610
12 1173 1608
12 1173 1609
12 1173 1610
12 1174 1594
12 1174 1594
12 1174 1595
12 1174 1595
12 1174 1596
12 1174 1596
12 1174 1608
12 1174 1609
12 1178 1590
12 1178 1590
12 1178 1591
12 1178 1591
12 1178 1592
12 1178 1592
13 2348 3188
13 2348 3188
13 2348 3189
13 2348 3189
13 2348 3190
13 2348 3190
13 2348 3191
13 2348 3191
13 2348 3192
13 2348 3192
13 2349 3188
13 2349 3188
13 2349 3189
13 2349 3189
13 2349 3190
13 2349 3190
13 2349 3191
13 2349 3191
13 2349 3192
13 2349 3192
13 2350 3188
13 2350 3188
13 2350 3189
13 2350 3189
13 2350 3190
13 2350 3190
13 2350 3191
13 2350 3191
13 2350 3192
13 2350 3192
13 2355 3181
13 2355 3181
13 2355 3182
13 2355 3182
13 2355 3183
13 2355 3183
13 2356 3181
13 2356 3181
13 2356 3182
13 2356 3182
13 2356 3183
13 2356 3183
13 2356 3184
13 2356 3184
13 2356 3185
13 2356 3185
13 2357 3181
13 2357 3181
13 2357 3182
13 2357 3182
13 2357 3183
13 2357 3183
13 2357 3184
13 2357 3184
13 2357 3185
13 2357 3185
14 4709 6363
14 4710 6363
15 9394 12726
15 9413 12769
15 9419 12727
16 18788 25452
16 18811 25513
16 18826 25539
16 18839 25454
17 37576 50905
18 75153 101810
3 2 3
4 4 6
4 4 6
5 9 12
5 9 12
6 18 24
6 18 24
7 36 49
7 36 49
14 4709 6364
14 4709 6365
14 4709 6366
14 4709 6367
14 4712 6368
14 4712 6369
14 4712 6370
14 4712 6371
14 4712 6372
14 4715 6373
14 4715 6374
14 4715 6375
14 4697 6376
14 4697 6377
14 4697 6378
14 4697 6379
14 4697 6380
14 4697 6381
14 4697 6382
14 4697 6383
14 4697 6384
15 9394 12727
15 9394 12728
15 9417 12729
15 9394 12730
15 9394 12731
15 9394 12732
15 9394 12733
15 9394 12734
15 9394 12735
15 9394 12736
15 9394 12737
15 9394 12738
15 9394 12739
15 9394 12740
15 9394 12741
15 9394 12742
15 9394 12743
15 9394 12744
15 9394 12745
15 9394 12746
15 9394 12747
15 9394 12748
15 9394 12749
15 9394 12750
15 9394 12751
15 9394 12752
15 9394 12753
15 9394 12754
15 9394 12755
15 9394 12756
15 9394 12757
15 9394 12758
15 9394 12759
15 9394 12760
15 9394 12761
15 9394 12762
15 9394 12763
15 9394 12764
15 9394 12765
15 9394 12766
15 9394 12767
15 9394 12768
15 9394 12769
