12 1272 1482
12 1272 1482
12 1273 1482
12 1273 1482
13 2545 2965
13 2545 2969
13 2545 2969
13 2546 2969
13 2546 2969
14 2623 5718
14 2623 5718
14 2623 5719
14 2623 5719
14 2624 5718
14 2624 5718
14 2624 5719
14 2624 5719
14 5090 5934
14 5090 5934
14 5091 5931
15 10182 11863
16 20365 23727
17 40730 47455
17 40730 47456
17 40730 47457
17 40730 47458
17 40730 47459
17 40730 47460
17 40730 47461
17 40730 47462
17 40730 47463
17 40730 47464
17 40730 47465
17 40730 47466
17 40730 47467
17 40730 47468
17 40730 47469
17 40730 47470
17 40730 47471
17 40730 47472
17 40730 47473
17 40730 47474
17 40730 47475
17 40730 47476
17 40730 47477
17 40730 47478
17 40730 47479
17 40730 47480
17 40730 47481
17 40730 47482
17 40730 47483
17 40730 47484
17 40730 47485
17 40730 47486
17 40730 47487
17 40730 47488
17 40730 47489
18 81461 94910
3 2 2
4 4 5
4 4 5
5 9 11
5 9 11
6 19 23
6 19 23
7 39 46
7 39 46
8 79 92
8 79 92
9 159 185
9 159 185
