11 324 701
11 324 701
11 324 702
11 324 702
11 324 705
11 324 706
11 324 707
11 324 708
11 325 708
11 326 708
11 327 708
11 328 705
11 328 706
11 328 707
11 328 708
11 329 705
11 329 706
11 329 707
11 329 708
12 649 1404
12 649 1404
12 649 1405
12 649 1405
12 650 1404
12 650 1404
12 650 1405
12 650 1405
12 650 1406
12 650 1406
12 650 1407
12 650 1407
12 650 1408
12 650 1408
12 650 1411
12 650 1411
12 650 1412
12 650 1412
12 650 1413
12 650 1414
12 650 1415
12 651 1404
12 651 1404
12 651 1405
12 651 1405
12 651 1406
12 651 1406
12 651 1407
12 651 1407
12 651 1408
12 651 1408
12 651 1415
12 652 1415
12 653 1415
12 654 1415
12 655 1415
13 1302 2814
13 1302 2814
13 1302 2815
13 1302 2815
13 1302 2816
13 1302 2816
13 1302 2818
13 1302 2818
13 1303 2814
13 1303 2814
13 1303 2815
13 1303 2815
13 1303 2816
13 1303 2816
13 1303 2818
13 1303 2818
13 1303 2833
13 1303 2834
13 1303 2835
13 1303 2836
13 1303 2837
13 1304 2831
13 1304 2832
13 1304 2833
13 1304 2834
13 1304 2835
13 1304 2836
13 1304 2837
13 1305 2830
13 1305 2831
13 1305 2832
13 1305 2833
13 1305 2834
13 1305 2835
13 1306 2830
13 1306 2831
13 1306 2832
13 1307 2830
13 1309 2823
13 1309 2824
13 1310 2823
13 1310 2824
14 2604 5632
14 2604 5632
14 2604 5633
14 2604 5633
14 2604 5634
14 2604 5634
14 2604 5635
14 2604 5635
14 2604 5636
14 2604 5636
14 2605 5632
14 2605 5632
14 2605 5633
14 2605 5633
14 2605 5634
14 2605 5634
14 2605 5635
14 2605 5635
14 2605 5636
14 2605 5636
14 2605 5637
14 2605 5638
14 2605 5659
14 2611 5659
14 2611 5660
14 2611 5661
14 2612 5659
14 2612 5660
14 2612 5661
14 2612 5662
14 2613 5660
14 2613 5661
14 2613 5662
14 2618 5645
14 2618 5646
14 2618 5647
14 2618 5648
14 2618 5649
14 2618 5650
15 5209 11698
15 5209 11699
15 5209 11700
15 5210 11272
15 5210 11273
15 5210 11274
15 5210 11275
15 5210 11276
15 5210 11277
15 5210 11278
15 5210 11279
15 5210 11280
15 5210 11281
15 5210 11282
15 5210 11283
15 5210 11284
15 5210 11285
15 5210 11286
15 5210 11287
15 5210 11288
15 5210 11289
15 5210 11290
15 5210 11291
15 5210 11292
15 5210 11293
15 5210 11294
15 5210 11295
15 5210 11296
15 5210 11297
15 5210 11298
15 5210 11299
15 5210 11300
15 5210 11301
15 5210 11302
15 5210 11303
15 5210 11304
15 5210 11305
15 5210 11306
15 5210 11307
15 5210 11308
15 5210 11309
15 5210 11310
15 5210 11311
15 5210 11312
15 5210 11313
15 5210 11314
15 5210 11315
15 5210 11316
15 5210 11317
15 5210 11318
15 5210 11698
15 5210 11699
15 5210 11700
15 5211 11698
15 5211 11699
15 5224 11321
15 5224 11322
15 5224 11323
15 5225 11321
15 5225 11322
15 5225 11323
15 5226 11321
15 5226 11322
16 10420 22545
17 20841 45090
18 41682 90181
3 1 2
4 2 5
4 2 5
5 5 11
5 5 11
6 10 22
6 10 22
7 20 44
7 20 44
