13 2374 3151
13 2374 3151
13 2375 3151
13 2375 3151
13 2376 3151
13 2376 3151
14 4747 6301
14 4747 6302
15 9487 12605
15 9493 12602
15 9493 12603
15 9493 12604
15 9494 12604
16 18974 25190
16 18974 25191
16 18974 25192
16 18974 25193
16 18974 25194
16 18974 25195
16 18974 25196
16 18974 25197
16 18974 25198
16 18974 25199
16 18974 25200
16 18974 25201
16 18974 25202
16 18974 25203
16 18974 25204
16 18974 25205
16 18974 25206
16 18974 25207
16 18974 25208
16 18974 25209
16 18974 25210
16 18988 25209
16 18991 25194
17 37948 50381
17 37948 50382
17 37948 50383
17 37948 50384
17 37948 50385
17 37948 50386
17 37948 50387
17 37948 50388
17 37948 50389
17 37948 50390
17 37948 50391
17 37948 50392
17 37948 50393
17 37948 50394
17 37948 50395
17 37948 50396
17 37948 50397
17 37948 50398
17 37948 50399
17 37948 50400
17 37948 50401
17 37948 50402
17 37948 50403
17 37948 50404
17 37948 50405
17 37948 50406
17 37948 50407
17 37948 50408
17 37948 50409
17 37948 50410
17 37948 50411
17 37948 50412
17 37948 50413
17 37948 50414
17 37948 50415
17 37948 50416
17 37948 50417
17 37948 50418
17 37948 50419
17 37948 50420
17 37948 50421
17 37982 50389
18 75896 100762
18 75896 100763
18 75896 100764
18 75896 100765
18 75896 100766
18 75896 100767
18 75896 100768
18 75896 100769
18 75896 100770
18 75896 100771
18 75896 100772
18 75896 100773
18 75896 100774
18 75896 100775
18 75896 100776
18 75896 100777
18 75896 100778
18 75896 100779
18 75896 100780
18 75896 100781
18 75896 100782
18 75896 100783
18 75896 100784
18 75896 100785
18 75896 100786
18 75896 100787
18 75896 100788
18 75896 100789
18 75896 100790
18 75896 100791
18 75896 100792
18 75896 100793
18 75896 100794
18 75896 100795
18 75896 100796
18 75896 100797
18 75896 100798
18 75896 100799
18 75896 100800
18 75896 100801
18 75896 100802
18 75896 100803
18 75896 100804
18 75896 100805
18 75896 100806
18 75896 100807
18 75896 100808
18 75896 100809
18 75896 100810
18 75896 100811
18 75896 100812
18 75896 100813
18 75896 100814
18 75896 100815
18 75896 100816
18 75896 100817
18 75896 100818
18 75896 100819
18 75896 100820
18 75896 100821
18 75896 100822
18 75896 100823
18 75896 100824
18 75896 100825
18 75896 100826
18 75896 100827
18 75896 100828
18 75896 100829
18 75896 100830
18 75896 100831
18 75896 100832
18 75896 100833
18 75896 100834
18 75896 100835
18 75896 100836
18 75896 100837
18 75896 100838
18 75896 100839
18 75896 100840
18 75896 100841
18 75896 100842
18 75965 100779
3 2 3
4 4 6
4 4 6
5 9 12
5 9 12
6 18 24
6 18 24
7 37 49
7 37 49
