13 2255 3325
13 2255 3325
13 2256 3325
13 2256 3325
13 2257 3325
13 2257 3325
13 2258 3325
13 2258 3325
13 2259 3325
13 2259 3325
13 2260 3325
13 2260 3325
13 2261 3325
13 2261 3325
13 2262 3325
13 2262 3325
13 2263 3325
13 2263 3325
14 4510 6628
14 4510 6629
14 4510 6630
14 4510 6631
14 4510 6632
14 4510 6633
14 4510 6634
14 4510 6635
14 4510 6636
14 4510 6637
14 4510 6638
14 4510 6639
14 4510 6640
14 4510 6641
14 4510 6642
14 4510 6643
14 4510 6644
14 4510 6645
14 4510 6646
14 4510 6647
14 4510 6648
14 4510 6649
14 4510 6650
15 9021 13257
15 9021 13258
15 9021 13259
15 9021 13260
15 9021 13261
15 9021 13262
15 9021 13263
15 9021 13264
15 9021 13265
15 9021 13266
15 9021 13267
15 9021 13268
15 9021 13269
15 9021 13270
15 9021 13271
15 9021 13272
15 9021 13273
15 9021 13274
15 9021 13275
15 9021 13276
15 9021 13277
15 9021 13278
15 9021 13279
15 9021 13280
15 9021 13281
15 9021 13282
15 9021 13283
15 9021 13284
15 9021 13285
15 9021 13286
15 9021 13287
15 9021 13288
15 9021 13289
15 9021 13290
15 9021 13291
15 9021 13292
15 9021 13293
15 9021 13294
15 9021 13295
15 9021 13296
15 9021 13297
15 9021 13298
15 9021 13299
15 9021 13300
16 18043 26515
16 18043 26516
16 18043 26517
16 18043 26518
16 18043 26519
16 18043 26520
16 18043 26521
16 18043 26522
16 18043 26523
16 18043 26524
16 18043 26525
16 18043 26526
16 18043 26527
16 18043 26528
16 18043 26529
16 18043 26530
16 18043 26531
16 18043 26532
16 18043 26533
16 18043 26534
16 18043 26535
16 18043 26536
16 18043 26537
16 18043 26538
16 18043 26539
16 18043 26540
16 18043 26541
16 18043 26542
16 18043 26543
16 18043 26544
16 18043 26545
16 18043 26546
16 18043 26547
16 18043 26548
16 18043 26549
16 18043 26550
16 18043 26551
16 18043 26552
16 18043 26553
16 18043 26554
16 18043 26555
16 18043 26556
16 18043 26557
16 18043 26558
16 18043 26559
16 18043 26560
16 18043 26561
16 18043 26562
16 18043 26563
16 18043 26564
16 18043 26565
16 18043 26566
16 18043 26567
16 18043 26568
16 18043 26569
16 18043 26570
16 18043 26571
16 18043 26572
16 18043 26573
16 18043 26574
16 18043 26575
16 18043 26576
16 18043 26577
16 18043 26578
16 18043 26579
16 18043 26580
16 18043 26581
16 18043 26582
16 18043 26583
16 18043 26584
16 18043 26585
16 18043 26586
16 18043 26587
16 18043 26588
16 18043 26589
16 18043 26590
16 18043 26591
16 18043 26592
16 18043 26593
16 18043 26594
16 18043 26595
16 18043 26596
16 18043 26597
16 18043 26598
16 18043 26599
16 18043 26600
16 18043 26601
16 18072 26574
16 18073 26563
16 18076 26523
17 36087 53030
18 72175 106061
3 2 3
4 4 6
4 4 6
5 8 12
5 8 12
6 17 25
6 17 25
7 35 51
7 35 51
