10 249 422
11 496 845
11 496 845
12 993 1691
12 993 1691
12 993 1692
12 993 1692
12 993 1693
12 993 1693
12 993 1694
12 993 1694
12 994 1694
12 994 1694
12 995 1691
12 995 1691
12 996 1691
12 996 1691
12 997 1691
12 997 1691
12 997 1693
12 997 1693
12 997 1694
12 997 1694
13 1987 3383
13 1987 3383
13 1987 3384
13 1987 3384
13 1987 3385
13 1987 3385
13 1987 3386
13 1987 3386
13 1987 3387
13 1987 3387
13 1987 3388
13 1987 3388
13 1987 3389
13 1987 3389
13 1988 3383
13 1988 3383
13 1988 3388
13 1988 3388
13 1988 3389
13 1988 3389
13 1989 3388
13 1989 3388
13 1989 3389
13 1989 3389
13 1990 3383
13 1990 3383
13 1990 3389
13 1990 3389
13 1991 3383
13 1991 3383
13 1991 3389
13 1991 3389
13 1992 3383
13 1992 3383
13 1993 3383
13 1993 3383
13 1993 3384
13 1993 3384
13 1993 3389
13 1993 3389
13 1994 3383
13 1994 3383
13 1994 3384
13 1994 3384
13 1994 3386
13 1994 3386
13 1994 3387
13 1994 3387
13 1994 3388
13 1994 3388
13 1994 3389
13 1994 3389
14 3975 6767
14 3975 6768
14 3975 6769
14 3975 6770
14 3975 6771
14 3975 6772
14 3975 6773
14 3975 6774
14 3975 6775
14 3975 6776
14 3975 6777
14 3975 6778
15 7951 13535
15 7951 13536
15 7951 13537
15 7951 13538
15 7951 13539
15 7951 13540
15 7951 13541
15 7951 13542
15 7951 13543
15 7951 13544
15 7951 13545
15 7951 13546
15 7951 13547
15 7951 13548
15 7951 13549
15 7951 13550
15 7951 13551
15 7951 13552
15 7951 13553
15 7951 13554
15 7951 13555
15 7951 13556
16 15903 27070
17 31807 54141
18 63614 108282
3 1 3
4 3 6
4 3 6
5 7 13
5 7 13
6 15 26
6 15 26
7 31 52
7 31 52
8 62 105
8 62 105
