10 250 418
11 501 837
11 501 837
12 1003 1675
12 1003 1675
12 1003 1683
12 1003 1683
12 1004 1675
12 1004 1675
12 1004 1683
12 1004 1683
12 1005 1675
12 1005 1675
12 1005 1678
12 1005 1678
12 1005 1679
12 1005 1679
12 1005 1680
12 1005 1680
12 1005 1681
12 1005 1681
12 1005 1682
12 1005 1682
12 1005 1683
12 1005 1683
12 1006 1675
12 1006 1675
12 1006 1677
12 1006 1677
12 1006 1678
12 1006 1678
12 1006 1679
12 1006 1679
12 1006 1680
12 1006 1680
12 1006 1681
12 1006 1681
12 1006 1682
12 1006 1682
12 1006 1683
12 1006 1683
13 2006 3351
13 2006 3351
13 2006 3366
13 2006 3366
13 2007 3351
13 2007 3351
13 2007 3366
13 2007 3366
13 2008 3351
13 2008 3351
13 2008 3366
13 2008 3366
13 2009 3351
13 2009 3351
13 2009 3356
13 2009 3356
13 2009 3357
13 2009 3357
13 2009 3358
13 2009 3358
13 2009 3359
13 2009 3359
13 2009 3360
13 2009 3360
13 2009 3361
13 2009 3361
13 2009 3362
13 2009 3362
13 2009 3363
13 2009 3363
13 2009 3364
13 2009 3364
13 2009 3365
13 2009 3365
13 2009 3366
13 2009 3366
13 2010 3351
13 2010 3351
13 2010 3355
13 2010 3355
13 2010 3356
13 2010 3356
13 2010 3357
13 2010 3357
13 2010 3358
13 2010 3358
13 2010 3359
13 2010 3359
13 2010 3360
13 2010 3360
13 2010 3361
13 2010 3361
13 2010 3362
13 2010 3362
13 2010 3363
13 2010 3363
13 2010 3364
13 2010 3364
13 2010 3365
13 2010 3365
13 2010 3366
13 2010 3366
13 2011 3351
13 2011 3351
13 2011 3354
13 2011 3354
13 2011 3355
13 2011 3355
13 2011 3356
13 2011 3356
13 2011 3357
13 2011 3357
13 2011 3358
13 2011 3358
13 2011 3359
13 2011 3359
13 2011 3360
13 2011 3360
13 2011 3361
13 2011 3361
13 2011 3362
13 2011 3362
13 2011 3363
13 2011 3363
13 2011 3364
13 2011 3364
13 2011 3365
13 2011 3365
13 2011 3366
13 2011 3366
13 2012 3351
13 2012 3351
13 2012 3353
13 2012 3353
13 2012 3354
13 2012 3354
13 2012 3355
13 2012 3355
13 2012 3356
13 2012 3356
13 2012 3357
13 2012 3357
13 2012 3358
13 2012 3358
13 2012 3359
13 2012 3359
13 2012 3360
13 2012 3360
13 2012 3361
13 2012 3361
13 2012 3362
13 2012 3362
13 2012 3363
13 2012 3363
13 2012 3364
13 2012 3364
13 2012 3365
13 2012 3365
13 2012 3366
13 2012 3366
14 4012 6703
14 4012 6732
14 4018 6712
14 4018 6713
14 4018 6714
14 4018 6715
14 4018 6716
14 4018 6717
14 4018 6718
14 4018 6719
14 4018 6720
14 4018 6721
14 4018 6722
14 4018 6723
14 4018 6724
14 4018 6725
14 4018 6726
14 4018 6727
14 4018 6728
14 4018 6729
14 4018 6730
14 4018 6731
14 4019 6711
14 4020 6710
14 4021 6709
14 4022 6708
14 4023 6706
14 4023 6707
14 4024 6705
15 8025 13407
15 8025 13464
15 8033 13463
15 8035 13462
15 8036 13424
15 8036 13425
15 8036 13426
15 8036 13427
15 8036 13428
15 8036 13429
15 8036 13430
15 8036 13431
15 8036 13432
15 8036 13433
15 8036 13434
15 8036 13435
15 8036 13436
15 8036 13437
15 8036 13438
15 8036 13439
15 8036 13440
15 8036 13441
15 8036 13442
15 8036 13443
15 8036 13444
15 8036 13445
15 8036 13446
15 8036 13447
15 8036 13448
15 8036 13449
15 8036 13450
15 8036 13451
15 8036 13452
15 8036 13453
15 8036 13454
15 8036 13455
15 8036 13456
15 8036 13457
15 8036 13458
15 8036 13459
15 8036 13460
15 8036 13461
15 8037 13423
15 8038 13422
15 8039 13421
15 8040 13420
15 8041 13418
15 8041 13419
15 8042 13417
15 8043 13416
15 8044 13415
15 8045 13413
15 8045 13414
15 8046 13412
15 8047 13411
15 8048 13410
16 16050 26815
16 16050 26816
16 16050 26817
16 16050 26818
16 16050 26819
16 16050 26820
16 16050 26821
16 16050 26822
16 16050 26823
16 16050 26824
16 16050 26825
16 16050 26826
16 16050 26827
16 16050 26828
16 16050 26829
16 16050 26830
16 16050 26831
16 16050 26832
16 16050 26833
16 16050 26834
16 16050 26835
16 16050 26836
16 16050 26837
16 16050 26838
16 16050 26839
16 16050 26840
16 16050 26841
16 16050 26842
16 16050 26843
16 16050 26844
16 16050 26845
16 16050 26846
16 16050 26847
16 16050 26848
16 16050 26849
16 16050 26850
16 16050 26851
16 16050 26852
16 16050 26853
16 16050 26854
16 16050 26855
16 16050 26856
16 16050 26857
16 16050 26858
16 16050 26859
16 16050 26860
16 16050 26861
16 16050 26862
16 16050 26863
16 16050 26864
16 16050 26865
16 16050 26866
16 16050 26867
16 16050 26868
16 16050 26869
16 16050 26870
16 16050 26871
16 16050 26872
16 16050 26873
16 16050 26874
16 16050 26875
16 16050 26876
16 16050 26877
16 16050 26878
16 16050 26879
16 16050 26880
16 16050 26881
16 16050 26882
16 16050 26883
16 16050 26884
16 16050 26885
16 16050 26886
16 16050 26887
16 16050 26888
16 16050 26889
16 16050 26890
16 16050 26891
16 16050 26892
16 16050 26893
16 16050 26894
16 16050 26895
16 16050 26896
16 16050 26897
16 16050 26898
16 16050 26899
16 16050 26900
16 16050 26901
16 16050 26902
16 16050 26903
16 16050 26904
16 16050 26905
16 16050 26906
16 16050 26907
16 16050 26908
16 16050 26909
16 16050 26910
16 16050 26911
16 16050 26912
16 16050 26913
16 16050 26914
16 16050 26915
16 16050 26916
16 16050 26917
16 16050 26918
16 16050 26919
16 16050 26920
16 16050 26921
16 16050 26922
16 16050 26923
16 16050 26924
16 16050 26925
16 16050 26926
16 16050 26927
16 16050 26928
17 32100 53631
17 32100 53632
17 32100 53633
17 32100 53634
17 32100 53635
17 32100 53636
17 32100 53637
17 32100 53638
17 32100 53639
17 32100 53640
17 32100 53641
17 32100 53642
17 32100 53643
17 32100 53644
17 32100 53645
17 32100 53646
17 32100 53647
17 32100 53648
17 32100 53649
17 32100 53650
17 32100 53651
17 32100 53652
17 32100 53653
17 32100 53654
17 32100 53655
17 32100 53656
17 32100 53657
17 32100 53658
17 32100 53659
17 32100 53660
17 32100 53661
17 32100 53662
17 32100 53663
17 32100 53664
17 32100 53665
17 32100 53666
17 32100 53667
17 32100 53668
17 32100 53669
17 32100 53670
17 32100 53671
17 32100 53672
17 32100 53673
17 32100 53674
17 32100 53675
17 32100 53676
17 32100 53677
17 32100 53678
17 32100 53679
17 32100 53680
17 32100 53681
17 32100 53682
17 32100 53683
17 32100 53684
17 32100 53685
17 32100 53686
17 32100 53687
17 32100 53688
17 32100 53689
17 32100 53690
17 32100 53691
17 32100 53692
17 32100 53693
17 32100 53694
17 32100 53695
17 32100 53696
17 32100 53697
17 32100 53698
17 32100 53699
17 32100 53700
17 32100 53701
17 32100 53702
17 32100 53703
17 32100 53704
17 32100 53705
17 32100 53706
17 32100 53707
17 32100 53708
17 32100 53709
17 32100 53710
17 32100 53711
17 32100 53712
17 32100 53713
17 32100 53714
17 32100 53715
17 32100 53716
17 32100 53717
17 32100 53718
17 32100 53719
17 32100 53720
17 32100 53721
17 32100 53722
17 32100 53723
17 32100 53724
17 32100 53725
17 32100 53726
17 32100 53727
17 32100 53728
17 32100 53729
17 32100 53730
17 32100 53731
17 32100 53732
17 32100 53733
17 32100 53734
17 32100 53735
17 32100 53736
17 32100 53737
17 32100 53738
17 32100 53739
17 32100 53740
17 32100 53741
17 32100 53742
17 32100 53743
17 32100 53744
17 32100 53745
17 32100 53746
17 32100 53747
17 32100 53748
17 32100 53749
17 32100 53750
17 32100 53751
17 32100 53752
17 32100 53753
17 32100 53754
17 32100 53755
17 32100 53756
17 32100 53757
17 32100 53758
17 32100 53759
17 32100 53760
17 32100 53761
17 32100 53762
17 32100 53763
17 32100 53764
17 32100 53765
17 32100 53766
17 32100 53767
17 32100 53768
17 32100 53769
17 32100 53770
17 32100 53771
17 32100 53772
17 32100 53773
17 32100 53774
17 32100 53775
17 32100 53776
17 32100 53777
17 32100 53778
17 32100 53779
17 32100 53780
17 32100 53781
17 32100 53782
17 32100 53783
17 32100 53784
17 32100 53785
17 32100 53786
17 32100 53787
17 32100 53788
17 32100 53789
17 32100 53790
17 32100 53791
17 32100 53792
17 32100 53793
17 32100 53794
17 32100 53795
17 32100 53796
17 32100 53797
17 32100 53798
17 32100 53799
17 32100 53800
17 32100 53801
17 32100 53802
17 32100 53803
17 32100 53804
17 32100 53805
17 32100 53806
17 32100 53807
17 32100 53808
17 32100 53809
17 32100 53810
17 32100 53811
17 32100 53812
17 32100 53813
17 32100 53814
17 32100 53815
17 32100 53816
17 32100 53817
17 32100 53818
17 32100 53819
17 32100 53820
17 32100 53821
17 32100 53822
17 32100 53823
17 32100 53824
17 32100 53825
17 32100 53826
17 32100 53827
17 32100 53828
17 32100 53829
17 32100 53830
17 32100 53831
17 32100 53832
17 32100 53833
17 32100 53834
17 32100 53835
17 32100 53836
17 32100 53837
17 32100 53838
17 32100 53839
17 32100 53840
17 32100 53841
17 32100 53842
17 32100 53843
17 32100 53844
17 32100 53845
17 32100 53846
17 32100 53847
17 32100 53848
17 32100 53849
17 32100 53850
17 32100 53851
17 32100 53852
17 32100 53853
17 32100 53854
17 32100 53855
17 32100 53856
18 64201 107262
3 1 3
4 3 6
4 3 6
5 7 13
5 7 13
6 15 26
6 15 26
7 31 52
7 31 52
