13 2187 3438
13 2187 3438
13 2213 3433
13 2213 3433
13 2214 3433
13 2214 3433
13 2215 3433
13 2215 3433
13 2216 3433
13 2216 3433
13 2217 3433
13 2217 3433
14 4427 6866
14 4435 6866
15 8854 13722
15 8854 13723
15 8854 13724
15 8854 13725
15 8854 13726
15 8854 13727
15 8854 13728
15 8854 13729
15 8854 13730
15 8854 13731
15 8854 13732
15 8857 13722
15 8870 13732
16 17709 27445
16 17709 27446
16 17709 27447
16 17709 27448
16 17709 27449
16 17709 27450
16 17709 27451
16 17709 27452
16 17709 27453
16 17709 27454
16 17709 27455
16 17709 27456
16 17709 27457
16 17709 27458
16 17709 27459
16 17709 27460
16 17709 27461
16 17709 27462
16 17709 27463
16 17709 27464
16 17709 27465
16 17710 27463
16 17711 27458
16 17713 27458
16 17713 27460
16 17714 27445
16 17714 27449
16 17715 27450
16 17715 27460
16 17720 27455
16 17721 27446
16 17723 27450
16 17725 27449
16 17727 27453
16 17727 27455
16 17728 27456
16 17729 27457
16 17740 27452
16 17740 27462
16 17741 27464
17 35419 54891
17 35419 54892
17 35419 54893
17 35419 54894
17 35419 54895
17 35419 54896
17 35419 54897
17 35419 54898
17 35419 54899
17 35419 54900
17 35419 54901
17 35419 54902
17 35419 54903
17 35419 54904
17 35419 54905
17 35419 54906
17 35419 54907
17 35419 54908
17 35419 54909
17 35419 54910
17 35419 54911
17 35419 54912
17 35419 54913
17 35419 54914
17 35419 54915
17 35419 54916
17 35419 54917
17 35419 54918
17 35419 54919
17 35419 54920
17 35419 54921
17 35419 54922
17 35419 54923
17 35419 54924
17 35419 54925
17 35419 54926
17 35419 54927
17 35419 54928
17 35419 54929
17 35419 54930
17 35419 54931
18 70838 109782
3 2 3
4 4 6
4 4 6
5 8 13
5 8 13
6 17 26
6 17 26
7 34 53
7 34 53
