12 1212 1533
12 1212 1533
13 2425 3067
13 2425 3067
14 4851 6135
15 9703 12270
15 9703 12271
15 9703 12272
16 19406 24541
16 19406 24542
16 19406 24543
16 19406 24544
16 19406 24545
17 38812 49082
17 38812 49083
17 38812 49084
17 38812 49085
17 38812 49086
17 38812 49087
17 38812 49088
17 38812 49089
17 38812 49090
17 38812 49091
17 38812 49092
17 38812 49093
17 38812 49094
17 38812 49095
17 38812 49096
17 38812 49097
18 77625 98164
3 2 2
4 4 5
4 4 5
5 9 11
5 9 11
6 18 23
6 18 23
7 37 47
7 37 47
8 75 95
8 75 95
