11 594 786
12 1189 1572
12 1189 1572
12 1189 1573
12 1189 1573
12 1189 1574
12 1189 1574
12 1189 1583
12 1189 1583
12 1190 1572
12 1190 1572
12 1190 1573
12 1190 1573
12 1190 1574
12 1190 1574
12 1190 1583
12 1190 1583
12 1191 1583
12 1191 1583
12 1192 1583
12 1192 1583
12 1193 1583
12 1193 1583
12 1194 1583
12 1194 1583
12 1195 1583
12 1195 1583
12 1196 1583
12 1196 1583
12 1197 1583
12 1197 1583
12 1198 1572
12 1198 1572
12 1198 1573
12 1198 1573
12 1198 1574
12 1198 1574
12 1198 1575
12 1198 1575
12 1198 1576
12 1198 1576
12 1198 1577
12 1198 1577
12 1198 1578
12 1198 1578
12 1198 1579
12 1198 1579
12 1198 1580
12 1198 1580
12 1198 1581
12 1198 1581
12 1198 1582
12 1198 1582
12 1198 1583
12 1198 1583
13 2378 3144
13 2378 3144
13 2378 3145
13 2378 3145
13 2378 3146
13 2378 3146
13 2378 3147
13 2378 3147
13 2378 3148
13 2378 3148
13 2378 3149
13 2378 3149
13 2378 3150
13 2378 3150
13 2378 3151
13 2378 3151
13 2378 3152
13 2378 3152
13 2378 3153
13 2378 3153
13 2378 3154
13 2378 3154
13 2378 3155
13 2378 3155
13 2378 3156
13 2378 3156
13 2378 3157
13 2378 3157
13 2378 3158
13 2378 3158
13 2378 3159
13 2378 3159
13 2378 3160
13 2378 3160
13 2378 3161
13 2378 3161
13 2378 3162
13 2378 3162
13 2378 3163
13 2378 3163
13 2378 3164
13 2378 3164
13 2378 3165
13 2378 3165
13 2378 3166
13 2378 3166
13 2379 3144
13 2379 3144
13 2379 3145
13 2379 3145
13 2379 3146
13 2379 3146
13 2379 3147
13 2379 3147
13 2379 3148
13 2379 3148
13 2379 3149
13 2379 3149
13 2379 3150
13 2379 3150
13 2379 3166
13 2379 3166
13 2380 3144
13 2380 3144
13 2380 3145
13 2380 3145
13 2380 3146
13 2380 3146
13 2380 3147
13 2380 3147
13 2380 3148
13 2380 3148
13 2380 3149
13 2380 3149
13 2380 3150
13 2380 3150
13 2380 3166
13 2380 3166
13 2381 3144
13 2381 3144
13 2381 3145
13 2381 3145
13 2381 3146
13 2381 3146
13 2381 3147
13 2381 3147
13 2381 3148
13 2381 3148
13 2381 3149
13 2381 3149
13 2381 3150
13 2381 3150
13 2381 3166
13 2381 3166
13 2382 3144
13 2382 3144
13 2382 3145
13 2382 3145
13 2382 3146
13 2382 3146
13 2382 3147
13 2382 3147
13 2382 3148
13 2382 3148
13 2382 3149
13 2382 3149
13 2382 3150
13 2382 3150
13 2382 3166
13 2382 3166
13 2383 3144
13 2383 3144
13 2383 3166
13 2383 3166
13 2384 3144
13 2384 3144
13 2384 3166
13 2384 3166
13 2385 3144
13 2385 3144
13 2385 3166
13 2385 3166
13 2386 3144
13 2386 3144
13 2386 3166
13 2386 3166
13 2387 3144
13 2387 3144
13 2387 3166
13 2387 3166
13 2388 3144
13 2388 3144
13 2388 3166
13 2388 3166
13 2389 3144
13 2389 3144
13 2389 3166
13 2389 3166
13 2390 3144
13 2390 3144
13 2390 3166
13 2390 3166
13 2391 3144
13 2391 3144
13 2391 3166
13 2391 3166
13 2392 3144
13 2392 3144
13 2392 3166
13 2392 3166
13 2393 3144
13 2393 3144
13 2393 3166
13 2393 3166
13 2394 3144
13 2394 3144
13 2394 3166
13 2394 3166
13 2395 3144
13 2395 3144
13 2395 3166
13 2395 3166
13 2396 3144
13 2396 3144
13 2396 3145
13 2396 3145
13 2396 3146
13 2396 3146
13 2396 3147
13 2396 3147
13 2396 3148
13 2396 3148
13 2396 3149
13 2396 3149
13 2396 3150
13 2396 3150
13 2396 3151
13 2396 3151
13 2396 3152
13 2396 3152
13 2396 3153
13 2396 3153
13 2396 3154
13 2396 3154
13 2396 3155
13 2396 3155
13 2396 3156
13 2396 3156
13 2396 3157
13 2396 3157
13 2396 3158
13 2396 3158
13 2396 3159
13 2396 3159
13 2396 3160
13 2396 3160
13 2396 3161
13 2396 3161
13 2396 3162
13 2396 3162
13 2396 3163
13 2396 3163
13 2396 3164
13 2396 3164
13 2396 3165
13 2396 3165
13 2396 3166
13 2396 3166
14 4757 6289
14 4757 6290
14 4757 6291
14 4757 6292
14 4757 6293
14 4757 6294
14 4757 6295
14 4757 6296
14 4757 6297
14 4757 6298
14 4757 6299
14 4757 6300
14 4757 6301
14 4757 6302
14 4757 6303
14 4757 6304
14 4757 6305
14 4757 6306
14 4757 6307
14 4757 6308
14 4757 6309
14 4757 6310
14 4757 6311
14 4757 6312
14 4757 6313
14 4757 6314
14 4757 6315
14 4757 6316
14 4757 6317
14 4757 6318
14 4757 6319
14 4757 6320
14 4757 6321
14 4757 6322
14 4757 6323
14 4757 6324
14 4757 6325
14 4757 6326
14 4757 6327
14 4757 6328
14 4757 6329
14 4757 6330
14 4757 6331
14 4757 6332
14 4758 6289
14 4758 6290
14 4759 6289
14 4759 6293
14 4760 6289
14 4761 6289
14 4761 6291
14 4762 6289
14 4762 6290
14 4762 6292
14 4762 6293
14 4763 6289
14 4763 6290
14 4763 6291
14 4763 6292
14 4765 6289
14 4765 6291
14 4765 6292
14 4767 6289
14 4768 6289
14 4768 6290
14 4771 6289
14 4772 6289
14 4772 6290
14 4773 6289
14 4773 6290
14 4774 6289
14 4774 6290
14 4775 6289
14 4775 6290
14 4776 6289
14 4776 6290
15 9514 12578
15 9514 12579
15 9514 12580
15 9514 12581
15 9514 12582
15 9514 12583
15 9514 12584
15 9514 12585
15 9514 12586
15 9514 12587
15 9514 12588
15 9514 12589
15 9514 12590
15 9514 12591
15 9514 12592
15 9514 12593
15 9514 12594
15 9514 12595
15 9514 12596
15 9514 12597
15 9514 12598
15 9514 12599
15 9514 12600
15 9514 12601
15 9514 12602
15 9514 12603
15 9514 12604
15 9514 12605
15 9514 12606
15 9514 12607
15 9514 12608
15 9514 12609
15 9514 12610
15 9514 12611
15 9514 12612
15 9514 12613
15 9514 12614
15 9514 12615
15 9514 12616
15 9514 12617
15 9514 12618
15 9514 12619
15 9514 12620
15 9514 12621
15 9514 12622
15 9514 12623
15 9514 12624
15 9514 12625
15 9514 12626
15 9514 12627
15 9514 12628
15 9514 12629
15 9514 12630
15 9514 12631
15 9514 12632
15 9514 12633
15 9514 12634
15 9514 12635
15 9514 12636
15 9514 12637
15 9514 12638
15 9514 12639
15 9514 12640
15 9514 12641
15 9514 12642
15 9514 12643
15 9514 12644
15 9514 12645
15 9514 12646
15 9514 12647
15 9514 12648
15 9514 12649
15 9514 12650
15 9514 12651
15 9514 12652
15 9514 12653
15 9514 12654
15 9514 12655
15 9514 12656
15 9514 12657
15 9514 12658
15 9514 12659
15 9514 12660
15 9514 12661
15 9514 12662
15 9514 12663
15 9514 12664
15 9514 12665
15 9515 12578
15 9515 12579
15 9515 12580
15 9516 12579
15 9517 12579
15 9517 12581
15 9518 12586
15 9520 12578
15 9523 12579
15 9523 12582
15 9523 12635
15 9524 12579
15 9524 12580
15 9524 12584
15 9524 12586
15 9525 12585
15 9525 12647
15 9526 12580
15 9526 12583
15 9526 12584
15 9526 12585
15 9527 12579
15 9530 12583
15 9531 12579
15 9531 12584
15 9535 12579
15 9536 12581
15 9536 12582
15 9536 12586
15 9537 12578
15 9537 12582
15 9537 12586
15 9539 12584
15 9540 12585
15 9541 12582
15 9541 12584
15 9541 12586
15 9542 12579
15 9542 12582
15 9543 12585
15 9544 12578
15 9544 12583
15 9544 12584
15 9544 12586
15 9545 12581
15 9545 12582
15 9545 12583
15 9545 12586
15 9546 12584
15 9547 12579
15 9547 12580
15 9547 12582
15 9547 12585
15 9547 12586
15 9548 12580
15 9548 12581
15 9548 12582
15 9548 12583
15 9548 12584
15 9548 12585
15 9548 12586
15 9549 12578
15 9549 12579
15 9549 12581
15 9549 12582
15 9549 12583
15 9549 12585
15 9549 12586
15 9550 12578
15 9550 12580
15 9550 12581
15 9550 12582
15 9550 12583
15 9550 12584
15 9550 12586
15 9551 12578
15 9551 12579
15 9551 12580
15 9551 12581
15 9551 12582
15 9551 12583
15 9551 12584
15 9551 12585
15 9551 12586
15 9552 12578
15 9552 12579
15 9552 12580
15 9552 12581
15 9552 12583
15 9552 12584
15 9552 12585
15 9552 12586
15 9552 12587
15 9563 12587
16 19028 25156
16 19028 25157
16 19028 25158
16 19028 25159
16 19028 25160
16 19028 25161
16 19028 25162
16 19028 25163
16 19028 25164
16 19028 25165
16 19028 25166
16 19028 25167
16 19028 25168
16 19028 25169
16 19028 25170
16 19028 25171
16 19028 25172
16 19028 25173
16 19028 25174
16 19028 25175
16 19028 25176
16 19028 25177
16 19028 25178
16 19028 25179
16 19028 25180
16 19028 25181
16 19028 25182
16 19028 25183
16 19028 25184
16 19028 25185
16 19028 25186
16 19028 25187
16 19028 25188
16 19028 25189
16 19028 25190
16 19028 25191
16 19028 25192
16 19028 25193
16 19028 25194
16 19028 25195
16 19028 25196
16 19028 25197
16 19028 25198
16 19028 25199
16 19028 25200
16 19028 25201
16 19028 25202
16 19028 25203
16 19028 25204
16 19028 25205
16 19028 25206
16 19028 25207
16 19028 25208
16 19028 25209
16 19028 25210
16 19028 25211
16 19028 25212
16 19028 25213
16 19028 25214
16 19028 25215
16 19028 25216
16 19028 25217
16 19028 25218
16 19028 25219
16 19028 25220
16 19028 25221
16 19028 25222
16 19028 25223
16 19028 25224
16 19028 25225
16 19028 25226
16 19028 25227
16 19028 25228
16 19028 25229
16 19028 25230
16 19028 25231
16 19028 25232
16 19028 25233
16 19028 25234
16 19028 25235
16 19028 25236
16 19028 25237
16 19028 25238
16 19028 25239
16 19028 25240
16 19028 25241
16 19028 25242
16 19028 25243
16 19028 25244
16 19028 25245
16 19028 25246
16 19028 25247
16 19028 25248
16 19028 25249
16 19028 25250
16 19028 25251
16 19028 25252
16 19028 25253
16 19028 25254
16 19028 25255
16 19028 25256
16 19028 25257
16 19028 25258
16 19028 25259
16 19028 25260
16 19028 25261
16 19028 25262
16 19028 25263
16 19028 25264
16 19028 25265
16 19028 25266
16 19028 25267
16 19028 25268
16 19028 25269
16 19028 25270
16 19028 25271
16 19028 25272
16 19028 25273
16 19028 25274
16 19028 25275
16 19028 25276
16 19028 25277
16 19028 25278
16 19028 25279
16 19028 25280
16 19028 25281
16 19028 25282
16 19028 25283
16 19028 25284
16 19028 25285
16 19028 25286
16 19028 25287
16 19028 25288
16 19028 25289
16 19028 25290
16 19028 25291
16 19028 25292
16 19028 25293
16 19028 25294
16 19028 25295
16 19028 25296
16 19028 25297
16 19028 25298
16 19028 25299
16 19028 25300
16 19028 25301
16 19028 25302
16 19028 25303
16 19028 25304
16 19028 25305
16 19028 25306
16 19028 25307
16 19028 25308
16 19028 25309
16 19028 25310
16 19028 25311
16 19028 25312
16 19028 25313
16 19028 25314
16 19028 25315
16 19028 25316
16 19028 25317
16 19028 25318
16 19028 25319
16 19028 25320
16 19028 25321
16 19028 25322
16 19028 25323
16 19028 25324
16 19028 25325
16 19028 25326
16 19028 25327
16 19028 25328
16 19028 25329
16 19028 25330
16 19028 25331
16 19029 25157
16 19029 25158
16 19030 25157
16 19030 25158
16 19030 25159
16 19031 25160
16 19032 25158
16 19034 25163
16 19035 25159
16 19036 25172
16 19040 25157
16 19047 25159
16 19047 25164
16 19047 25271
16 19048 25168
16 19049 25159
16 19049 25161
16 19049 25173
16 19051 25171
16 19051 25294
16 19052 25160
16 19052 25166
16 19052 25168
16 19053 25171
16 19054 25159
16 19060 25167
16 19062 25159
16 19063 25169
16 19071 25159
16 19072 25162
16 19073 25164
16 19073 25172
16 19074 25157
16 19074 25172
16 19075 25165
16 19075 25172
16 19078 25169
16 19080 25171
16 19082 25168
16 19082 25172
16 19083 25164
16 19085 25159
16 19085 25164
16 19086 25171
16 19089 25157
16 19089 25167
16 19089 25168
16 19089 25173
16 19090 25163
16 19090 25167
16 19090 25172
16 19091 25164
16 19091 25173
16 19092 25169
16 19093 25168
16 19094 25160
16 19094 25164
16 19094 25165
16 19095 25158
16 19095 25160
16 19095 25164
16 19095 25170
16 19095 25173
16 19096 25164
16 19096 25166
16 19096 25169
16 19096 25170
16 19097 25161
16 19097 25162
16 19097 25167
16 19097 25169
16 19097 25172
16 19098 25157
16 19098 25165
16 19098 25166
16 19098 25167
16 19098 25170
16 19098 25172
16 19098 25173
16 19099 25157
16 19099 25158
16 19099 25163
16 19099 25164
16 19099 25165
16 19099 25166
16 19099 25167
16 19100 25162
16 19100 25164
16 19100 25165
16 19100 25166
16 19100 25168
16 19101 25157
16 19101 25161
16 19101 25162
16 19101 25164
16 19101 25165
16 19101 25166
16 19101 25169
16 19101 25173
16 19102 25157
16 19102 25158
16 19102 25159
16 19102 25160
16 19102 25161
16 19102 25162
16 19102 25164
16 19102 25167
16 19102 25169
16 19102 25170
16 19102 25171
16 19102 25173
16 19103 25160
16 19103 25161
16 19103 25162
16 19103 25163
16 19103 25171
16 19103 25173
16 19104 25157
16 19104 25162
16 19104 25167
16 19104 25171
16 19104 25172
16 19104 25174
16 19105 25159
16 19105 25160
16 19105 25166
16 19105 25167
16 19105 25168
16 19105 25171
16 19105 25174
16 19126 25174
17 38057 50313
17 38057 50314
17 38057 50315
17 38057 50316
17 38057 50317
17 38057 50318
17 38057 50319
17 38057 50320
17 38057 50321
17 38057 50322
17 38057 50323
17 38057 50324
17 38057 50325
17 38057 50326
17 38057 50327
17 38057 50328
17 38057 50329
17 38057 50330
17 38057 50331
17 38057 50332
17 38057 50333
17 38057 50334
17 38057 50335
17 38057 50336
17 38057 50337
17 38057 50338
17 38057 50339
17 38057 50340
17 38057 50341
17 38057 50342
17 38057 50343
17 38057 50344
17 38057 50345
17 38057 50346
17 38057 50347
17 38057 50348
17 38057 50349
17 38057 50350
17 38057 50351
17 38057 50352
17 38057 50353
17 38057 50354
17 38057 50355
17 38057 50356
17 38057 50357
17 38057 50358
17 38057 50359
17 38057 50360
17 38057 50361
17 38057 50362
17 38057 50363
17 38057 50364
17 38057 50365
17 38057 50366
17 38057 50367
17 38057 50368
17 38057 50369
17 38057 50370
17 38057 50371
17 38057 50372
17 38057 50373
17 38057 50374
17 38057 50375
17 38057 50376
17 38057 50377
17 38057 50378
17 38057 50379
17 38057 50380
17 38057 50381
17 38057 50382
17 38057 50383
17 38057 50384
17 38057 50385
17 38057 50386
17 38057 50387
17 38057 50388
17 38057 50389
17 38057 50390
17 38057 50391
17 38057 50392
17 38057 50393
17 38057 50394
17 38057 50395
17 38057 50396
17 38057 50397
17 38057 50398
17 38057 50399
17 38057 50400
17 38057 50401
17 38057 50402
17 38057 50403
17 38057 50404
17 38057 50405
17 38057 50406
17 38057 50407
17 38057 50408
17 38057 50409
17 38057 50410
17 38057 50411
17 38057 50412
17 38057 50413
17 38057 50414
17 38057 50415
17 38057 50416
17 38057 50417
17 38057 50418
17 38057 50419
17 38057 50420
17 38057 50421
17 38057 50422
17 38057 50423
17 38057 50424
17 38057 50425
17 38057 50426
17 38057 50427
17 38057 50428
17 38057 50429
17 38057 50430
17 38057 50431
17 38057 50432
17 38057 50433
17 38057 50434
17 38057 50435
17 38057 50436
17 38057 50437
17 38057 50438
17 38057 50439
17 38057 50440
17 38057 50441
17 38057 50442
17 38057 50443
17 38057 50444
17 38057 50445
17 38057 50446
17 38057 50447
17 38057 50448
17 38057 50449
17 38057 50450
17 38057 50451
17 38057 50452
17 38057 50453
17 38057 50454
17 38057 50455
17 38057 50456
17 38057 50457
17 38057 50458
17 38057 50459
17 38057 50460
17 38057 50461
17 38057 50462
17 38057 50463
17 38057 50464
17 38057 50465
17 38057 50466
17 38057 50467
17 38057 50468
17 38057 50469
17 38057 50470
17 38057 50471
17 38057 50472
17 38057 50473
17 38057 50474
17 38057 50475
17 38057 50476
17 38057 50477
17 38057 50478
17 38057 50479
17 38057 50480
17 38057 50481
17 38057 50482
17 38057 50483
17 38057 50484
17 38057 50485
17 38057 50486
17 38057 50487
17 38057 50488
17 38057 50489
17 38057 50490
17 38057 50491
17 38057 50492
17 38057 50493
17 38057 50494
17 38057 50495
17 38057 50496
17 38057 50497
17 38057 50498
17 38057 50499
17 38057 50500
17 38057 50501
17 38057 50502
17 38057 50503
17 38057 50504
17 38057 50505
17 38057 50506
17 38057 50507
17 38057 50508
17 38057 50509
17 38057 50510
17 38057 50511
17 38057 50512
17 38057 50513
17 38057 50514
17 38057 50515
17 38057 50516
17 38057 50517
17 38057 50518
17 38057 50519
17 38057 50520
17 38057 50521
17 38057 50522
17 38057 50523
17 38057 50524
17 38057 50525
17 38057 50526
17 38057 50527
17 38057 50528
17 38057 50529
17 38057 50530
17 38057 50531
17 38057 50532
17 38057 50533
17 38057 50534
17 38057 50535
17 38057 50536
17 38057 50537
17 38057 50538
17 38057 50539
17 38057 50540
17 38057 50541
17 38057 50542
17 38057 50543
17 38057 50544
17 38057 50545
17 38057 50546
17 38057 50547
17 38057 50548
17 38057 50549
17 38057 50550
17 38057 50551
17 38057 50552
17 38057 50553
17 38057 50554
17 38057 50555
17 38057 50556
17 38057 50557
17 38057 50558
17 38057 50559
17 38057 50560
17 38057 50561
17 38057 50562
17 38057 50563
17 38057 50564
17 38057 50565
17 38057 50566
17 38057 50567
17 38057 50568
17 38057 50569
17 38057 50570
17 38057 50571
17 38057 50572
17 38057 50573
17 38057 50574
17 38057 50575
17 38057 50576
17 38057 50577
17 38057 50578
17 38057 50579
17 38057 50580
17 38057 50581
17 38057 50582
17 38057 50583
17 38057 50584
17 38057 50585
17 38057 50586
17 38057 50587
17 38057 50588
17 38057 50589
17 38057 50590
17 38057 50591
17 38057 50592
17 38057 50593
17 38057 50594
17 38057 50595
17 38057 50596
17 38057 50597
17 38057 50598
17 38057 50599
17 38057 50600
17 38057 50601
17 38057 50602
17 38057 50603
17 38057 50604
17 38057 50605
17 38057 50606
17 38057 50607
17 38057 50608
17 38057 50609
17 38057 50610
17 38057 50611
17 38057 50612
17 38057 50613
17 38057 50614
17 38057 50615
17 38057 50616
17 38057 50617
17 38057 50618
17 38057 50619
17 38057 50620
17 38057 50621
17 38057 50622
17 38057 50623
17 38057 50624
17 38057 50625
17 38057 50626
17 38057 50627
17 38057 50628
17 38057 50629
17 38057 50630
17 38057 50631
17 38057 50632
17 38057 50633
17 38057 50634
17 38057 50635
17 38057 50636
17 38057 50637
17 38057 50638
17 38057 50639
17 38057 50640
17 38057 50641
17 38057 50642
17 38057 50643
17 38057 50644
17 38057 50645
17 38057 50646
17 38057 50647
17 38057 50648
17 38057 50649
17 38057 50650
17 38057 50651
17 38057 50652
17 38057 50653
17 38057 50654
17 38057 50655
17 38057 50656
17 38057 50657
17 38057 50658
17 38057 50659
17 38057 50660
17 38057 50661
17 38057 50662
17 38094 50542
17 38102 50588
17 38178 50337
17 38181 50326
18 76114 100627
18 76189 101084
18 76204 101177
18 76357 100675
18 76362 100652
3 2 3
4 4 6
4 4 6
5 9 12
5 9 12
6 18 24
6 18 24
