10 281 413
11 562 827
12 1124 1655
12 1124 1655
12 1124 1656
12 1124 1656
12 1124 1657
12 1124 1657
12 1124 1658
12 1124 1658
12 1124 1659
12 1124 1659
12 1124 1660
12 1124 1660
12 1124 1661
12 1124 1661
12 1124 1662
12 1124 1662
12 1124 1663
12 1124 1663
12 1124 1664
12 1124 1664
12 1125 1655
12 1125 1655
12 1126 1655
12 1126 1655
12 1127 1655
12 1127 1655
12 1128 1655
12 1128 1655
12 1129 1655
12 1129 1655
12 1130 1655
12 1130 1655
12 1131 1655
12 1131 1655
12 1132 1655
12 1132 1655
12 1133 1655
12 1133 1655
12 1134 1655
12 1134 1655
12 1135 1655
12 1135 1655
12 1135 1656
12 1135 1656
12 1135 1657
12 1135 1657
12 1135 1658
12 1135 1658
12 1135 1659
12 1135 1659
12 1135 1660
12 1135 1660
12 1135 1661
12 1135 1661
12 1135 1662
12 1135 1662
12 1135 1663
12 1135 1663
12 1135 1664
12 1135 1664
13 2249 3311
13 2249 3311
13 2249 3312
13 2249 3312
13 2249 3313
13 2249 3313
13 2249 3314
13 2249 3314
13 2249 3315
13 2249 3315
13 2249 3316
13 2249 3316
13 2249 3317
13 2249 3317
13 2249 3318
13 2249 3318
13 2249 3319
13 2249 3319
13 2249 3320
13 2249 3320
13 2249 3321
13 2249 3321
13 2249 3322
13 2249 3322
13 2249 3323
13 2249 3323
13 2249 3324
13 2249 3324
13 2249 3325
13 2249 3325
13 2249 3326
13 2249 3326
13 2249 3327
13 2249 3327
13 2249 3328
13 2249 3328
13 2249 3329
13 2249 3329
13 2250 3311
13 2250 3311
13 2250 3329
13 2250 3329
13 2251 3311
13 2251 3311
13 2251 3329
13 2251 3329
13 2252 3311
13 2252 3311
13 2252 3329
13 2252 3329
13 2253 3311
13 2253 3311
13 2253 3329
13 2253 3329
13 2254 3311
13 2254 3311
13 2254 3329
13 2254 3329
13 2255 3311
13 2255 3311
13 2255 3329
13 2255 3329
13 2256 3311
13 2256 3311
13 2256 3329
13 2256 3329
13 2257 3311
13 2257 3311
13 2257 3329
13 2257 3329
13 2258 3311
13 2258 3311
13 2258 3329
13 2258 3329
13 2259 3311
13 2259 3311
13 2259 3329
13 2259 3329
13 2260 3311
13 2260 3311
13 2260 3329
13 2260 3329
13 2261 3311
13 2261 3311
13 2261 3329
13 2261 3329
13 2262 3311
13 2262 3311
13 2262 3329
13 2262 3329
13 2263 3311
13 2263 3311
13 2263 3329
13 2263 3329
13 2264 3311
13 2264 3311
13 2264 3329
13 2264 3329
13 2265 3311
13 2265 3311
13 2265 3329
13 2265 3329
13 2266 3311
13 2266 3311
13 2266 3329
13 2266 3329
13 2267 3311
13 2267 3311
13 2267 3329
13 2267 3329
13 2268 3311
13 2268 3311
13 2268 3329
13 2268 3329
13 2269 3311
13 2269 3311
13 2269 3329
13 2269 3329
13 2270 3311
13 2270 3311
13 2270 3312
13 2270 3312
13 2270 3313
13 2270 3313
13 2270 3314
13 2270 3314
13 2270 3315
13 2270 3315
13 2270 3316
13 2270 3316
13 2270 3317
13 2270 3317
13 2270 3318
13 2270 3318
13 2270 3319
13 2270 3319
13 2270 3320
13 2270 3320
13 2270 3321
13 2270 3321
13 2270 3322
13 2270 3322
13 2270 3323
13 2270 3323
13 2270 3324
13 2270 3324
13 2270 3325
13 2270 3325
13 2270 3326
13 2270 3326
13 2270 3327
13 2270 3327
13 2270 3328
13 2270 3328
13 2270 3329
13 2270 3329
14 4499 6623
14 4499 6624
14 4499 6625
14 4499 6626
14 4499 6627
14 4499 6628
14 4499 6629
14 4499 6630
14 4499 6631
14 4499 6632
14 4499 6633
14 4499 6634
14 4499 6635
14 4499 6636
14 4499 6637
14 4499 6638
14 4499 6639
14 4499 6640
14 4499 6641
14 4499 6642
14 4499 6643
14 4499 6644
14 4499 6645
14 4499 6646
14 4499 6647
14 4499 6648
14 4499 6649
14 4499 6650
14 4499 6651
14 4499 6652
14 4499 6653
14 4499 6654
14 4499 6655
14 4499 6656
14 4499 6657
14 4499 6658
15 8998 13247
15 8998 13248
15 8998 13249
15 8998 13250
15 8998 13251
15 8998 13252
15 8998 13253
15 8998 13254
15 8998 13255
15 8998 13256
15 8998 13257
15 8998 13258
15 8998 13259
15 8998 13260
15 8998 13261
15 8998 13262
15 8998 13263
15 8998 13264
15 8998 13265
15 8998 13266
15 8998 13267
15 8998 13268
15 8998 13269
15 8998 13270
15 8998 13271
15 8998 13272
15 8998 13273
15 8998 13274
15 8998 13275
15 8998 13276
15 8998 13277
15 8998 13278
15 8998 13279
15 8998 13280
15 8998 13281
15 8998 13282
15 8998 13283
15 8998 13284
15 8998 13285
15 8998 13286
15 8998 13287
15 8998 13288
15 8998 13289
15 8998 13290
15 8998 13291
15 8998 13292
15 8998 13293
15 8998 13294
15 8998 13295
15 8998 13296
15 8998 13297
15 8998 13298
15 8998 13299
15 8998 13300
15 8998 13301
15 8998 13302
15 8998 13303
15 8998 13304
15 8998 13305
15 8998 13306
15 8998 13307
15 8998 13308
15 8998 13309
15 8998 13310
15 8998 13311
15 8998 13312
15 8998 13313
15 8998 13314
15 8998 13315
15 8998 13316
15 9000 13301
15 9002 13298
15 9004 13294
15 9010 13261
15 9015 13269
15 9023 13250
15 9027 13249
15 9036 13281
15 9036 13287
15 9038 13261
16 17997 26494
16 17997 26495
16 17997 26496
16 17997 26497
16 17997 26498
16 17997 26499
16 17997 26500
16 17997 26501
16 17997 26502
16 17997 26503
16 17997 26504
16 17997 26505
16 17997 26506
16 17997 26507
16 17997 26508
16 17997 26509
16 17997 26510
16 17997 26511
16 17997 26512
16 17997 26513
16 17997 26514
16 17997 26515
16 17997 26516
16 17997 26517
16 17997 26518
16 17997 26519
16 17997 26520
16 17997 26521
16 17997 26522
16 17997 26523
16 17997 26524
16 17997 26525
16 17997 26526
16 17997 26527
16 17997 26528
16 17997 26529
16 17997 26530
16 17997 26531
16 17997 26532
16 17997 26533
16 17997 26534
16 17997 26535
16 17997 26536
16 17997 26537
16 17997 26538
16 17997 26539
16 17997 26540
16 17997 26541
16 17997 26542
16 17997 26543
16 17997 26544
16 17997 26545
16 17997 26546
16 17997 26547
16 17997 26548
16 17997 26549
16 17997 26550
16 17997 26551
16 17997 26552
16 17997 26553
16 17997 26554
16 17997 26555
16 17997 26556
16 17997 26557
16 17997 26558
16 17997 26559
16 17997 26560
16 17997 26561
16 17997 26562
16 17997 26563
16 17997 26564
16 17997 26565
16 17997 26566
16 17997 26567
16 17997 26568
16 17997 26569
16 17997 26570
16 17997 26571
16 17997 26572
16 17997 26573
16 17997 26574
16 17997 26575
16 17997 26576
16 17997 26577
16 17997 26578
16 17997 26579
16 17997 26580
16 17997 26581
16 17997 26582
16 17997 26583
16 17997 26584
16 17997 26585
16 17997 26586
16 17997 26587
16 17997 26588
16 17997 26589
16 17997 26590
16 17997 26591
16 17997 26592
16 17997 26593
16 17997 26594
16 17997 26595
16 17997 26596
16 17997 26597
16 17997 26598
16 17997 26599
16 17997 26600
16 17997 26601
16 17997 26602
16 17997 26603
16 17997 26604
16 17997 26605
16 17997 26606
16 17997 26607
16 17997 26608
16 17997 26609
16 17997 26610
16 17997 26611
16 17997 26612
16 17997 26613
16 17997 26614
16 17997 26615
16 17997 26616
16 17997 26617
16 17997 26618
16 17997 26619
16 17997 26620
16 17997 26621
16 17997 26622
16 17997 26623
16 17997 26624
16 17997 26625
16 17997 26626
16 17997 26627
16 17997 26628
16 17997 26629
16 17997 26630
16 17997 26631
16 17997 26632
16 17997 26633
16 18001 26602
16 18004 26596
16 18009 26588
16 18021 26523
16 18031 26539
16 18046 26501
16 18055 26498
16 18072 26574
16 18073 26563
16 18076 26523
17 35995 52988
17 35995 52989
17 35995 52990
17 35995 52991
17 35995 52992
17 35995 52993
17 35995 52994
17 35995 52995
17 35995 52996
17 35995 52997
17 35995 52998
17 35995 52999
17 35995 53000
17 35995 53001
17 35995 53002
17 35995 53003
17 35995 53004
17 35995 53005
17 35995 53006
17 35995 53007
17 35995 53008
17 35995 53009
17 35995 53010
17 35995 53011
17 35995 53012
17 35995 53013
17 35995 53014
17 35995 53015
17 35995 53016
17 35995 53017
17 35995 53018
17 35995 53019
17 35995 53020
17 35995 53021
17 35995 53022
17 35995 53023
17 35995 53024
17 35995 53025
17 35995 53026
17 35995 53027
17 35995 53028
17 35995 53029
17 35995 53030
17 35995 53031
17 35995 53032
17 35995 53033
17 35995 53034
17 35995 53035
17 35995 53036
17 35995 53037
17 35995 53038
17 35995 53039
17 35995 53040
17 35995 53041
17 35995 53042
17 35995 53043
17 35995 53044
17 35995 53045
17 35995 53046
17 35995 53047
17 35995 53048
17 35995 53049
17 35995 53050
17 35995 53051
17 35995 53052
17 35995 53053
17 35995 53054
17 35995 53055
17 35995 53056
17 35995 53057
17 35995 53058
17 35995 53059
17 35995 53060
17 35995 53061
17 35995 53062
17 35995 53063
17 35995 53064
17 35995 53065
17 35995 53066
17 35995 53067
17 35995 53068
17 35995 53069
17 35995 53070
17 35995 53071
17 35995 53072
17 35995 53073
17 35995 53074
17 35995 53075
17 35995 53076
17 35995 53077
17 35995 53078
17 35995 53079
17 35995 53080
17 35995 53081
17 35995 53082
17 35995 53083
17 35995 53084
17 35995 53085
17 35995 53086
17 35995 53087
17 35995 53088
17 35995 53089
17 35995 53090
17 35995 53091
17 35995 53092
17 35995 53093
17 35995 53094
17 35995 53095
17 35995 53096
17 35995 53097
17 35995 53098
17 35995 53099
17 35995 53100
17 35995 53101
17 35995 53102
17 35995 53103
17 35995 53104
17 35995 53105
17 35995 53106
17 35995 53107
17 35995 53108
17 35995 53109
17 35995 53110
17 35995 53111
17 35995 53112
17 35995 53113
17 35995 53114
17 35995 53115
17 35995 53116
17 35995 53117
17 35995 53118
17 35995 53119
17 35995 53120
17 35995 53121
17 35995 53122
17 35995 53123
17 35995 53124
17 35995 53125
17 35995 53126
17 35995 53127
17 35995 53128
17 35995 53129
17 35995 53130
17 35995 53131
17 35995 53132
17 35995 53133
17 35995 53134
17 35995 53135
17 35995 53136
17 35995 53137
17 35995 53138
17 35995 53139
17 35995 53140
17 35995 53141
17 35995 53142
17 35995 53143
17 35995 53144
17 35995 53145
17 35995 53146
17 35995 53147
17 35995 53148
17 35995 53149
17 35995 53150
17 35995 53151
17 35995 53152
17 35995 53153
17 35995 53154
17 35995 53155
17 35995 53156
17 35995 53157
17 35995 53158
17 35995 53159
17 35995 53160
17 35995 53161
17 35995 53162
17 35995 53163
17 35995 53164
17 35995 53165
17 35995 53166
17 35995 53167
17 35995 53168
17 35995 53169
17 35995 53170
17 35995 53171
17 35995 53172
17 35995 53173
17 35995 53174
17 35995 53175
17 35995 53176
17 35995 53177
17 35995 53178
17 35995 53179
17 35995 53180
17 35995 53181
17 35995 53182
17 35995 53183
17 35995 53184
17 35995 53185
17 35995 53186
17 35995 53187
17 35995 53188
17 35995 53189
17 35995 53190
17 35995 53191
17 35995 53192
17 35995 53193
17 35995 53194
17 35995 53195
17 35995 53196
17 35995 53197
17 35995 53198
17 35995 53199
17 35995 53200
17 35995 53201
17 35995 53202
17 35995 53203
17 35995 53204
17 35995 53205
17 35995 53206
17 35995 53207
17 35995 53208
17 35995 53209
17 35995 53210
17 35995 53211
17 35995 53212
17 35995 53213
17 35995 53214
17 35995 53215
17 35995 53216
17 35995 53217
17 35995 53218
17 35995 53219
17 35995 53220
17 35995 53221
17 35995 53222
17 35995 53223
17 35995 53224
17 35995 53225
17 35995 53226
17 35995 53227
17 35995 53228
17 35995 53229
17 35995 53230
17 35995 53231
17 35995 53232
17 35995 53233
17 35995 53234
17 35995 53235
17 35995 53236
17 35995 53237
17 35995 53238
17 35995 53239
17 35995 53240
17 35995 53241
17 35995 53242
17 35995 53243
17 35995 53244
17 35995 53245
17 35995 53246
17 35995 53247
17 35995 53248
17 35995 53249
17 35995 53250
17 35995 53251
17 35995 53252
17 35995 53253
17 35995 53254
17 35995 53255
17 35995 53256
17 35995 53257
17 35995 53258
17 35995 53259
17 35995 53260
17 35995 53261
17 35995 53262
17 35995 53263
17 35995 53264
17 35995 53265
17 35995 53266
18 71990 105977
3 2 3
4 4 6
4 4 6
5 8 12
5 8 12
5 8 13
5 8 13
6 17 25
6 17 25
6 17 26
6 17 26
9 140 206
9 140 206
9 141 206
9 141 206
