12 1112 1730
12 1112 1731
12 1112 1732
12 1112 1733
12 1112 1734
12 1112 1737
12 1113 1730
12 1113 1731
12 1113 1732
12 1113 1733
12 1114 1730
12 1114 1731
12 1114 1732
12 1114 1737
12 1115 1730
12 1115 1731
12 1115 1736
12 1115 1737
12 1116 1730
12 1116 1731
12 1116 1736
12 1116 1737
12 1117 1730
12 1117 1735
12 1117 1736
12 1117 1737
12 1118 1730
12 1118 1731
12 1118 1732
12 1118 1734
12 1118 1735
12 1118 1736
12 1118 1737
13 2224 3461
13 2224 3461
13 2224 3461
13 2224 3462
13 2224 3463
13 2224 3464
13 2224 3465
13 2224 3466
13 2224 3467
13 2224 3468
13 2224 3469
13 2224 3470
13 2224 3471
13 2224 3472
13 2224 3473
13 2224 3474
13 2225 3461
13 2225 3462
13 2225 3463
13 2225 3464
13 2225 3465
13 2225 3466
13 2225 3467
13 2225 3468
13 2225 3469
13 2225 3473
13 2225 3474
13 2226 3461
13 2226 3462
13 2226 3463
13 2226 3464
13 2226 3465
13 2226 3466
13 2226 3467
13 2226 3468
13 2226 3469
13 2226 3474
13 2227 3461
13 2227 3462
13 2227 3463
13 2227 3464
13 2227 3465
13 2227 3466
13 2227 3467
13 2227 3468
13 2228 3461
13 2228 3462
13 2228 3463
13 2228 3464
13 2228 3465
13 2228 3466
13 2228 3467
13 2228 3474
13 2229 3461
13 2229 3462
13 2229 3463
13 2229 3464
13 2229 3465
13 2229 3466
13 2229 3473
13 2229 3474
13 2230 3461
13 2230 3462
13 2230 3463
13 2230 3464
13 2230 3465
13 2230 3472
13 2230 3473
13 2230 3474
13 2231 3461
13 2231 3462
13 2231 3463
13 2231 3464
13 2231 3472
13 2231 3473
13 2231 3474
13 2232 3461
13 2232 3462
13 2232 3463
13 2232 3471
13 2232 3472
13 2232 3473
13 2232 3474
13 2233 3461
13 2233 3462
13 2233 3463
13 2233 3470
13 2233 3471
13 2233 3472
13 2233 3473
13 2233 3474
13 2234 3461
13 2234 3462
13 2234 3469
13 2234 3470
13 2234 3471
13 2234 3472
13 2234 3473
13 2234 3474
13 2235 3461
13 2235 3462
13 2235 3463
13 2235 3468
13 2235 3469
13 2235 3470
13 2235 3471
13 2235 3472
13 2235 3473
13 2235 3474
13 2236 3461
13 2236 3462
13 2236 3463
13 2236 3464
13 2236 3465
13 2236 3467
13 2236 3468
13 2236 3469
13 2236 3470
13 2236 3471
13 2236 3472
13 2236 3473
13 2236 3474
13 2237 3461
13 2237 3462
13 2237 3463
13 2237 3464
13 2237 3465
13 2237 3466
13 2237 3467
13 2237 3468
13 2237 3469
13 2237 3470
13 2237 3471
13 2237 3472
13 2237 3473
13 2237 3474
4 4 6
5 8 13
6 17 27
7 34 54
8 69 108
