10 253 424
11 507 848
11 507 848
12 1015 1696
12 1015 1696
13 2031 3392
13 2031 3392
13 2033 3389
13 2033 3389
13 2033 3391
13 2033 3391
13 2033 3392
13 2033 3392
14 4062 6779
14 4062 6784
14 4066 6781
14 4066 6782
14 4066 6783
15 8124 13558
15 8124 13559
15 8124 13560
15 8124 13561
15 8124 13562
15 8124 13563
15 8124 13564
15 8124 13568
15 8131 13566
15 8131 13567
15 8132 13565
16 16249 27117
17 32498 54234
18 64996 108468
3 1 3
4 3 6
4 3 6
5 7 13
5 7 13
6 15 26
6 15 26
7 31 52
7 31 52
7 31 53
7 31 53
8 63 105
8 63 105
8 63 106
8 63 106
9 126 212
9 126 212
