12 1173 1574
12 1173 1575
12 1173 1576
12 1173 1579
12 1173 1580
12 1173 1581
12 1173 1582
12 1173 1583
12 1174 1574
12 1174 1575
12 1174 1579
12 1174 1580
12 1174 1581
12 1174 1582
12 1174 1583
12 1175 1574
12 1175 1580
12 1175 1581
12 1175 1582
12 1175 1583
12 1176 1574
12 1176 1581
12 1176 1582
12 1176 1583
12 1177 1574
12 1177 1582
12 1177 1583
12 1178 1574
12 1178 1575
12 1178 1583
12 1179 1574
12 1179 1575
12 1179 1576
12 1179 1583
12 1180 1574
12 1180 1575
12 1180 1576
12 1180 1577
12 1181 1574
12 1181 1575
12 1181 1576
12 1181 1577
12 1181 1583
12 1182 1574
12 1182 1575
12 1182 1576
12 1182 1577
12 1182 1578
12 1182 1581
12 1182 1582
12 1182 1583
13 2347 3149
4 4 6
5 9 12
6 18 24
