11 322 704
11 322 704
11 323 704
11 323 704
11 324 704
11 324 704
12 645 1409
13 1290 2819
13 1290 2826
13 1292 2819
13 1292 2819
13 1293 2819
13 1293 2819
14 2580 5638
14 2580 5639
14 2580 5652
14 2586 5652
14 2587 5652
14 2600 5656
14 2600 5657
14 2600 5658
14 2601 5656
14 2601 5657
15 5160 11277
15 5160 11278
15 5160 11279
15 5160 11280
15 5160 11281
15 5160 11282
15 5160 11283
15 5160 11284
15 5160 11285
15 5160 11286
15 5160 11287
15 5160 11288
15 5160 11289
15 5160 11290
15 5160 11291
15 5160 11292
15 5160 11293
15 5160 11294
15 5160 11295
15 5160 11296
15 5160 11297
15 5160 11298
15 5160 11299
15 5160 11300
15 5160 11301
15 5160 11302
15 5160 11303
15 5160 11304
16 10320 22554
17 20641 45108
18 41283 90217
3 1 2
4 2 5
4 2 5
5 5 11
5 5 11
6 10 22
6 10 22
7 20 44
7 20 44
8 40 88
8 40 88
