10 292 396
11 584 793
12 1169 1587
12 1169 1587
12 1170 1587
12 1170 1587
12 1171 1587
12 1171 1587
12 1172 1587
12 1172 1587
12 1173 1587
12 1173 1587
12 1174 1587
12 1174 1587
13 2338 3175
13 2338 3175
13 2339 3175
13 2339 3175
13 2340 3175
13 2340 3175
13 2341 3175
13 2341 3175
13 2342 3175
13 2342 3175
13 2343 3175
13 2343 3175
13 2344 3175
13 2344 3175
13 2345 3175
13 2345 3175
13 2346 3175
13 2346 3175
13 2347 3175
13 2347 3175
13 2348 3175
13 2348 3175
13 2349 3175
13 2349 3175
14 4676 6351
14 4676 6352
14 4676 6353
14 4676 6354
14 4676 6355
14 4676 6356
14 4676 6357
14 4676 6358
14 4676 6359
14 4676 6360
14 4676 6361
14 4676 6362
14 4676 6363
14 4676 6364
14 4676 6365
14 4676 6366
14 4676 6367
14 4676 6368
14 4676 6369
15 9353 12703
15 9353 12704
15 9353 12705
15 9353 12706
15 9353 12707
15 9353 12708
15 9353 12709
15 9353 12710
15 9353 12711
15 9353 12712
15 9353 12713
15 9353 12714
15 9353 12715
15 9353 12716
15 9353 12717
15 9353 12718
15 9353 12719
15 9353 12720
15 9353 12721
15 9353 12722
15 9353 12723
15 9353 12724
15 9353 12725
15 9353 12726
15 9353 12727
15 9353 12728
15 9353 12729
15 9353 12730
15 9353 12731
15 9353 12732
15 9353 12733
15 9353 12734
15 9353 12735
15 9353 12736
15 9353 12737
15 9353 12738
16 18706 25407
16 18706 25408
16 18706 25409
16 18706 25410
16 18706 25411
16 18706 25412
16 18706 25413
16 18706 25414
16 18706 25415
16 18706 25416
16 18706 25417
16 18706 25418
16 18706 25419
16 18706 25420
16 18706 25421
16 18706 25422
16 18706 25423
16 18706 25424
16 18706 25425
16 18706 25426
16 18706 25427
16 18706 25428
16 18706 25429
16 18706 25430
16 18706 25431
16 18706 25432
16 18706 25433
16 18706 25434
16 18706 25435
16 18706 25436
16 18706 25437
16 18706 25438
16 18706 25439
16 18706 25440
16 18706 25441
16 18706 25442
16 18706 25443
16 18706 25444
16 18706 25445
16 18706 25446
16 18706 25447
16 18706 25448
16 18706 25449
16 18706 25450
16 18706 25451
16 18706 25452
16 18706 25453
16 18706 25454
16 18706 25455
16 18706 25456
16 18706 25457
16 18706 25458
16 18706 25459
16 18706 25460
16 18706 25461
16 18706 25462
16 18706 25463
16 18706 25464
16 18706 25465
16 18706 25466
16 18706 25467
16 18706 25468
16 18706 25469
16 18706 25470
16 18706 25471
16 18706 25472
16 18706 25473
16 18706 25474
16 18706 25475
16 18706 25476
16 18706 25477
16 18709 25429
17 37412 50815
17 37412 50816
17 37412 50817
17 37412 50818
17 37412 50819
17 37412 50820
17 37412 50821
17 37412 50822
17 37412 50823
17 37412 50824
17 37412 50825
17 37412 50826
17 37412 50827
17 37412 50828
17 37412 50829
17 37412 50830
17 37412 50831
17 37412 50832
17 37412 50833
17 37412 50834
17 37412 50835
17 37412 50836
17 37412 50837
17 37412 50838
17 37412 50839
17 37412 50840
17 37412 50841
17 37412 50842
17 37412 50843
17 37412 50844
17 37412 50845
17 37412 50846
17 37412 50847
17 37412 50848
17 37412 50849
17 37412 50850
17 37412 50851
17 37412 50852
17 37412 50853
17 37412 50854
17 37412 50855
17 37412 50856
17 37412 50857
17 37412 50858
17 37412 50859
17 37412 50860
17 37412 50861
17 37412 50862
17 37412 50863
17 37412 50864
17 37412 50865
17 37412 50866
17 37412 50867
17 37412 50868
17 37412 50869
17 37412 50870
17 37412 50871
17 37412 50872
17 37412 50873
17 37412 50874
17 37412 50875
17 37412 50876
17 37412 50877
17 37412 50878
17 37412 50879
17 37412 50880
17 37412 50881
17 37412 50882
17 37412 50883
17 37412 50884
17 37412 50885
17 37412 50886
17 37412 50887
17 37412 50888
17 37412 50889
17 37412 50890
17 37412 50891
17 37412 50892
17 37412 50893
17 37412 50894
17 37412 50895
17 37412 50896
17 37412 50897
17 37412 50898
17 37412 50899
17 37412 50900
17 37412 50901
17 37412 50902
17 37412 50903
17 37412 50904
17 37412 50905
17 37412 50906
17 37412 50907
17 37412 50908
17 37412 50909
17 37412 50910
17 37412 50911
17 37412 50912
17 37412 50913
17 37412 50914
17 37412 50915
17 37412 50916
17 37412 50917
17 37412 50918
17 37412 50919
17 37412 50920
17 37412 50921
17 37412 50922
17 37412 50923
17 37412 50924
17 37412 50925
17 37412 50926
17 37412 50927
17 37412 50928
17 37412 50929
17 37412 50930
17 37412 50931
17 37412 50932
17 37412 50933
17 37412 50934
17 37412 50935
17 37412 50936
17 37412 50937
17 37412 50938
17 37412 50939
17 37412 50940
17 37412 50941
17 37412 50942
17 37412 50943
17 37412 50944
17 37412 50945
17 37412 50946
17 37412 50947
17 37412 50948
17 37412 50949
17 37412 50950
17 37412 50951
17 37412 50952
17 37412 50953
17 37412 50954
17 37419 50859
18 74825 101630
18 74839 101719
3 2 3
4 4 6
4 4 6
5 9 12
5 9 12
6 18 24
6 18 24
7 36 49
7 36 49
