13 2410 3077
13 2410 3077
13 2410 3078
13 2410 3078
13 2410 3081
13 2410 3081
13 2413 3077
13 2413 3077
13 2413 3081
13 2413 3081
14 4820 6155
14 4820 6156
14 4820 6157
14 4820 6158
14 4820 6159
14 4820 6162
14 4820 6163
14 4826 6161
14 4827 6160
15 9641 12311
15 9641 12312
15 9641 12313
15 9641 12314
15 9641 12315
15 9641 12316
15 9641 12317
15 9641 12318
15 9641 12319
15 9641 12320
15 9641 12323
15 9641 12324
15 9641 12325
15 9641 12326
15 9652 12321
15 9652 12322
16 19282 24622
16 19282 24623
16 19282 24624
16 19282 24625
16 19282 24626
16 19282 24627
16 19282 24628
16 19282 24629
16 19282 24630
16 19282 24631
16 19282 24632
16 19282 24633
16 19282 24634
16 19282 24635
16 19282 24636
16 19282 24637
16 19282 24638
16 19282 24639
16 19282 24640
16 19282 24641
16 19282 24642
16 19282 24643
16 19282 24644
16 19282 24645
16 19282 24646
16 19282 24647
16 19282 24648
16 19282 24649
16 19282 24650
16 19282 24651
16 19282 24652
17 38565 49244
18 77130 98488
3 2 3
4 4 6
4 4 6
5 9 12
5 9 12
6 18 24
6 18 24
7 37 48
7 37 48
8 75 96
8 75 96
9 150 192
9 150 192
