11 563 877
11 563 878
12 1115 1762
12 1115 1762
12 1116 1762
12 1116 1762
12 1117 1762
12 1117 1762
12 1118 1762
12 1118 1762
12 1119 1762
12 1119 1762
12 1120 1762
12 1120 1762
12 1121 1762
12 1121 1762
12 1122 1762
12 1122 1762
12 1123 1762
12 1123 1762
12 1124 1762
12 1124 1762
12 1125 1762
12 1125 1762
12 1126 1754
12 1126 1754
12 1126 1755
12 1126 1755
12 1126 1756
12 1126 1756
12 1126 1757
12 1126 1757
12 1126 1758
12 1126 1758
12 1126 1759
12 1126 1759
12 1126 1760
12 1126 1760
12 1126 1761
12 1126 1761
12 1126 1762
12 1126 1762
13 2231 3508
13 2231 3508
13 2231 3524
13 2231 3524
13 2232 3508
13 2232 3508
13 2232 3524
13 2232 3524
13 2233 3508
13 2233 3508
13 2233 3524
13 2233 3524
13 2234 3508
13 2234 3508
13 2234 3524
13 2234 3524
13 2235 3508
13 2235 3508
13 2235 3524
13 2235 3524
13 2236 3508
13 2236 3508
13 2236 3524
13 2236 3524
13 2237 3508
13 2237 3508
13 2237 3524
13 2237 3524
13 2238 3508
13 2238 3508
13 2238 3524
13 2238 3524
13 2239 3508
13 2239 3508
13 2239 3524
13 2239 3524
13 2240 3508
13 2240 3508
13 2240 3524
13 2240 3524
13 2241 3508
13 2241 3508
13 2241 3524
13 2241 3524
13 2242 3508
13 2242 3508
13 2242 3524
13 2242 3524
13 2243 3508
13 2243 3508
13 2243 3524
13 2243 3524
13 2244 3508
13 2244 3508
13 2244 3524
13 2244 3524
13 2245 3508
13 2245 3508
13 2245 3524
13 2245 3524
13 2246 3508
13 2246 3508
13 2246 3524
13 2246 3524
13 2247 3508
13 2247 3508
13 2247 3524
13 2247 3524
13 2248 3508
13 2248 3508
13 2248 3524
13 2248 3524
13 2249 3508
13 2249 3508
13 2249 3524
13 2249 3524
13 2250 3508
13 2250 3508
13 2250 3524
13 2250 3524
13 2251 3508
13 2251 3508
13 2251 3509
13 2251 3509
13 2251 3510
13 2251 3510
13 2251 3511
13 2251 3511
13 2251 3512
13 2251 3512
13 2251 3513
13 2251 3513
13 2251 3514
13 2251 3514
13 2251 3515
13 2251 3515
13 2251 3516
13 2251 3516
13 2251 3517
13 2251 3517
13 2251 3518
13 2251 3518
13 2251 3519
13 2251 3519
13 2251 3520
13 2251 3520
13 2251 3521
13 2251 3521
13 2251 3522
13 2251 3522
13 2251 3523
13 2251 3523
13 2251 3524
13 2251 3524
13 2252 3508
13 2252 3508
13 2252 3509
13 2252 3509
13 2252 3510
13 2252 3510
13 2252 3511
13 2252 3511
13 2252 3512
13 2252 3512
13 2252 3513
13 2252 3513
13 2252 3514
13 2252 3514
13 2252 3515
13 2252 3515
13 2252 3516
13 2252 3516
13 2252 3517
13 2252 3517
13 2252 3518
13 2252 3518
13 2252 3519
13 2252 3519
13 2252 3520
13 2252 3520
13 2252 3521
13 2252 3521
13 2252 3522
13 2252 3522
13 2252 3523
13 2252 3523
13 2252 3524
13 2252 3524
14 4463 7016
14 4463 7017
14 4463 7048
14 4502 7018
14 4502 7019
14 4502 7020
14 4502 7021
14 4502 7022
14 4502 7023
14 4502 7024
14 4502 7025
14 4502 7026
14 4502 7027
14 4502 7028
14 4502 7029
14 4502 7030
14 4502 7031
14 4502 7032
14 4502 7033
14 4502 7034
14 4502 7035
14 4502 7036
14 4502 7037
14 4502 7038
14 4502 7039
14 4502 7040
14 4502 7041
14 4502 7042
14 4502 7043
14 4502 7044
14 4502 7045
14 4502 7046
14 4502 7047
14 4503 7029
14 4503 7030
14 4504 7029
14 4504 7030
15 8926 14033
15 8926 14034
15 8926 14035
15 8926 14036
15 8926 14037
15 8926 14038
15 8926 14039
15 8926 14040
15 8926 14041
15 8926 14042
15 8926 14043
15 8926 14044
15 8926 14045
15 8926 14046
15 8926 14047
15 8926 14048
15 8926 14049
15 8926 14050
15 8926 14051
15 8926 14052
15 8926 14053
15 8926 14054
15 8926 14055
15 8926 14056
15 8926 14057
15 8926 14058
15 8926 14059
15 8926 14060
15 8926 14061
15 8926 14062
15 8926 14063
15 8926 14064
15 8926 14065
15 8926 14066
15 8926 14067
15 8926 14068
15 8926 14069
15 8926 14070
15 8926 14071
15 8926 14072
15 8926 14073
15 8926 14074
15 8926 14075
15 8926 14076
15 8926 14077
15 8926 14078
15 8926 14079
15 8926 14080
15 8926 14081
15 8926 14082
15 8926 14083
15 8926 14084
15 8926 14085
15 8926 14086
15 8926 14087
15 8926 14088
15 8926 14089
15 8926 14090
15 8926 14091
15 8926 14092
15 8926 14093
15 8926 14094
15 8926 14095
15 8926 14096
15 8926 14097
15 9003 14060
15 9003 14061
15 9004 14058
15 9004 14060
15 9004 14062
15 9004 14063
15 9004 14066
15 9006 14059
15 9006 14060
15 9007 14058
15 9008 14059
15 9009 14059
15 9009 14060
15 9009 14061
16 17852 28066
16 17852 28067
16 17852 28068
16 17852 28069
16 17852 28070
16 17852 28071
16 17852 28072
16 17852 28073
16 17852 28074
16 17852 28075
16 17852 28076
16 17852 28077
16 17852 28078
16 17852 28079
16 17852 28080
16 17852 28081
16 17852 28082
16 17852 28083
16 17852 28084
16 17852 28085
16 17852 28086
16 17852 28087
16 17852 28088
16 17852 28089
16 17852 28090
16 17852 28091
16 17852 28092
16 17852 28093
16 17852 28094
16 17852 28095
16 17852 28096
16 17852 28097
16 17852 28098
16 17852 28099
16 17852 28100
16 17852 28101
16 17852 28102
16 17852 28103
16 17852 28104
16 17852 28105
16 17852 28106
16 17852 28107
16 17852 28108
16 17852 28109
16 17852 28110
16 17852 28111
16 17852 28112
16 17852 28113
16 17852 28114
16 17852 28115
16 17852 28116
16 17852 28117
16 17852 28118
16 17852 28119
16 17852 28120
16 17852 28121
16 17852 28122
16 17852 28123
16 17852 28124
16 17852 28125
16 17852 28126
16 17852 28127
16 17852 28128
16 17852 28129
16 17852 28130
16 17852 28131
16 17852 28132
16 17852 28133
16 17852 28134
16 17852 28135
16 17852 28136
16 17852 28137
16 17852 28138
16 17852 28139
16 17852 28140
16 17852 28141
16 17852 28142
16 17852 28143
16 17852 28144
16 17852 28145
16 17852 28146
16 17852 28147
16 17852 28148
16 17852 28149
16 17852 28150
16 17852 28151
16 17852 28152
16 17852 28153
16 17852 28154
16 17852 28155
16 17852 28156
16 17852 28157
16 17852 28158
16 17852 28159
16 17852 28160
16 17852 28161
16 17852 28162
16 17852 28163
16 17852 28164
16 17852 28165
16 17852 28166
16 17852 28167
16 17852 28168
16 17852 28169
16 17852 28170
16 17852 28171
16 17852 28172
16 17852 28173
16 17852 28174
16 17852 28175
16 17852 28176
16 17852 28177
16 17852 28178
16 17852 28179
16 17852 28180
16 17852 28181
16 17852 28182
16 17852 28183
16 17852 28184
16 17852 28185
16 17852 28186
16 17852 28187
16 17852 28188
16 17852 28189
16 17852 28190
16 17852 28191
16 17852 28192
16 17852 28193
16 17852 28194
16 17852 28195
16 17853 28159
16 17854 28144
16 17854 28156
16 17854 28168
16 17855 28154
16 17858 28168
16 17860 28153
16 17861 28157
16 17862 28174
16 17865 28152
16 17866 28156
16 17867 28143
16 17869 28173
16 17871 28151
16 17872 28147
16 17873 28148
16 17874 28152
16 17874 28153
16 17875 28149
16 17875 28150
16 17877 28148
16 17878 28154
16 17879 28153
16 17880 28152
16 17880 28154
16 17881 28138
16 17881 28149
16 17881 28155
16 17882 28155
16 17883 28150
16 17884 28154
16 17885 28149
16 17886 28138
16 17886 28152
16 17887 28150
16 17887 28152
16 17887 28153
16 17888 28139
16 17888 28149
16 17888 28152
16 17889 28134
16 17889 28141
16 17890 28136
16 17891 28135
16 17891 28144
16 17892 28145
16 17892 28147
16 17893 28136
16 17893 28141
16 17894 28144
16 17895 28139
16 17896 28130
16 17896 28145
16 17897 28140
16 17898 28141
16 17899 28125
16 17899 28146
16 17900 28151
16 17901 28133
16 17901 28142
16 17902 28143
16 17902 28145
16 17903 28129
16 17903 28135
16 17903 28149
16 17904 28137
16 17904 28139
16 17904 28143
16 17905 28123
16 17905 28149
16 17906 28127
16 17906 28128
16 17906 28145
16 17906 28148
16 17907 28122
16 17907 28148
16 17907 28149
16 17908 28129
16 17910 28126
16 17912 28124
16 17912 28164
16 17913 28125
16 17914 28131
16 17914 28135
16 17914 28140
16 17914 28144
16 17916 28121
16 17916 28131
16 17917 28135
16 17917 28144
16 17918 28131
16 17918 28135
16 17919 28113
16 17919 28162
16 17920 28134
16 17920 28136
16 17920 28138
16 17921 28116
16 17921 28122
16 17921 28143
16 17921 28151
16 17922 28114
16 17922 28134
16 17923 28136
16 17925 28127
16 17927 28160
16 17928 28114
16 17928 28135
16 17929 28136
16 17929 28139
16 17931 28119
16 17931 28122
16 17931 28129
16 17931 28131
16 17932 28115
16 17933 28134
16 17933 28136
16 17934 28107
16 17935 28125
16 17936 28137
16 17936 28142
16 17937 28136
16 17939 28137
16 17940 28112
16 17941 28102
16 17941 28115
16 17941 28132
16 17941 28133
16 17941 28137
16 17941 28138
16 17944 28104
16 17944 28128
16 17945 28095
16 17946 28097
16 17947 28111
16 17947 28116
16 17947 28133
16 17948 28155
16 17949 28140
16 17950 28099
16 17950 28135
16 17950 28141
16 17951 28139
16 17953 28116
16 17953 28117
16 17953 28139
16 17954 28139
16 17956 28118
16 17957 28114
16 17957 28123
16 17957 28134
16 17958 28121
16 17958 28126
16 17958 28130
16 17959 28116
16 17959 28138
16 17960 28110
16 17961 28097
16 17961 28117
16 17961 28137
16 17962 28133
16 17963 28129
16 17965 28135
16 17966 28114
16 17966 28134
16 17967 28093
16 17969 28110
16 17969 28121
16 17970 28104
16 17971 28123
16 17972 28114
16 17974 28116
16 17974 28132
16 17977 28113
16 17977 28130
16 17979 28116
16 17979 28129
16 17981 28173
16 17983 28113
16 17983 28128
16 17988 28128
16 17990 28125
16 17993 28113
16 17994 28102
16 17994 28124
16 17998 28118
16 18000 28124
16 18001 28122
16 18001 28123
16 18002 28122
16 18002 28127
16 18002 28140
16 18004 28125
16 18005 28122
16 18005 28123
16 18005 28125
16 18005 28138
16 18006 28121
16 18006 28123
16 18008 28116
16 18008 28120
16 18008 28124
16 18008 28127
16 18009 28121
16 18009 28132
16 18013 28118
16 18013 28120
16 18014 28117
16 18015 28117
16 18016 28119
16 18018 28118
16 18018 28121
16 18018 28122
16 18019 28118
17 35704 56133
17 35704 56134
17 35704 56135
17 35704 56136
17 35704 56137
17 35704 56138
17 35704 56139
17 35704 56140
17 35704 56141
17 35704 56142
17 35704 56143
17 35704 56144
17 35704 56145
17 35704 56146
17 35704 56147
17 35704 56148
17 35704 56149
17 35704 56150
17 35704 56151
17 35704 56152
17 35704 56153
17 35704 56154
17 35704 56155
17 35704 56156
17 35704 56157
17 35704 56158
17 35704 56159
17 35704 56160
17 35704 56161
17 35704 56162
17 35704 56163
17 35704 56164
17 35704 56165
17 35704 56166
17 35704 56167
17 35704 56168
17 35704 56169
17 35704 56170
17 35704 56171
17 35704 56172
17 35704 56173
17 35704 56174
17 35704 56175
17 35704 56176
17 35704 56177
17 35704 56178
17 35704 56179
17 35704 56180
17 35704 56181
17 35704 56182
17 35704 56183
17 35704 56184
17 35704 56185
17 35704 56186
17 35704 56187
17 35704 56188
17 35704 56189
17 35704 56190
17 35704 56191
17 35704 56192
17 35704 56193
17 35704 56194
17 35704 56195
17 35704 56196
17 35704 56197
17 35704 56198
17 35704 56199
17 35704 56200
17 35704 56201
17 35704 56202
17 35704 56203
17 35704 56204
17 35704 56205
17 35704 56206
17 35704 56207
17 35704 56208
17 35704 56209
17 35704 56210
17 35704 56211
17 35704 56212
17 35704 56213
17 35704 56214
17 35704 56215
17 35704 56216
17 35704 56217
17 35704 56218
17 35704 56219
17 35704 56220
17 35704 56221
17 35704 56222
17 35704 56223
17 35704 56224
17 35704 56225
17 35704 56226
17 35704 56227
17 35704 56228
17 35704 56229
17 35704 56230
17 35704 56231
17 35704 56232
17 35704 56233
17 35704 56234
17 35704 56235
17 35704 56236
17 35704 56237
17 35704 56238
17 35704 56239
17 35704 56240
17 35704 56241
17 35704 56242
17 35704 56243
17 35704 56244
17 35704 56245
17 35704 56246
17 35704 56247
17 35704 56248
17 35704 56249
17 35704 56250
17 35704 56251
17 35704 56252
17 35704 56253
17 35704 56254
17 35704 56255
17 35704 56256
17 35704 56257
17 35704 56258
17 35704 56259
17 35704 56260
17 35704 56261
17 35704 56262
17 35704 56263
17 35704 56264
17 35704 56265
17 35704 56266
17 35704 56267
17 35704 56268
17 35704 56269
17 35704 56270
17 35704 56271
17 35704 56272
17 35704 56273
17 35704 56274
17 35704 56275
17 35704 56276
17 35704 56277
17 35704 56278
17 35704 56279
17 35704 56280
17 35704 56281
17 35704 56282
17 35704 56283
17 35704 56284
17 35704 56285
17 35704 56286
17 35704 56287
17 35704 56288
17 35704 56289
17 35704 56290
17 35704 56291
17 35704 56292
17 35704 56293
17 35704 56294
17 35704 56295
17 35704 56296
17 35704 56297
17 35704 56298
17 35704 56299
17 35704 56300
17 35704 56301
17 35704 56302
17 35704 56303
17 35704 56304
17 35704 56305
17 35704 56306
17 35704 56307
17 35704 56308
17 35704 56309
17 35704 56310
17 35704 56311
17 35704 56312
17 35704 56313
17 35704 56314
17 35704 56315
17 35704 56316
17 35704 56317
17 35704 56318
17 35704 56319
17 35704 56320
17 35704 56321
17 35704 56322
17 35704 56323
17 35704 56324
17 35704 56325
17 35704 56326
17 35704 56327
17 35704 56328
17 35704 56329
17 35704 56330
17 35704 56331
17 35704 56332
17 35704 56333
17 35704 56334
17 35704 56335
17 35704 56336
17 35704 56337
17 35704 56338
17 35704 56339
17 35704 56340
17 35704 56341
17 35704 56342
17 35704 56343
17 35704 56344
17 35704 56345
17 35704 56346
17 35704 56347
17 35704 56348
17 35704 56349
17 35704 56350
17 35704 56351
17 35704 56352
17 35704 56353
17 35704 56354
17 35704 56355
17 35704 56356
17 35704 56357
17 35704 56358
17 35704 56359
17 35704 56360
17 35704 56361
17 35704 56362
17 35704 56363
17 35704 56364
17 35704 56365
17 35704 56366
17 35704 56367
17 35704 56368
17 35704 56369
17 35704 56370
17 35704 56371
17 35704 56372
17 35704 56373
17 35704 56374
17 35704 56375
17 35704 56376
17 35704 56377
17 35704 56378
17 35704 56379
17 35704 56380
17 35704 56381
17 35704 56382
17 35704 56383
17 35704 56384
17 35704 56385
17 35704 56386
17 35704 56387
17 35704 56388
17 35704 56389
17 35704 56390
17 35704 56391
18 71408 112266
3 2 3
4 4 6
4 4 6
5 8 13
5 8 13
6 17 27
6 17 27
7 34 54
7 34 54
7 34 55
7 34 55
7 35 54
7 35 54
7 35 55
7 35 55
