11 605 766
12 1210 1533
12 1210 1533
12 1211 1533
12 1211 1533
12 1213 1536
12 1213 1536
12 1214 1536
12 1214 1536
12 1215 1533
12 1215 1533
12 1215 1535
12 1215 1535
12 1215 1536
12 1215 1536
13 2420 3066
13 2420 3066
13 2420 3067
13 2420 3067
13 2420 3068
13 2420 3068
13 2420 3069
13 2420 3069
13 2420 3071
13 2420 3071
13 2420 3072
13 2420 3072
13 2420 3073
13 2420 3073
13 2421 3066
13 2421 3066
13 2421 3067
13 2421 3067
13 2421 3068
13 2421 3068
13 2421 3073
13 2421 3073
13 2422 3066
13 2422 3066
13 2422 3067
13 2422 3067
13 2422 3068
13 2422 3068
13 2423 3066
13 2423 3066
13 2423 3067
13 2423 3067
13 2424 3066
13 2424 3066
13 2424 3073
13 2424 3073
13 2425 3066
13 2425 3066
13 2425 3073
13 2425 3073
13 2426 3072
13 2426 3072
13 2426 3073
13 2426 3073
13 2427 3072
13 2427 3072
13 2427 3073
13 2427 3073
13 2428 3071
13 2428 3071
13 2428 3072
13 2428 3072
13 2428 3073
13 2428 3073
13 2429 3066
13 2429 3066
13 2429 3071
13 2429 3071
13 2429 3072
13 2429 3072
13 2429 3073
13 2429 3073
13 2430 3066
13 2430 3066
13 2430 3067
13 2430 3067
13 2430 3070
13 2430 3070
13 2430 3071
13 2430 3071
13 2430 3072
13 2430 3072
13 2430 3073
13 2430 3073
14 4841 6132
14 4841 6133
14 4841 6134
14 4841 6135
14 4841 6136
14 4841 6137
14 4841 6138
14 4841 6139
14 4841 6141
14 4841 6142
14 4841 6143
14 4841 6144
14 4841 6145
14 4841 6146
14 4841 6147
14 4859 6140
15 9683 12264
15 9683 12265
15 9683 12266
15 9683 12267
15 9683 12268
15 9683 12269
15 9683 12270
15 9683 12271
15 9683 12272
15 9683 12273
15 9683 12274
15 9683 12275
15 9683 12276
15 9683 12277
15 9683 12278
15 9683 12279
15 9683 12282
15 9683 12283
15 9683 12284
15 9683 12285
15 9683 12286
15 9683 12287
15 9683 12288
15 9683 12289
15 9683 12290
15 9683 12291
15 9683 12292
15 9683 12293
15 9683 12294
15 9716 12281
15 9718 12280
16 19366 24528
16 19366 24529
16 19366 24530
16 19366 24531
16 19366 24532
16 19366 24533
16 19366 24534
16 19366 24535
16 19366 24536
16 19366 24537
16 19366 24538
16 19366 24539
16 19366 24540
16 19366 24541
16 19366 24542
16 19366 24543
16 19366 24544
16 19366 24545
16 19366 24546
16 19366 24547
16 19366 24548
16 19366 24549
16 19366 24550
16 19366 24551
16 19366 24552
16 19366 24553
16 19366 24554
16 19366 24555
16 19366 24556
16 19366 24557
16 19366 24558
16 19366 24559
16 19366 24560
16 19366 24561
16 19366 24562
16 19366 24563
16 19366 24564
16 19366 24565
16 19366 24566
16 19366 24567
16 19366 24568
16 19366 24569
16 19366 24570
16 19366 24571
16 19366 24572
16 19366 24573
16 19366 24574
16 19366 24575
16 19366 24576
16 19366 24577
16 19366 24578
16 19366 24579
16 19366 24580
16 19366 24581
16 19366 24582
16 19366 24583
16 19366 24584
16 19366 24585
16 19366 24586
16 19366 24587
16 19366 24588
17 38732 49056
17 38732 49057
17 38732 49058
17 38732 49059
17 38732 49060
17 38732 49061
17 38732 49062
17 38732 49063
17 38732 49064
17 38732 49065
17 38732 49066
17 38732 49067
17 38732 49068
17 38732 49069
17 38732 49070
17 38732 49071
17 38732 49072
17 38732 49073
17 38732 49074
17 38732 49075
17 38732 49076
17 38732 49077
17 38732 49078
17 38732 49079
17 38732 49080
17 38732 49081
17 38732 49082
17 38732 49083
17 38732 49084
17 38732 49085
17 38732 49086
17 38732 49087
17 38732 49088
17 38732 49089
17 38732 49090
17 38732 49091
17 38732 49092
17 38732 49093
17 38732 49094
17 38732 49095
17 38732 49096
17 38732 49097
17 38732 49098
17 38732 49099
17 38732 49100
17 38732 49101
17 38732 49102
17 38732 49103
17 38732 49104
17 38732 49105
17 38732 49106
17 38732 49107
17 38732 49108
17 38732 49109
17 38732 49110
17 38732 49111
17 38732 49112
17 38732 49113
17 38732 49114
17 38732 49115
17 38732 49116
17 38732 49117
17 38732 49118
17 38732 49119
17 38732 49120
17 38732 49121
17 38732 49122
17 38732 49123
17 38732 49124
17 38732 49125
17 38732 49126
17 38732 49127
17 38732 49128
17 38732 49129
17 38732 49130
17 38732 49131
17 38732 49132
17 38732 49133
17 38732 49134
17 38732 49135
17 38732 49136
17 38732 49137
17 38732 49138
17 38732 49139
17 38732 49140
17 38732 49141
17 38732 49142
17 38732 49143
17 38732 49144
17 38732 49145
17 38732 49146
17 38732 49147
17 38732 49148
17 38732 49149
17 38732 49150
17 38732 49151
17 38732 49152
17 38732 49153
17 38732 49154
17 38732 49155
17 38732 49156
17 38732 49157
17 38732 49158
17 38732 49159
17 38732 49160
17 38732 49161
17 38732 49162
17 38732 49163
17 38732 49164
17 38732 49165
17 38732 49166
17 38732 49167
17 38732 49168
17 38732 49169
17 38732 49170
17 38732 49171
17 38732 49172
17 38732 49173
17 38732 49174
17 38732 49175
17 38732 49176
17 38732 49177
18 77465 98113
18 77465 98114
18 77465 98115
18 77465 98116
18 77465 98117
18 77465 98118
18 77465 98119
18 77465 98120
18 77465 98121
18 77465 98122
18 77465 98123
18 77465 98124
18 77465 98125
18 77465 98126
18 77465 98127
18 77465 98128
18 77465 98129
18 77465 98130
18 77465 98131
18 77465 98132
18 77465 98133
18 77465 98134
18 77465 98135
18 77465 98136
18 77465 98137
18 77465 98138
18 77465 98139
18 77465 98140
18 77465 98141
18 77465 98142
18 77465 98143
18 77465 98144
18 77465 98145
18 77465 98146
18 77465 98147
18 77465 98148
18 77465 98149
18 77465 98150
18 77465 98151
18 77465 98152
18 77465 98153
18 77465 98154
18 77465 98155
18 77465 98156
18 77465 98157
18 77465 98158
18 77465 98159
18 77465 98160
18 77465 98161
18 77465 98162
18 77465 98163
18 77465 98164
18 77465 98165
18 77465 98166
18 77465 98167
18 77465 98168
18 77465 98169
18 77465 98170
18 77465 98171
18 77465 98172
18 77465 98173
18 77465 98174
18 77465 98175
18 77465 98176
18 77465 98177
18 77465 98178
18 77465 98179
18 77465 98180
18 77465 98181
18 77465 98182
18 77465 98183
18 77465 98184
18 77465 98185
18 77465 98186
18 77465 98187
18 77465 98188
18 77465 98189
18 77465 98190
18 77465 98191
18 77465 98192
18 77465 98193
18 77465 98194
18 77465 98195
18 77465 98196
18 77465 98197
18 77465 98198
18 77465 98199
18 77465 98200
18 77465 98201
18 77465 98202
18 77465 98203
18 77465 98204
18 77465 98205
18 77465 98206
18 77465 98207
18 77465 98208
18 77465 98209
18 77465 98210
18 77465 98211
18 77465 98212
18 77465 98213
18 77465 98214
18 77465 98215
18 77465 98216
18 77465 98217
18 77465 98218
18 77465 98219
18 77465 98220
18 77465 98221
18 77465 98222
18 77465 98223
18 77465 98224
18 77465 98225
18 77465 98226
18 77465 98227
18 77465 98228
18 77465 98229
18 77465 98230
18 77465 98231
18 77465 98232
18 77465 98233
18 77465 98234
18 77465 98235
18 77465 98236
18 77465 98237
18 77465 98238
18 77465 98239
18 77465 98240
18 77465 98241
18 77465 98242
18 77465 98243
18 77465 98244
18 77465 98245
18 77465 98246
18 77465 98247
18 77465 98248
18 77465 98249
18 77465 98250
18 77465 98251
18 77465 98252
18 77465 98253
18 77465 98254
18 77465 98255
18 77465 98256
18 77465 98257
18 77465 98258
18 77465 98259
18 77465 98260
18 77465 98261
18 77465 98262
18 77465 98263
18 77465 98264
18 77465 98265
18 77465 98266
18 77465 98267
18 77465 98268
18 77465 98269
18 77465 98270
18 77465 98271
18 77465 98272
18 77465 98273
18 77465 98274
18 77465 98275
18 77465 98276
18 77465 98277
18 77465 98278
18 77465 98279
18 77465 98280
18 77465 98281
18 77465 98282
18 77465 98283
18 77465 98284
18 77465 98285
18 77465 98286
18 77465 98287
18 77465 98288
18 77465 98289
18 77465 98290
18 77465 98291
18 77465 98292
18 77465 98293
18 77465 98294
18 77465 98295
18 77465 98296
18 77465 98297
18 77465 98298
18 77465 98299
18 77465 98300
18 77465 98301
18 77465 98302
18 77465 98303
18 77465 98304
18 77465 98305
18 77465 98306
18 77465 98307
18 77465 98308
18 77465 98309
18 77465 98310
18 77465 98311
18 77465 98312
18 77465 98313
18 77465 98314
18 77465 98315
18 77465 98316
18 77465 98317
18 77465 98318
18 77465 98319
18 77465 98320
18 77465 98321
18 77465 98322
18 77465 98323
18 77465 98324
18 77465 98325
18 77465 98326
18 77465 98327
18 77465 98328
18 77465 98329
18 77465 98330
18 77465 98331
18 77465 98332
18 77465 98333
18 77465 98334
18 77465 98335
18 77465 98336
18 77465 98337
18 77465 98338
18 77465 98339
18 77465 98340
18 77465 98341
18 77465 98342
18 77465 98343
18 77465 98344
18 77465 98345
18 77465 98346
18 77465 98347
18 77465 98348
18 77465 98349
18 77465 98350
18 77465 98351
18 77465 98352
18 77465 98353
18 77465 98354
18 77465 98355
3 2 2
4 4 5
4 4 5
4 4 6
4 4 6
5 9 11
5 9 11
5 9 12
5 9 12
6 18 23
6 18 23
6 18 24
6 18 24
7 37 47
7 37 47
7 37 48
7 37 48
