10 243 422
11 487 845
11 487 845
12 974 1690
12 974 1690
12 974 1691
12 974 1691
12 974 1692
12 974 1692
12 974 1693
12 974 1693
12 975 1690
12 975 1690
12 975 1691
12 975 1691
12 975 1692
12 975 1692
12 976 1690
12 976 1690
12 976 1691
12 976 1691
12 976 1695
12 976 1695
12 977 1690
12 977 1690
12 977 1691
12 977 1691
12 977 1694
12 977 1694
12 977 1695
12 977 1695
12 978 1690
12 978 1690
12 978 1694
12 978 1694
12 978 1695
12 978 1695
12 979 1693
12 979 1693
12 979 1694
12 979 1694
12 979 1695
12 979 1695
12 980 1692
12 980 1692
12 980 1693
12 980 1693
12 980 1694
12 980 1694
12 980 1695
12 980 1695
13 1949 3380
13 1949 3380
13 1949 3381
13 1949 3381
13 1949 3382
13 1949 3382
13 1949 3383
13 1949 3383
13 1949 3384
13 1949 3384
13 1949 3385
13 1949 3385
13 1949 3386
13 1949 3386
13 1949 3387
13 1949 3387
13 1950 3380
13 1950 3380
13 1950 3381
13 1950 3381
13 1950 3382
13 1950 3382
13 1950 3383
13 1950 3383
13 1950 3384
13 1950 3384
13 1950 3385
13 1950 3385
13 1950 3386
13 1950 3386
13 1950 3387
13 1950 3387
13 1951 3380
13 1951 3380
13 1951 3381
13 1951 3381
13 1951 3382
13 1951 3382
13 1951 3383
13 1951 3383
13 1951 3384
13 1951 3384
13 1951 3385
13 1951 3385
13 1951 3386
13 1951 3386
13 1952 3380
13 1952 3380
13 1952 3381
13 1952 3381
13 1952 3382
13 1952 3382
13 1952 3383
13 1952 3383
13 1952 3384
13 1952 3384
13 1952 3385
13 1952 3385
13 1952 3390
13 1952 3390
13 1953 3380
13 1953 3380
13 1953 3381
13 1953 3381
13 1953 3382
13 1953 3382
13 1953 3383
13 1953 3383
13 1953 3384
13 1953 3384
13 1953 3389
13 1953 3389
13 1953 3390
13 1953 3390
13 1954 3380
13 1954 3380
13 1954 3381
13 1954 3381
13 1954 3382
13 1954 3382
13 1954 3383
13 1954 3383
13 1954 3388
13 1954 3388
13 1954 3389
13 1954 3389
13 1954 3390
13 1954 3390
13 1955 3380
13 1955 3380
13 1955 3381
13 1955 3381
13 1955 3382
13 1955 3382
13 1955 3383
13 1955 3383
13 1955 3387
13 1955 3387
13 1955 3388
13 1955 3388
13 1955 3389
13 1955 3389
13 1955 3390
13 1955 3390
13 1956 3380
13 1956 3380
13 1956 3381
13 1956 3381
13 1956 3382
13 1956 3382
13 1956 3387
13 1956 3387
13 1956 3388
13 1956 3388
13 1956 3389
13 1956 3389
13 1956 3390
13 1956 3390
13 1957 3380
13 1957 3380
13 1957 3381
13 1957 3381
13 1957 3386
13 1957 3386
13 1957 3387
13 1957 3387
13 1957 3388
13 1957 3388
13 1957 3389
13 1957 3389
13 1957 3390
13 1957 3390
13 1958 3380
13 1958 3380
13 1958 3385
13 1958 3385
13 1958 3386
13 1958 3386
13 1958 3387
13 1958 3387
13 1958 3388
13 1958 3388
13 1958 3389
13 1958 3389
13 1958 3390
13 1958 3390
13 1959 3384
13 1959 3384
13 1959 3385
13 1959 3385
13 1959 3386
13 1959 3386
13 1959 3387
13 1959 3387
13 1959 3388
13 1959 3388
13 1959 3389
13 1959 3389
13 1959 3390
13 1959 3390
13 1960 3383
13 1960 3383
13 1960 3384
13 1960 3384
13 1960 3385
13 1960 3385
13 1960 3386
13 1960 3386
13 1960 3387
13 1960 3387
13 1960 3388
13 1960 3388
13 1960 3389
13 1960 3389
13 1960 3390
13 1960 3390
13 1961 3380
13 1961 3380
13 1961 3381
13 1961 3381
13 1961 3383
13 1961 3383
13 1961 3384
13 1961 3384
13 1961 3385
13 1961 3385
13 1961 3386
13 1961 3386
13 1961 3387
13 1961 3387
13 1961 3388
13 1961 3388
13 1961 3389
13 1961 3389
13 1961 3390
13 1961 3390
14 3898 6761
15 7796 13522
16 15592 27045
17 31184 54090
18 62368 108181
3 1 3
4 3 6
4 3 6
5 7 13
5 7 13
6 15 26
6 15 26
7 30 52
7 30 52
8 60 105
8 60 105
8 61 105
8 61 105
14 3898 6762
14 3898 6763
14 3898 6764
14 3898 6765
14 3898 6766
14 3898 6767
14 3898 6768
14 3898 6769
14 3898 6770
14 3898 6771
14 3898 6772
14 3898 6773
14 3898 6774
14 3898 6775
14 3898 6776
14 3898 6777
14 3905 6778
14 3904 6779
14 3898 6780
14 3898 6781
15 7796 13523
15 7796 13524
15 7796 13525
15 7796 13526
15 7796 13527
15 7796 13528
15 7796 13529
15 7796 13530
15 7796 13531
15 7796 13532
15 7796 13533
15 7796 13534
15 7796 13535
15 7796 13536
15 7796 13537
15 7796 13538
15 7796 13539
15 7796 13540
15 7796 13541
15 7796 13542
15 7796 13543
15 7796 13544
15 7796 13545
15 7796 13546
15 7796 13547
15 7796 13548
15 7796 13549
15 7796 13550
15 7796 13551
15 7796 13552
15 7796 13553
15 7796 13554
15 7796 13555
15 7796 13556
15 7809 13557
15 7808 13558
15 7796 13559
15 7796 13560
15 7796 13561
15 7796 13562
15 7796 13563
