12 1073 1679
12 1073 1680
12 1073 1681
12 1073 1682
12 1073 1683
12 1073 1684
12 1073 1685
12 1073 1686
12 1073 1687
12 1073 1688
12 1073 1689
12 1073 1690
12 1073 1691
12 1073 1692
12 1073 1693
12 1073 1694
12 1073 1695
12 1073 1696
12 1073 1697
12 1073 1698
12 1073 1699
12 1073 1700
12 1073 1701
12 1073 1702
12 1073 1703
12 1073 1704
12 1073 1705
12 1073 1706
12 1073 1707
12 1073 1708
12 1073 1709
12 1073 1710
12 1073 1711
12 1073 1712
12 1073 1713
12 1073 1714
12 1073 1715
12 1073 1716
12 1073 1717
12 1073 1718
12 1073 1719
12 1073 1720
12 1073 1721
12 1073 1722
12 1073 1723
12 1073 1724
12 1074 1679
12 1074 1680
12 1074 1681
12 1074 1682
12 1074 1683
12 1074 1684
12 1074 1685
12 1074 1686
12 1074 1687
12 1074 1688
12 1074 1689
12 1074 1690
12 1074 1691
12 1074 1692
12 1074 1693
12 1074 1694
12 1074 1695
12 1074 1696
12 1074 1697
12 1074 1698
12 1074 1699
12 1074 1700
12 1074 1701
12 1074 1702
12 1074 1703
12 1074 1704
12 1074 1705
12 1074 1706
12 1074 1707
12 1074 1708
12 1074 1709
12 1074 1710
12 1074 1711
12 1074 1712
12 1074 1713
12 1074 1714
12 1074 1715
12 1074 1716
12 1074 1717
12 1074 1718
12 1074 1719
12 1074 1720
12 1074 1721
12 1074 1722
12 1074 1723
12 1074 1724
12 1075 1679
12 1075 1680
12 1075 1723
12 1075 1724
12 1076 1679
12 1076 1680
12 1076 1723
12 1076 1724
12 1077 1679
12 1077 1680
12 1077 1723
12 1077 1724
12 1078 1679
12 1078 1680
12 1078 1723
12 1078 1724
12 1079 1679
12 1079 1680
12 1079 1723
12 1079 1724
12 1080 1679
12 1080 1680
12 1080 1723
12 1080 1724
12 1081 1679
12 1081 1680
12 1081 1723
12 1081 1724
12 1082 1679
12 1082 1680
12 1082 1723
12 1082 1724
12 1083 1679
12 1083 1680
12 1083 1723
12 1083 1724
12 1084 1679
12 1084 1680
12 1084 1723
12 1084 1724
12 1085 1679
12 1085 1680
12 1085 1723
12 1085 1724
12 1086 1679
12 1086 1680
12 1086 1723
12 1086 1724
12 1087 1679
12 1087 1680
12 1087 1723
12 1087 1724
12 1088 1679
12 1088 1680
12 1088 1723
12 1088 1724
12 1089 1679
12 1089 1680
12 1089 1723
12 1089 1724
12 1090 1679
12 1090 1680
12 1090 1723
12 1090 1724
12 1091 1679
12 1091 1680
12 1091 1723
12 1091 1724
12 1092 1679
12 1092 1680
12 1092 1723
12 1092 1724
12 1093 1679
12 1093 1680
12 1093 1723
12 1093 1724
12 1094 1679
12 1094 1680
12 1094 1723
12 1094 1724
12 1095 1679
12 1095 1680
12 1095 1723
12 1095 1724
12 1096 1679
12 1096 1680
12 1096 1723
12 1096 1724
12 1097 1679
12 1097 1680
12 1097 1723
12 1097 1724
12 1098 1679
12 1098 1680
12 1098 1723
12 1098 1724
12 1099 1679
12 1099 1680
12 1099 1723
12 1099 1724
12 1100 1679
12 1100 1680
12 1100 1723
12 1100 1724
12 1101 1679
12 1101 1680
12 1101 1723
12 1101 1724
12 1102 1679
12 1102 1680
12 1102 1723
12 1102 1724
12 1103 1679
12 1103 1680
12 1103 1723
12 1103 1724
12 1104 1679
12 1104 1680
12 1104 1723
12 1104 1724
12 1105 1679
12 1105 1680
12 1105 1723
12 1105 1724
12 1106 1679
12 1106 1680
12 1106 1723
12 1106 1724
12 1107 1679
12 1107 1680
12 1107 1724
12 1108 1679
12 1108 1680
12 1108 1723
12 1108 1724
12 1109 1679
12 1109 1680
12 1109 1723
12 1109 1724
12 1110 1679
12 1110 1680
12 1110 1723
12 1110 1724
12 1111 1679
12 1111 1680
12 1111 1723
12 1111 1724
12 1112 1679
12 1112 1680
12 1112 1723
12 1112 1724
12 1113 1679
12 1113 1680
12 1113 1681
12 1113 1682
12 1113 1683
12 1113 1684
12 1113 1685
12 1113 1686
12 1113 1687
12 1113 1688
12 1113 1689
12 1113 1690
12 1113 1691
12 1113 1692
12 1113 1693
12 1113 1694
12 1113 1695
12 1113 1696
12 1113 1697
12 1113 1698
12 1113 1699
12 1113 1700
12 1113 1701
12 1113 1702
12 1113 1703
12 1113 1704
12 1113 1705
12 1113 1706
12 1113 1707
12 1113 1708
12 1113 1709
12 1113 1710
12 1113 1711
12 1113 1712
12 1113 1713
12 1113 1714
12 1113 1715
12 1113 1716
12 1113 1717
12 1113 1718
12 1113 1719
12 1113 1720
12 1113 1721
12 1113 1722
12 1113 1723
12 1113 1724
13 2147 3359
4 4 6
8 67 104
8 68 104
8 69 104
9 134 209
9 135 209
9 136 209
9 137 209
9 138 209
9 139 209
