13 1914 3402
13 1914 3403
13 1914 3404
13 1914 3405
13 1914 3406
13 1914 3407
13 1914 3408
13 1914 3409
13 1914 3410
13 1914 3411
13 1914 3412
13 1914 3413
13 1914 3414
13 1914 3415
13 1914 3416
13 1914 3417
13 1914 3418
13 1915 3402
13 1916 3402
13 1917 3402
13 1918 3402
13 1919 3402
13 1920 3402
13 1921 3402
13 1922 3402
13 1923 3402
13 1924 3402
13 1925 3402
13 1926 3402
13 1927 3402
13 1928 3402
13 1929 3402
13 1930 3402
13 1931 3402
13 1932 3402
13 1933 3402
13 1934 3402
13 1935 3402
13 1936 3402
13 1936 3403
13 1936 3404
13 1936 3405
13 1936 3406
13 1936 3407
13 1936 3408
13 1936 3409
13 1936 3410
13 1936 3411
13 1936 3412
13 1936 3413
13 1936 3414
13 1936 3415
13 1936 3416
13 1936 3417
13 1936 3418
