11 612 764
12 1225 1529
12 1225 1529
12 1225 1530
12 1225 1530
12 1225 1532
12 1225 1532
12 1225 1533
12 1225 1533
12 1226 1529
12 1226 1529
12 1227 1529
12 1227 1529
12 1227 1533
12 1227 1533
12 1228 1533
12 1228 1533
12 1229 1532
12 1229 1532
12 1229 1533
12 1229 1533
12 1230 1529
12 1230 1529
12 1230 1532
12 1230 1532
12 1230 1533
12 1230 1533
13 2451 3058
13 2451 3058
13 2451 3059
13 2451 3059
13 2451 3060
13 2451 3060
13 2451 3061
13 2451 3061
13 2451 3063
13 2451 3063
13 2451 3064
13 2451 3064
13 2451 3065
13 2451 3065
13 2451 3066
13 2451 3066
13 2452 3058
13 2452 3058
13 2452 3059
13 2452 3059
13 2452 3060
13 2452 3060
13 2452 3061
13 2452 3061
13 2452 3065
13 2452 3065
13 2452 3066
13 2452 3066
13 2453 3058
13 2453 3058
13 2453 3059
13 2453 3059
13 2453 3060
13 2453 3060
13 2454 3058
13 2454 3058
13 2454 3059
13 2454 3059
13 2454 3060
13 2454 3060
13 2454 3066
13 2454 3066
13 2455 3058
13 2455 3058
13 2455 3059
13 2455 3059
13 2455 3066
13 2455 3066
13 2456 3058
13 2456 3058
13 2456 3059
13 2456 3059
13 2456 3065
13 2456 3065
13 2456 3066
13 2456 3066
13 2457 3058
13 2457 3058
13 2457 3065
13 2457 3065
13 2457 3066
13 2457 3066
13 2458 3058
13 2458 3058
13 2458 3064
13 2458 3064
13 2458 3065
13 2458 3065
13 2458 3066
13 2458 3066
13 2459 3058
13 2459 3058
13 2459 3059
13 2459 3059
13 2459 3064
13 2459 3064
13 2459 3065
13 2459 3065
13 2459 3066
13 2459 3066
13 2460 3058
13 2460 3058
13 2460 3059
13 2460 3059
13 2460 3063
13 2460 3063
13 2460 3064
13 2460 3064
13 2460 3065
13 2460 3065
13 2460 3066
13 2460 3066
13 2461 3058
13 2461 3058
13 2461 3059
13 2461 3059
13 2461 3060
13 2461 3060
13 2461 3063
13 2461 3063
13 2461 3064
13 2461 3064
13 2461 3065
13 2461 3065
13 2461 3066
13 2461 3066
14 4903 6117
14 4903 6118
14 4903 6119
14 4903 6120
14 4903 6121
14 4903 6122
14 4903 6123
14 4903 6126
14 4903 6127
14 4903 6128
14 4903 6129
14 4903 6130
14 4903 6131
14 4903 6132
15 9807 12234
15 9807 12235
15 9807 12236
15 9807 12237
15 9807 12238
15 9807 12239
15 9807 12240
15 9807 12241
15 9807 12242
15 9807 12243
15 9807 12244
15 9807 12245
15 9807 12246
15 9807 12247
15 9807 12248
15 9807 12251
15 9807 12252
15 9807 12253
15 9807 12254
15 9807 12255
15 9807 12256
15 9807 12257
15 9807 12258
15 9807 12259
15 9807 12260
15 9807 12261
15 9807 12262
15 9807 12263
15 9807 12264
15 9845 12250
16 19614 24469
16 19614 24470
16 19614 24471
16 19614 24472
16 19614 24473
16 19614 24474
16 19614 24475
16 19614 24476
16 19614 24477
16 19614 24478
16 19614 24479
16 19614 24480
16 19614 24481
16 19614 24482
16 19614 24483
16 19614 24484
16 19614 24485
16 19614 24486
16 19614 24487
16 19614 24488
16 19614 24489
16 19614 24490
16 19614 24491
16 19614 24492
16 19614 24493
16 19614 24494
16 19614 24495
16 19614 24496
16 19614 24497
16 19614 24498
16 19614 24499
16 19614 24500
16 19614 24501
16 19614 24502
16 19614 24503
16 19614 24504
16 19614 24505
16 19614 24506
16 19614 24507
16 19614 24508
16 19614 24509
16 19614 24510
16 19614 24511
16 19614 24512
16 19614 24513
16 19614 24514
16 19614 24515
16 19614 24516
16 19614 24517
16 19614 24518
16 19614 24519
16 19614 24520
16 19614 24521
16 19614 24522
16 19614 24523
16 19614 24524
16 19614 24525
16 19614 24526
16 19614 24527
16 19614 24528
16 19614 24529
17 39229 48939
17 39229 48940
17 39229 48941
17 39229 48942
17 39229 48943
17 39229 48944
17 39229 48945
17 39229 48946
17 39229 48947
17 39229 48948
17 39229 48949
17 39229 48950
17 39229 48951
17 39229 48952
17 39229 48953
17 39229 48954
17 39229 48955
17 39229 48956
17 39229 48957
17 39229 48958
17 39229 48959
17 39229 48960
17 39229 48961
17 39229 48962
17 39229 48963
17 39229 48964
17 39229 48965
17 39229 48966
17 39229 48967
17 39229 48968
17 39229 48969
17 39229 48970
17 39229 48971
17 39229 48972
17 39229 48973
17 39229 48974
17 39229 48975
17 39229 48976
17 39229 48977
17 39229 48978
17 39229 48979
17 39229 48980
17 39229 48981
17 39229 48982
17 39229 48983
17 39229 48984
17 39229 48985
17 39229 48986
17 39229 48987
17 39229 48988
17 39229 48989
17 39229 48990
17 39229 48991
17 39229 48992
17 39229 48993
17 39229 48994
17 39229 48995
17 39229 48996
17 39229 48997
17 39229 48998
17 39229 48999
17 39229 49000
17 39229 49001
17 39229 49002
17 39229 49003
17 39229 49004
17 39229 49005
17 39229 49006
17 39229 49007
17 39229 49008
17 39229 49009
17 39229 49010
17 39229 49011
17 39229 49012
17 39229 49013
17 39229 49014
17 39229 49015
17 39229 49016
17 39229 49017
17 39229 49018
17 39229 49019
17 39229 49020
17 39229 49021
17 39229 49022
17 39229 49023
17 39229 49024
17 39229 49025
17 39229 49026
17 39229 49027
17 39229 49028
17 39229 49029
17 39229 49030
17 39229 49031
17 39229 49032
17 39229 49033
17 39229 49034
17 39229 49035
17 39229 49036
17 39229 49037
17 39229 49038
17 39229 49039
17 39229 49040
17 39229 49041
17 39229 49042
17 39229 49043
17 39229 49044
17 39229 49045
17 39229 49046
17 39229 49047
17 39229 49048
17 39229 49049
17 39229 49050
17 39229 49051
17 39229 49052
17 39229 49053
17 39229 49054
17 39229 49055
17 39229 49056
17 39229 49057
17 39229 49058
18 78458 97879
18 78458 97880
18 78458 97881
18 78458 97882
18 78458 97883
18 78458 97884
18 78458 97885
18 78458 97886
18 78458 97887
18 78458 97888
18 78458 97889
18 78458 97890
18 78458 97891
18 78458 97892
18 78458 97893
18 78458 97894
18 78458 97895
18 78458 97896
18 78458 97897
18 78458 97898
18 78458 97899
18 78458 97900
18 78458 97901
18 78458 97902
18 78458 97903
18 78458 97904
18 78458 97905
18 78458 97906
18 78458 97907
18 78458 97908
18 78458 97909
18 78458 97910
18 78458 97911
18 78458 97912
18 78458 97913
18 78458 97914
18 78458 97915
18 78458 97916
18 78458 97917
18 78458 97918
18 78458 97919
18 78458 97920
18 78458 97921
18 78458 97922
18 78458 97923
18 78458 97924
18 78458 97925
18 78458 97926
18 78458 97927
18 78458 97928
18 78458 97929
18 78458 97930
18 78458 97931
18 78458 97932
18 78458 97933
18 78458 97934
18 78458 97935
18 78458 97936
18 78458 97937
18 78458 97938
18 78458 97939
18 78458 97940
18 78458 97941
18 78458 97942
18 78458 97943
18 78458 97944
18 78458 97945
18 78458 97946
18 78458 97947
18 78458 97948
18 78458 97949
18 78458 97950
18 78458 97951
18 78458 97952
18 78458 97953
18 78458 97954
18 78458 97955
18 78458 97956
18 78458 97957
18 78458 97958
18 78458 97959
18 78458 97960
18 78458 97961
18 78458 97962
18 78458 97963
18 78458 97964
18 78458 97965
18 78458 97966
18 78458 97967
18 78458 97968
18 78458 97969
18 78458 97970
18 78458 97971
18 78458 97972
18 78458 97973
18 78458 97974
18 78458 97975
18 78458 97976
18 78458 97977
18 78458 97978
18 78458 97979
18 78458 97980
18 78458 97981
18 78458 97982
18 78458 97983
18 78458 97984
18 78458 97985
18 78458 97986
18 78458 97987
18 78458 97988
18 78458 97989
18 78458 97990
18 78458 97991
18 78458 97992
18 78458 97993
18 78458 97994
18 78458 97995
18 78458 97996
18 78458 97997
18 78458 97998
18 78458 97999
18 78458 98000
18 78458 98001
18 78458 98002
18 78458 98003
18 78458 98004
18 78458 98005
18 78458 98006
18 78458 98007
18 78458 98008
18 78458 98009
18 78458 98010
18 78458 98011
18 78458 98012
18 78458 98013
18 78458 98014
18 78458 98015
18 78458 98016
18 78458 98017
18 78458 98018
18 78458 98019
18 78458 98020
18 78458 98021
18 78458 98022
18 78458 98023
18 78458 98024
18 78458 98025
18 78458 98026
18 78458 98027
18 78458 98028
18 78458 98029
18 78458 98030
18 78458 98031
18 78458 98032
18 78458 98033
18 78458 98034
18 78458 98035
18 78458 98036
18 78458 98037
18 78458 98038
18 78458 98039
18 78458 98040
18 78458 98041
18 78458 98042
18 78458 98043
18 78458 98044
18 78458 98045
18 78458 98046
18 78458 98047
18 78458 98048
18 78458 98049
18 78458 98050
18 78458 98051
18 78458 98052
18 78458 98053
18 78458 98054
18 78458 98055
18 78458 98056
18 78458 98057
18 78458 98058
18 78458 98059
18 78458 98060
18 78458 98061
18 78458 98062
18 78458 98063
18 78458 98064
18 78458 98065
18 78458 98066
18 78458 98067
18 78458 98068
18 78458 98069
18 78458 98070
18 78458 98071
18 78458 98072
18 78458 98073
18 78458 98074
18 78458 98075
18 78458 98076
18 78458 98077
18 78458 98078
18 78458 98079
18 78458 98080
18 78458 98081
18 78458 98082
18 78458 98083
18 78458 98084
18 78458 98085
18 78458 98086
18 78458 98087
18 78458 98088
18 78458 98089
18 78458 98090
18 78458 98091
18 78458 98092
18 78458 98093
18 78458 98094
18 78458 98095
18 78458 98096
18 78458 98097
18 78458 98098
18 78458 98099
18 78458 98100
18 78458 98101
18 78458 98102
18 78458 98103
18 78458 98104
18 78458 98105
18 78458 98106
18 78458 98107
18 78458 98108
18 78458 98109
18 78458 98110
18 78458 98111
18 78458 98112
18 78458 98113
18 78458 98114
18 78458 98115
18 78458 98116
3 2 2
4 4 5
4 4 5
5 9 11
5 9 11
6 19 23
6 19 23
7 38 47
7 38 47
14 4903 6118
14 4903 6119
14 4903 6120
14 4903 6121
14 4903 6122
14 4903 6123
14 4903 6126
14 4903 6127
14 4903 6128
14 4903 6129
14 4903 6130
14 4903 6131
14 4903 6132
15 9807 12235
15 9807 12236
15 9807 12237
15 9807 12238
15 9807 12239
15 9807 12240
15 9807 12241
15 9807 12242
15 9807 12243
15 9807 12244
15 9807 12245
15 9807 12246
15 9807 12247
15 9807 12248
15 9845 12250
15 9807 12251
15 9807 12252
15 9807 12253
15 9807 12254
15 9807 12255
15 9807 12256
15 9807 12257
15 9807 12258
15 9807 12259
15 9807 12260
15 9807 12261
15 9807 12262
15 9807 12263
15 9807 12264
