12 1134 1652
12 1134 1652
12 1135 1652
12 1135 1652
12 1137 1654
12 1137 1654
13 2268 3304
13 2268 3304
13 2268 3305
13 2268 3305
13 2268 3306
13 2268 3306
13 2268 3309
13 2268 3309
13 2269 3304
13 2269 3304
13 2269 3305
13 2269 3305
13 2269 3306
13 2269 3306
13 2270 3304
13 2270 3304
13 2270 3305
13 2270 3305
13 2271 3304
13 2271 3304
13 2271 3305
13 2271 3305
13 2271 3309
13 2271 3309
13 2272 3304
13 2272 3304
13 2272 3309
13 2272 3309
13 2273 3308
13 2273 3308
13 2273 3309
13 2273 3309
13 2274 3307
13 2274 3307
13 2274 3308
13 2274 3308
13 2274 3309
13 2274 3309
13 2275 3304
13 2275 3304
13 2275 3307
13 2275 3307
13 2275 3308
13 2275 3308
13 2275 3309
13 2275 3309
14 4537 6608
14 4537 6609
14 4537 6610
14 4537 6611
14 4537 6612
14 4537 6613
14 4537 6614
14 4537 6617
14 4537 6618
14 4537 6619
14 4545 6616
14 4546 6615
14 4550 6610
15 9074 13217
15 9074 13218
15 9074 13219
15 9074 13220
15 9074 13221
15 9074 13222
15 9074 13223
15 9074 13224
15 9074 13225
15 9074 13226
15 9074 13227
15 9074 13228
15 9074 13229
15 9074 13230
15 9074 13231
15 9074 13232
15 9074 13233
15 9074 13234
15 9074 13235
15 9074 13236
15 9074 13237
15 9074 13238
15 9100 13221
16 18149 26435
16 18149 26436
16 18149 26437
16 18149 26438
16 18149 26439
16 18149 26440
16 18149 26441
16 18149 26442
16 18149 26443
16 18149 26444
16 18149 26445
16 18149 26446
16 18149 26447
16 18149 26448
16 18149 26449
16 18149 26450
16 18149 26451
16 18149 26452
16 18149 26453
16 18149 26454
16 18149 26455
16 18149 26456
16 18149 26457
16 18149 26458
16 18149 26459
16 18149 26460
16 18149 26461
16 18149 26462
16 18149 26463
16 18149 26464
16 18149 26465
16 18149 26466
16 18149 26467
16 18149 26468
16 18149 26469
16 18149 26470
16 18149 26471
16 18149 26472
16 18149 26473
16 18149 26474
16 18149 26475
16 18149 26476
16 18149 26477
16 18200 26443
17 36298 52871
17 36298 52872
17 36298 52873
17 36298 52874
17 36298 52875
17 36298 52876
17 36298 52877
17 36298 52878
17 36298 52879
17 36298 52880
17 36298 52881
17 36298 52882
17 36298 52883
17 36298 52884
17 36298 52885
17 36298 52886
17 36298 52887
17 36298 52888
17 36298 52889
17 36298 52890
17 36298 52891
17 36298 52892
17 36298 52893
17 36298 52894
17 36298 52895
17 36298 52896
17 36298 52897
17 36298 52898
17 36298 52899
17 36298 52900
17 36298 52901
17 36298 52902
17 36298 52903
17 36298 52904
17 36298 52905
17 36298 52906
17 36298 52907
17 36298 52908
17 36298 52909
17 36298 52910
17 36298 52911
17 36298 52912
17 36298 52913
17 36298 52914
17 36298 52915
17 36298 52916
17 36298 52917
17 36298 52918
17 36298 52919
17 36298 52920
17 36298 52921
17 36298 52922
17 36298 52923
17 36298 52924
17 36298 52925
17 36298 52926
17 36298 52927
17 36298 52928
17 36298 52929
17 36298 52930
17 36298 52931
17 36298 52932
17 36298 52933
17 36298 52934
17 36298 52935
17 36298 52936
17 36298 52937
17 36298 52938
17 36298 52939
17 36298 52940
17 36298 52941
17 36298 52942
17 36298 52943
17 36298 52944
17 36298 52945
17 36298 52946
17 36298 52947
17 36298 52948
17 36298 52949
17 36298 52950
17 36298 52951
17 36298 52952
17 36298 52953
17 36298 52954
17 36298 52955
18 72597 105743
3 2 3
4 4 6
4 4 6
5 8 12
5 8 12
6 17 25
6 17 25
7 35 51
7 35 51
