12 1022 1703
12 1022 1703
12 1022 1704
12 1022 1704
12 1022 1705
12 1022 1705
12 1022 1706
12 1022 1706
12 1022 1707
12 1022 1707
12 1022 1708
12 1022 1708
12 1022 1709
12 1022 1709
12 1022 1710
12 1022 1710
13 2045 3407
13 2045 3407
13 2045 3408
13 2045 3408
13 2045 3409
13 2045 3409
13 2045 3410
13 2045 3410
13 2045 3411
13 2045 3411
13 2045 3412
13 2045 3412
13 2045 3413
13 2045 3413
13 2045 3414
13 2045 3414
13 2045 3415
13 2045 3415
13 2045 3416
13 2045 3416
13 2045 3417
13 2045 3417
13 2045 3418
13 2045 3418
13 2045 3419
13 2045 3419
13 2045 3420
13 2045 3420
13 2055 3407
13 2055 3407
13 2055 3408
13 2055 3408
13 2055 3409
13 2055 3409
13 2055 3411
13 2055 3411
13 2055 3412
13 2055 3412
13 2055 3413
13 2055 3413
13 2055 3414
13 2055 3414
13 2055 3415
13 2055 3415
13 2055 3416
13 2055 3416
13 2055 3417
13 2055 3417
13 2055 3418
13 2055 3418
13 2055 3419
13 2055 3419
13 2055 3420
13 2055 3420
13 2056 3357
13 2056 3357
14 4091 6814
14 4091 6815
14 4091 6816
14 4091 6817
14 4091 6818
14 4091 6819
14 4091 6820
14 4091 6821
14 4091 6822
14 4091 6823
14 4091 6824
14 4091 6825
14 4091 6826
14 4091 6827
14 4091 6828
14 4091 6829
14 4091 6830
14 4091 6831
14 4091 6832
14 4091 6833
14 4091 6834
14 4091 6835
14 4091 6836
14 4091 6837
14 4091 6838
14 4091 6839
14 4091 6840
14 4091 6841
15 8183 13628
15 8183 13629
15 8183 13630
15 8183 13631
15 8183 13632
15 8183 13633
15 8183 13634
15 8183 13635
15 8183 13636
15 8183 13637
15 8183 13638
15 8183 13639
15 8183 13640
15 8183 13641
15 8183 13642
15 8183 13643
15 8183 13644
15 8183 13645
15 8183 13646
15 8183 13647
15 8183 13648
15 8183 13649
15 8183 13650
15 8183 13651
15 8183 13652
15 8183 13653
15 8183 13654
15 8183 13655
15 8183 13656
15 8183 13657
15 8183 13658
15 8183 13659
15 8183 13660
15 8183 13661
15 8183 13662
15 8183 13663
15 8183 13664
15 8183 13665
15 8183 13666
15 8183 13667
15 8183 13668
15 8183 13669
15 8183 13670
15 8183 13671
15 8183 13672
15 8183 13673
15 8183 13674
15 8183 13675
15 8183 13676
15 8183 13677
15 8183 13678
15 8183 13679
15 8183 13680
15 8183 13681
15 8183 13682
15 8183 13683
16 16366 27257
16 16366 27258
16 16366 27259
16 16366 27260
16 16366 27261
16 16366 27262
16 16366 27263
16 16366 27264
16 16366 27265
16 16366 27266
16 16366 27267
16 16366 27268
16 16366 27269
16 16366 27270
16 16366 27271
16 16366 27272
16 16366 27273
16 16366 27274
16 16366 27275
16 16366 27276
16 16366 27277
16 16366 27278
16 16366 27279
16 16366 27280
16 16366 27281
16 16366 27282
16 16366 27283
16 16366 27284
16 16366 27285
16 16366 27286
16 16366 27287
16 16366 27288
16 16366 27289
16 16366 27290
16 16366 27291
16 16366 27292
16 16366 27293
16 16366 27294
16 16366 27295
16 16366 27296
16 16366 27297
16 16366 27298
16 16366 27299
16 16366 27300
16 16366 27301
16 16366 27302
16 16366 27303
16 16366 27304
16 16366 27305
16 16366 27306
16 16366 27307
16 16366 27308
16 16366 27309
16 16366 27310
16 16366 27311
16 16366 27312
16 16366 27313
16 16366 27314
16 16366 27315
16 16366 27316
16 16366 27317
16 16366 27318
16 16366 27319
16 16366 27320
16 16366 27321
16 16366 27322
16 16366 27323
16 16366 27324
16 16366 27325
16 16366 27326
16 16366 27327
16 16366 27328
16 16366 27329
16 16366 27330
16 16366 27331
16 16366 27332
16 16366 27333
16 16366 27334
16 16366 27335
16 16366 27336
16 16366 27337
16 16366 27338
16 16366 27339
16 16366 27340
16 16366 27341
16 16366 27342
16 16366 27343
16 16366 27344
16 16366 27345
16 16366 27346
16 16366 27347
16 16366 27348
16 16366 27349
16 16366 27350
16 16366 27351
16 16366 27352
16 16366 27353
16 16366 27354
16 16366 27355
16 16366 27356
16 16366 27357
16 16366 27358
16 16366 27359
16 16366 27360
16 16366 27361
16 16366 27362
16 16366 27363
16 16366 27364
16 16366 27365
16 16366 27366
17 32733 54514
17 32733 54515
17 32733 54516
17 32733 54517
17 32733 54518
17 32733 54519
17 32733 54520
17 32733 54521
17 32733 54522
17 32733 54523
17 32733 54524
17 32733 54525
17 32733 54526
17 32733 54527
17 32733 54528
17 32733 54529
17 32733 54530
17 32733 54531
17 32733 54532
17 32733 54533
17 32733 54534
17 32733 54535
17 32733 54536
17 32733 54537
17 32733 54538
17 32733 54539
17 32733 54540
17 32733 54541
17 32733 54542
17 32733 54543
17 32733 54544
17 32733 54545
17 32733 54546
17 32733 54547
17 32733 54548
17 32733 54549
17 32733 54550
17 32733 54551
17 32733 54552
17 32733 54553
17 32733 54554
17 32733 54555
17 32733 54556
17 32733 54557
17 32733 54558
17 32733 54559
17 32733 54560
17 32733 54561
17 32733 54562
17 32733 54563
17 32733 54564
17 32733 54565
17 32733 54566
17 32733 54567
17 32733 54568
17 32733 54569
17 32733 54570
17 32733 54571
17 32733 54572
17 32733 54573
17 32733 54574
17 32733 54575
17 32733 54576
17 32733 54577
17 32733 54578
17 32733 54579
17 32733 54580
17 32733 54581
17 32733 54582
17 32733 54583
17 32733 54584
17 32733 54585
17 32733 54586
17 32733 54587
17 32733 54588
17 32733 54589
17 32733 54590
17 32733 54591
17 32733 54592
17 32733 54593
17 32733 54594
17 32733 54595
17 32733 54596
17 32733 54597
17 32733 54598
17 32733 54599
17 32733 54600
17 32733 54601
17 32733 54602
17 32733 54603
17 32733 54604
17 32733 54605
17 32733 54606
17 32733 54607
17 32733 54608
17 32733 54609
17 32733 54610
17 32733 54611
17 32733 54612
17 32733 54613
17 32733 54614
17 32733 54615
17 32733 54616
17 32733 54617
17 32733 54618
17 32733 54619
17 32733 54620
17 32733 54621
17 32733 54622
17 32733 54623
17 32733 54624
17 32733 54625
17 32733 54626
17 32733 54627
17 32733 54628
17 32733 54629
17 32733 54630
17 32733 54631
17 32733 54632
17 32733 54633
17 32733 54634
17 32733 54635
17 32733 54636
17 32733 54637
17 32733 54638
17 32733 54639
17 32733 54640
17 32733 54641
17 32733 54642
17 32733 54643
17 32733 54644
17 32733 54645
17 32733 54646
17 32733 54647
17 32733 54648
17 32733 54649
17 32733 54650
17 32733 54651
17 32733 54652
17 32733 54653
17 32733 54654
17 32733 54655
17 32733 54656
17 32733 54657
17 32733 54658
17 32733 54659
17 32733 54660
17 32733 54661
17 32733 54662
17 32733 54663
17 32733 54664
17 32733 54665
17 32733 54666
17 32733 54667
17 32733 54668
17 32733 54669
17 32733 54670
17 32733 54671
17 32733 54672
17 32733 54673
17 32733 54674
17 32733 54675
17 32733 54676
17 32733 54677
17 32733 54678
17 32733 54679
17 32733 54680
17 32733 54681
17 32733 54682
17 32733 54683
17 32733 54684
17 32733 54685
17 32733 54686
17 32733 54687
17 32733 54688
17 32733 54689
17 32733 54690
17 32733 54691
17 32733 54692
17 32733 54693
17 32733 54694
17 32733 54695
17 32733 54696
17 32733 54697
17 32733 54698
17 32733 54699
17 32733 54700
17 32733 54701
17 32733 54702
17 32733 54703
17 32733 54704
17 32733 54705
17 32733 54706
17 32733 54707
17 32733 54708
17 32733 54709
17 32733 54710
17 32733 54711
17 32733 54712
17 32733 54713
17 32733 54714
17 32733 54715
17 32733 54716
17 32733 54717
17 32733 54718
17 32733 54719
17 32733 54720
17 32733 54721
17 32733 54722
17 32733 54723
17 32733 54724
17 32733 54725
17 32733 54726
17 32733 54727
17 32733 54728
17 32733 54729
17 32733 54730
17 32733 54731
17 32733 54732
17 32733 54733
18 65466 109028
18 65466 109029
18 65466 109030
18 65466 109031
18 65466 109032
18 65466 109033
18 65466 109034
18 65466 109035
18 65466 109036
18 65466 109037
18 65466 109038
18 65466 109039
18 65466 109040
18 65466 109041
18 65466 109042
18 65466 109043
18 65466 109044
18 65466 109045
18 65466 109046
18 65466 109047
18 65466 109048
18 65466 109049
18 65466 109050
18 65466 109051
18 65466 109052
18 65466 109053
18 65466 109054
18 65466 109055
18 65466 109056
18 65466 109057
18 65466 109058
18 65466 109059
18 65466 109060
18 65466 109061
18 65466 109062
18 65466 109063
18 65466 109064
18 65466 109065
18 65466 109066
18 65466 109067
18 65466 109068
18 65466 109069
18 65466 109070
18 65466 109071
18 65466 109072
18 65466 109073
18 65466 109074
18 65466 109075
18 65466 109076
18 65466 109077
18 65466 109078
18 65466 109079
18 65466 109080
18 65466 109081
18 65466 109082
18 65466 109083
18 65466 109084
18 65466 109085
18 65466 109086
18 65466 109087
18 65466 109088
18 65466 109089
18 65466 109090
18 65466 109091
18 65466 109092
18 65466 109093
18 65466 109094
18 65466 109095
18 65466 109096
18 65466 109097
18 65466 109098
18 65466 109099
18 65466 109100
18 65466 109101
18 65466 109102
18 65466 109103
18 65466 109104
18 65466 109105
18 65466 109106
18 65466 109107
18 65466 109108
18 65466 109109
18 65466 109110
18 65466 109111
18 65466 109112
18 65466 109113
18 65466 109114
18 65466 109115
18 65466 109116
18 65466 109117
18 65466 109118
18 65466 109119
18 65466 109120
18 65466 109121
18 65466 109122
18 65466 109123
18 65466 109124
18 65466 109125
18 65466 109126
18 65466 109127
18 65466 109128
18 65466 109129
18 65466 109130
18 65466 109131
18 65466 109132
18 65466 109133
18 65466 109134
18 65466 109135
18 65466 109136
18 65466 109137
18 65466 109138
18 65466 109139
18 65466 109140
18 65466 109141
18 65466 109142
18 65466 109143
18 65466 109144
18 65466 109145
18 65466 109146
18 65466 109147
18 65466 109148
18 65466 109149
18 65466 109150
18 65466 109151
18 65466 109152
18 65466 109153
18 65466 109154
18 65466 109155
18 65466 109156
18 65466 109157
18 65466 109158
18 65466 109159
18 65466 109160
18 65466 109161
18 65466 109162
18 65466 109163
18 65466 109164
18 65466 109165
18 65466 109166
18 65466 109167
18 65466 109168
18 65466 109169
18 65466 109170
18 65466 109171
18 65466 109172
18 65466 109173
18 65466 109174
18 65466 109175
18 65466 109176
18 65466 109177
18 65466 109178
18 65466 109179
18 65466 109180
18 65466 109181
18 65466 109182
18 65466 109183
18 65466 109184
18 65466 109185
18 65466 109186
18 65466 109187
18 65466 109188
18 65466 109189
18 65466 109190
18 65466 109191
18 65466 109192
18 65466 109193
18 65466 109194
18 65466 109195
18 65466 109196
18 65466 109197
18 65466 109198
18 65466 109199
18 65466 109200
18 65466 109201
18 65466 109202
18 65466 109203
18 65466 109204
18 65466 109205
18 65466 109206
18 65466 109207
18 65466 109208
18 65466 109209
18 65466 109210
18 65466 109211
18 65466 109212
18 65466 109213
18 65466 109214
18 65466 109215
18 65466 109216
18 65466 109217
18 65466 109218
18 65466 109219
18 65466 109220
18 65466 109221
18 65466 109222
18 65466 109223
18 65466 109224
18 65466 109225
18 65466 109226
18 65466 109227
18 65466 109228
18 65466 109229
18 65466 109230
18 65466 109231
18 65466 109232
18 65466 109233
18 65466 109234
18 65466 109235
18 65466 109236
18 65466 109237
18 65466 109238
18 65466 109239
18 65466 109240
18 65466 109241
18 65466 109242
18 65466 109243
18 65466 109244
18 65466 109245
18 65466 109246
18 65466 109247
18 65466 109248
18 65466 109249
18 65466 109250
18 65466 109251
18 65466 109252
18 65466 109253
18 65466 109254
18 65466 109255
18 65466 109256
18 65466 109257
18 65466 109258
18 65466 109259
18 65466 109260
18 65466 109261
18 65466 109262
18 65466 109263
18 65466 109264
18 65466 109265
18 65466 109266
18 65466 109267
18 65466 109268
18 65466 109269
18 65466 109270
18 65466 109271
18 65466 109272
18 65466 109273
18 65466 109274
18 65466 109275
18 65466 109276
18 65466 109277
18 65466 109278
18 65466 109279
18 65466 109280
18 65466 109281
18 65466 109282
18 65466 109283
18 65466 109284
18 65466 109285
18 65466 109286
18 65466 109287
18 65466 109288
18 65466 109289
18 65466 109290
18 65466 109291
18 65466 109292
18 65466 109293
18 65466 109294
18 65466 109295
18 65466 109296
18 65466 109297
18 65466 109298
18 65466 109299
18 65466 109300
18 65466 109301
18 65466 109302
18 65466 109303
18 65466 109304
18 65466 109305
18 65466 109306
18 65466 109307
18 65466 109308
18 65466 109309
18 65466 109310
18 65466 109311
18 65466 109312
18 65466 109313
18 65466 109314
18 65466 109315
18 65466 109316
18 65466 109317
18 65466 109318
18 65466 109319
18 65466 109320
18 65466 109321
18 65466 109322
18 65466 109323
18 65466 109324
18 65466 109325
18 65466 109326
18 65466 109327
18 65466 109328
18 65466 109329
18 65466 109330
18 65466 109331
18 65466 109332
18 65466 109333
18 65466 109334
18 65466 109335
18 65466 109336
18 65466 109337
18 65466 109338
18 65466 109339
18 65466 109340
18 65466 109341
18 65466 109342
18 65466 109343
18 65466 109344
18 65466 109345
18 65466 109346
18 65466 109347
18 65466 109348
18 65466 109349
18 65466 109350
18 65466 109351
18 65466 109352
18 65466 109353
18 65466 109354
18 65466 109355
18 65466 109356
18 65466 109357
18 65466 109358
18 65466 109359
18 65466 109360
18 65466 109361
18 65466 109362
18 65466 109363
18 65466 109364
18 65466 109365
18 65466 109366
18 65466 109367
18 65466 109368
18 65466 109369
18 65466 109370
18 65466 109371
18 65466 109372
18 65466 109373
18 65466 109374
18 65466 109375
18 65466 109376
18 65466 109377
18 65466 109378
18 65466 109379
18 65466 109380
18 65466 109381
18 65466 109382
18 65466 109383
18 65466 109384
18 65466 109385
18 65466 109386
18 65466 109387
18 65466 109388
18 65466 109389
18 65466 109390
18 65466 109391
18 65466 109392
18 65466 109393
18 65466 109394
18 65466 109395
18 65466 109396
18 65466 109397
18 65466 109398
18 65466 109399
18 65466 109400
18 65466 109401
18 65466 109402
18 65466 109403
18 65466 109404
18 65466 109405
18 65466 109406
18 65466 109407
18 65466 109408
18 65466 109409
18 65466 109410
18 65466 109411
18 65466 109412
18 65466 109413
18 65466 109414
18 65466 109415
18 65466 109416
18 65466 109417
18 65466 109418
18 65466 109419
18 65466 109420
18 65466 109421
18 65466 109422
18 65466 109423
18 65466 109424
18 65466 109425
18 65466 109426
18 65466 109427
18 65466 109428
18 65466 109429
18 65466 109430
18 65466 109431
18 65466 109432
18 65466 109433
18 65466 109434
18 65466 109435
18 65466 109436
18 65466 109437
18 65466 109438
18 65466 109439
18 65466 109440
18 65466 109441
18 65466 109442
18 65466 109443
18 65466 109444
18 65466 109445
18 65466 109446
18 65466 109447
18 65466 109448
18 65466 109449
18 65466 109450
18 65466 109451
18 65466 109452
18 65466 109453
18 65466 109454
18 65466 109455
18 65466 109456
18 65466 109457
18 65466 109458
18 65466 109459
18 65466 109460
18 65466 109461
18 65466 109462
18 65466 109463
18 65466 109464
18 65466 109465
18 65466 109466
18 65466 109467
3 1 3
4 3 6
4 3 6
4 4 6
4 4 6
5 7 13
5 7 13
5 8 13
5 8 13
6 15 26
6 15 26
6 16 26
6 16 26
7 31 53
7 31 53
7 32 53
7 32 53
14 4091 6815
14 4091 6816
14 4091 6817
14 4091 6818
14 4091 6819
14 4091 6820
14 4091 6821
14 4091 6822
14 4091 6823
14 4091 6824
14 4091 6825
14 4091 6826
14 4091 6827
14 4091 6828
14 4091 6829
14 4091 6830
14 4091 6831
14 4091 6832
14 4091 6833
14 4091 6834
14 4091 6835
14 4091 6836
14 4091 6837
14 4091 6838
14 4091 6839
14 4091 6840
14 4091 6841
15 8183 13629
15 8183 13630
15 8183 13631
15 8183 13632
15 8183 13633
15 8183 13634
15 8183 13635
15 8183 13636
15 8183 13637
15 8183 13638
15 8183 13639
15 8183 13640
15 8183 13641
15 8183 13642
15 8183 13643
15 8183 13644
15 8183 13645
15 8183 13646
15 8183 13647
15 8183 13648
15 8183 13649
15 8183 13650
15 8183 13651
15 8183 13652
15 8183 13653
15 8183 13654
15 8183 13655
15 8183 13656
15 8183 13657
15 8183 13658
15 8183 13659
15 8183 13660
15 8183 13661
15 8183 13662
15 8183 13663
15 8183 13664
15 8183 13665
15 8183 13666
15 8183 13667
15 8183 13668
15 8183 13669
15 8183 13670
15 8183 13671
15 8183 13672
15 8183 13673
15 8183 13674
15 8183 13675
15 8183 13676
15 8183 13677
15 8183 13678
15 8183 13679
15 8183 13680
15 8183 13681
15 8183 13682
15 8183 13683
12 1022 1704
12 1022 1705
12 1022 1706
12 1022 1707
12 1022 1708
12 1022 1709
12 1022 1710
13 2056 3357
4 3 6
4 4 6
5 7 13
5 8 13
6 15 26
6 16 26
7 31 53
7 32 53
