10 296 420
11 570 870
12 1147 1741
13 2304 3483
6 14 29
7 39 50
8 80 102
7 28 51
7 28 52
7 28 53
7 28 54
7 28 55
7 28 56
7 28 57
7 37 51
7 37 52
7 37 53
7 37 54
7 37 55
7 37 56
7 37 57
7 39 50
8 57 102
8 57 103
8 57 104
8 57 105
8 57 106
8 57 107
8 57 108
8 57 109
8 57 110
8 57 111
8 57 112
8 57 113
8 57 114
8 57 115
8 74 102
8 74 103
8 74 104
8 74 105
8 74 106
8 74 107
8 74 108
8 74 109
8 74 110
8 74 111
8 74 112
8 74 113
8 74 114
8 74 115
8 80 102
9 115 204
9 115 205
9 115 206
9 115 207
9 115 208
9 115 209
9 115 210
9 115 211
9 115 212
9 115 213
9 115 214
9 115 215
9 115 216
9 115 217
9 115 218
9 115 219
9 115 220
9 115 221
9 115 222
9 115 223
9 115 224
9 115 225
9 115 226
9 115 227
9 115 228
9 115 229
9 115 230
9 115 231
9 116 204
9 116 231
9 117 204
9 117 231
9 118 204
9 118 231
9 119 204
9 119 231
9 120 204
9 120 231
9 121 204
9 121 231
9 122 204
9 122 231
9 123 204
9 123 231
9 124 204
9 124 231
9 125 204
9 125 231
9 126 204
9 126 231
9 127 204
9 127 231
9 128 204
9 128 231
9 129 204
9 129 231
9 130 204
9 130 231
9 131 204
9 131 231
9 132 204
9 132 231
9 133 204
9 133 231
9 134 204
9 134 231
9 135 204
9 135 231
9 136 204
9 136 231
9 137 204
9 137 231
9 138 204
9 138 231
9 139 204
9 139 231
9 140 204
9 140 231
9 141 204
9 141 231
9 142 204
9 142 231
9 143 204
9 143 231
9 144 204
9 144 231
9 145 204
9 145 231
9 146 204
9 146 231
9 147 204
9 147 231
9 148 204
9 148 205
9 148 206
9 148 207
9 148 208
9 148 209
9 148 210
9 148 211
9 148 212
9 148 213
9 148 214
9 148 215
9 148 216
9 148 217
9 148 218
9 148 219
9 148 220
9 148 221
9 148 222
9 148 223
9 148 224
9 148 225
9 148 226
9 148 227
9 148 228
9 148 229
9 148 230
9 148 231
9 161 205
