13 2293 3274
13 2294 3274
13 2295 3274
13 2296 3274
13 2297 3274
13 2298 3274
13 2299 3274
13 2300 3274
13 2301 3274
13 2302 3274
13 2303 3274
13 2304 3274
13 2305 3274
13 2306 3274
13 2307 3274
13 2308 3274
13 2309 3274
13 2310 3274
13 2310 3275
13 2310 3276
13 2310 3277
13 2310 3278
13 2310 3279
13 2310 3280
13 2310 3281
13 2310 3282
13 2310 3283
13 2310 3284
13 2310 3285
13 2310 3286
13 2310 3287
13 2310 3288
13 2310 3289
13 2310 3290
13 2310 3291
13 2310 3292
13 2310 3293
13 2310 3294
13 2310 3295
