10 235 427
11 470 855
11 470 855
12 940 1711
12 940 1711
12 940 1712
12 940 1712
12 940 1713
12 940 1713
12 940 1714
12 940 1714
12 940 1715
12 940 1715
12 940 1718
12 940 1718
12 941 1711
12 941 1711
12 941 1712
12 941 1712
12 941 1713
12 941 1713
12 941 1718
12 941 1718
12 942 1711
12 942 1711
12 943 1711
12 943 1711
12 944 1711
12 944 1711
12 944 1712
12 944 1712
12 944 1718
12 944 1718
12 945 1711
12 945 1711
12 945 1712
12 945 1712
12 945 1716
12 945 1716
12 945 1717
12 945 1717
12 945 1718
12 945 1718
12 946 1711
12 946 1711
12 946 1712
12 946 1712
12 946 1713
12 946 1713
12 946 1714
12 946 1714
12 946 1715
12 946 1715
12 946 1716
12 946 1716
12 946 1717
12 946 1717
12 946 1718
12 946 1718
13 1880 3423
13 1880 3423
13 1880 3424
13 1880 3424
13 1880 3425
13 1880 3425
13 1880 3426
13 1880 3426
13 1880 3427
13 1880 3427
13 1880 3428
13 1880 3428
13 1880 3429
13 1880 3429
13 1880 3430
13 1880 3430
13 1880 3431
13 1880 3431
13 1880 3432
13 1880 3432
13 1880 3433
13 1880 3433
13 1880 3434
13 1880 3434
13 1880 3435
13 1880 3435
13 1880 3436
13 1880 3436
13 1880 3437
13 1880 3437
13 1881 3423
13 1881 3423
13 1881 3424
13 1881 3424
13 1881 3425
13 1881 3425
13 1881 3426
13 1881 3426
13 1881 3427
13 1881 3427
13 1881 3428
13 1881 3428
13 1881 3429
13 1881 3429
13 1881 3430
13 1881 3430
13 1881 3431
13 1881 3431
13 1881 3435
13 1881 3435
13 1881 3436
13 1881 3436
13 1881 3437
13 1881 3437
13 1882 3423
13 1882 3423
13 1882 3424
13 1882 3424
13 1882 3425
13 1882 3425
13 1882 3426
13 1882 3426
13 1882 3427
13 1882 3427
13 1882 3428
13 1882 3428
13 1882 3429
13 1882 3429
13 1882 3435
13 1882 3435
13 1882 3436
13 1882 3436
13 1882 3437
13 1882 3437
13 1883 3423
13 1883 3423
13 1883 3424
13 1883 3424
13 1883 3425
13 1883 3425
13 1883 3426
13 1883 3426
13 1883 3427
13 1883 3427
13 1883 3436
13 1883 3436
13 1883 3437
13 1883 3437
13 1884 3423
13 1884 3423
13 1884 3424
13 1884 3424
13 1884 3425
13 1884 3425
13 1884 3426
13 1884 3426
13 1884 3437
13 1884 3437
13 1885 3423
13 1885 3423
13 1885 3424
13 1885 3424
13 1885 3437
13 1885 3437
13 1886 3423
13 1886 3423
13 1886 3424
13 1886 3424
13 1887 3423
13 1887 3423
13 1887 3424
13 1887 3424
13 1888 3423
13 1888 3423
13 1888 3424
13 1888 3424
13 1888 3425
13 1888 3425
13 1888 3436
13 1888 3436
13 1888 3437
13 1888 3437
13 1889 3423
13 1889 3423
13 1889 3424
13 1889 3424
13 1889 3425
13 1889 3425
13 1889 3434
13 1889 3434
13 1889 3435
13 1889 3435
13 1889 3436
13 1889 3436
13 1889 3437
13 1889 3437
13 1890 3423
13 1890 3423
13 1890 3424
13 1890 3424
13 1890 3425
13 1890 3425
13 1890 3426
13 1890 3426
13 1890 3432
13 1890 3432
13 1890 3433
13 1890 3433
13 1890 3434
13 1890 3434
13 1890 3435
13 1890 3435
13 1890 3436
13 1890 3436
13 1890 3437
13 1890 3437
13 1891 3423
13 1891 3423
13 1891 3424
13 1891 3424
13 1891 3425
13 1891 3425
13 1891 3426
13 1891 3426
13 1891 3430
13 1891 3430
13 1891 3431
13 1891 3431
13 1891 3432
13 1891 3432
13 1891 3433
13 1891 3433
13 1891 3434
13 1891 3434
13 1891 3435
13 1891 3435
13 1891 3436
13 1891 3436
13 1891 3437
13 1891 3437
13 1892 3423
13 1892 3423
13 1892 3424
13 1892 3424
13 1892 3425
13 1892 3425
13 1892 3426
13 1892 3426
13 1892 3427
13 1892 3427
13 1892 3428
13 1892 3428
13 1892 3429
13 1892 3429
13 1892 3430
13 1892 3430
13 1892 3431
13 1892 3431
13 1892 3432
13 1892 3432
13 1892 3433
13 1892 3433
13 1892 3434
13 1892 3434
13 1892 3435
13 1892 3435
13 1892 3436
13 1892 3436
13 1892 3437
13 1892 3437
14 3761 6847
14 3761 6848
14 3761 6849
14 3761 6850
14 3761 6851
14 3761 6852
14 3761 6853
14 3761 6854
14 3761 6855
14 3761 6856
14 3761 6857
14 3761 6858
14 3761 6859
14 3761 6860
14 3761 6861
14 3761 6862
14 3761 6863
14 3761 6864
14 3761 6865
14 3761 6866
14 3761 6867
14 3761 6868
14 3761 6869
14 3761 6870
14 3761 6871
14 3761 6872
14 3761 6873
14 3761 6874
15 7523 13694
15 7523 13695
15 7523 13696
15 7523 13697
15 7523 13698
15 7523 13699
15 7523 13700
15 7523 13701
15 7523 13702
15 7523 13703
15 7523 13704
15 7523 13705
15 7523 13706
15 7523 13707
15 7523 13708
15 7523 13709
15 7523 13710
15 7523 13711
15 7523 13712
15 7523 13713
15 7523 13714
15 7523 13715
15 7523 13716
15 7523 13717
15 7523 13718
15 7523 13719
15 7523 13720
15 7523 13721
15 7523 13722
15 7523 13723
15 7523 13724
15 7523 13725
15 7523 13726
15 7523 13727
15 7523 13728
15 7523 13729
15 7523 13730
15 7523 13731
15 7523 13732
15 7523 13733
15 7523 13734
15 7523 13735
15 7523 13736
15 7523 13737
15 7523 13738
15 7523 13739
15 7523 13740
15 7523 13741
15 7523 13742
15 7523 13743
15 7523 13744
15 7523 13745
15 7523 13746
15 7523 13747
15 7523 13748
15 7523 13749
16 15047 27388
16 15047 27389
16 15047 27390
16 15047 27391
16 15047 27392
16 15047 27393
16 15047 27394
16 15047 27395
16 15047 27396
16 15047 27397
16 15047 27398
16 15047 27399
16 15047 27400
16 15047 27401
16 15047 27402
16 15047 27403
16 15047 27404
16 15047 27405
16 15047 27406
16 15047 27407
16 15047 27408
16 15047 27409
16 15047 27410
16 15047 27411
16 15047 27412
16 15047 27413
16 15047 27414
16 15047 27415
16 15047 27416
16 15047 27417
16 15047 27418
16 15047 27419
16 15047 27420
16 15047 27421
16 15047 27422
16 15047 27423
16 15047 27424
16 15047 27425
16 15047 27426
16 15047 27427
16 15047 27428
16 15047 27429
16 15047 27430
16 15047 27431
16 15047 27432
16 15047 27433
16 15047 27434
16 15047 27435
16 15047 27436
16 15047 27437
16 15047 27438
16 15047 27439
16 15047 27440
16 15047 27441
16 15047 27442
16 15047 27443
16 15047 27444
16 15047 27445
16 15047 27446
16 15047 27447
16 15047 27448
16 15047 27449
16 15047 27450
16 15047 27451
16 15047 27452
16 15047 27453
16 15047 27454
16 15047 27455
16 15047 27456
16 15047 27457
16 15047 27458
16 15047 27459
16 15047 27460
16 15047 27461
16 15047 27462
16 15047 27463
16 15047 27464
16 15047 27465
16 15047 27466
16 15047 27467
16 15047 27468
16 15047 27469
16 15047 27470
16 15047 27471
16 15047 27472
16 15047 27473
16 15047 27474
16 15047 27475
16 15047 27476
16 15047 27477
16 15047 27478
16 15047 27479
16 15047 27480
16 15047 27481
16 15047 27482
16 15047 27483
16 15047 27484
16 15047 27485
16 15047 27486
16 15047 27487
16 15047 27488
16 15047 27489
16 15047 27490
16 15047 27491
16 15047 27492
16 15047 27493
16 15047 27494
16 15047 27495
16 15047 27496
16 15047 27497
16 15047 27498
16 15047 27499
17 30095 54776
18 60191 109553
3 1 3
4 3 6
4 3 6
5 7 13
5 7 13
6 14 26
6 14 26
7 29 53
7 29 53
8 58 106
8 58 106
8 58 107
8 58 107
8 59 106
8 59 106
8 59 107
8 59 107
9 117 213
9 117 213
9 118 213
9 118 213
