10 246 420
11 492 840
11 492 840
11 492 841
12 984 1681
12 984 1681
12 984 1682
12 984 1682
12 984 1683
12 984 1683
12 984 1684
12 984 1684
12 984 1685
12 984 1685
12 984 1686
12 984 1686
12 984 1687
12 984 1687
12 984 1688
12 984 1688
12 984 1689
12 984 1689
12 985 1681
12 985 1681
12 985 1682
12 985 1682
12 985 1683
12 985 1683
12 985 1684
12 985 1684
12 985 1685
12 985 1685
12 985 1686
12 985 1686
12 986 1681
12 986 1681
12 986 1682
12 986 1682
12 986 1683
12 986 1683
12 986 1684
12 986 1684
12 986 1685
12 986 1685
12 987 1681
12 987 1681
12 987 1682
12 987 1682
12 987 1683
12 987 1683
12 987 1684
12 987 1684
12 988 1681
12 988 1681
12 988 1682
12 988 1682
12 988 1683
12 988 1683
12 988 1687
12 988 1687
12 988 1688
12 988 1688
12 988 1689
12 988 1689
12 989 1681
12 989 1681
12 989 1682
12 989 1682
12 989 1686
12 989 1686
12 989 1687
12 989 1687
12 989 1688
12 989 1688
12 989 1689
12 989 1689
12 990 1681
12 990 1681
12 990 1685
12 990 1685
12 990 1686
12 990 1686
12 990 1687
12 990 1687
12 990 1688
12 990 1688
12 990 1689
12 990 1689
12 991 1681
12 991 1681
12 991 1682
12 991 1682
12 991 1684
12 991 1684
12 991 1685
12 991 1685
12 991 1686
12 991 1686
12 991 1687
12 991 1687
12 991 1688
12 991 1688
12 991 1689
12 991 1689
12 992 1681
12 992 1681
12 992 1682
12 992 1682
12 992 1683
12 992 1683
12 992 1684
12 992 1684
12 992 1685
12 992 1685
12 992 1686
12 992 1686
12 992 1687
12 992 1687
12 992 1688
12 992 1688
12 992 1689
12 992 1689
13 1969 3363
13 1969 3363
13 1969 3364
13 1969 3364
13 1969 3365
13 1969 3365
13 1969 3366
13 1969 3366
13 1969 3367
13 1969 3367
13 1969 3368
13 1969 3368
13 1969 3369
13 1969 3369
13 1969 3370
13 1969 3370
13 1969 3371
13 1969 3371
13 1969 3372
13 1969 3372
13 1969 3373
13 1969 3373
13 1969 3374
13 1969 3374
13 1969 3375
13 1969 3375
13 1969 3376
13 1969 3376
13 1969 3377
13 1969 3377
13 1969 3378
13 1969 3378
13 1969 3379
13 1969 3379
13 1970 3363
13 1970 3363
13 1970 3364
13 1970 3364
13 1970 3365
13 1970 3365
13 1970 3366
13 1970 3366
13 1970 3367
13 1970 3367
13 1970 3368
13 1970 3368
13 1970 3369
13 1970 3369
13 1970 3370
13 1970 3370
13 1970 3371
13 1970 3371
13 1970 3372
13 1970 3372
13 1970 3373
13 1970 3373
13 1970 3374
13 1970 3374
13 1970 3378
13 1970 3378
13 1970 3379
13 1970 3379
13 1971 3363
13 1971 3363
13 1971 3364
13 1971 3364
13 1971 3365
13 1971 3365
13 1971 3366
13 1971 3366
13 1971 3367
13 1971 3367
13 1971 3368
13 1971 3368
13 1971 3369
13 1971 3369
13 1971 3370
13 1971 3370
13 1971 3371
13 1971 3371
13 1971 3372
13 1971 3372
13 1971 3373
13 1971 3373
13 1971 3379
13 1971 3379
13 1972 3363
13 1972 3363
13 1972 3364
13 1972 3364
13 1972 3365
13 1972 3365
13 1972 3366
13 1972 3366
13 1972 3367
13 1972 3367
13 1972 3368
13 1972 3368
13 1972 3369
13 1972 3369
13 1972 3370
13 1972 3370
13 1972 3371
13 1972 3371
13 1972 3372
13 1972 3372
13 1973 3363
13 1973 3363
13 1973 3364
13 1973 3364
13 1973 3365
13 1973 3365
13 1973 3366
13 1973 3366
13 1973 3367
13 1973 3367
13 1973 3368
13 1973 3368
13 1973 3369
13 1973 3369
13 1973 3370
13 1973 3370
13 1973 3371
13 1973 3371
13 1974 3363
13 1974 3363
13 1974 3364
13 1974 3364
13 1974 3365
13 1974 3365
13 1974 3366
13 1974 3366
13 1974 3367
13 1974 3367
13 1974 3368
13 1974 3368
13 1974 3369
13 1974 3369
13 1974 3370
13 1974 3370
13 1974 3376
13 1974 3376
13 1974 3379
13 1974 3379
13 1975 3363
13 1975 3363
13 1975 3364
13 1975 3364
13 1975 3365
13 1975 3365
13 1975 3366
13 1975 3366
13 1975 3367
13 1975 3367
13 1975 3368
13 1975 3368
13 1975 3369
13 1975 3369
13 1975 3375
13 1975 3375
13 1975 3376
13 1975 3376
13 1975 3377
13 1975 3377
13 1975 3378
13 1975 3378
13 1975 3379
13 1975 3379
13 1976 3363
13 1976 3363
13 1976 3364
13 1976 3364
13 1976 3365
13 1976 3365
13 1976 3366
13 1976 3366
13 1976 3367
13 1976 3367
13 1976 3368
13 1976 3368
13 1976 3374
13 1976 3374
13 1976 3375
13 1976 3375
13 1976 3376
13 1976 3376
13 1976 3377
13 1976 3377
13 1976 3378
13 1976 3378
13 1976 3379
13 1976 3379
13 1977 3363
13 1977 3363
13 1977 3364
13 1977 3364
13 1977 3365
13 1977 3365
13 1977 3366
13 1977 3366
13 1977 3367
13 1977 3367
13 1977 3368
13 1977 3368
13 1977 3373
13 1977 3373
13 1977 3374
13 1977 3374
13 1977 3375
13 1977 3375
13 1977 3376
13 1977 3376
13 1977 3377
13 1977 3377
13 1977 3378
13 1977 3378
13 1977 3379
13 1977 3379
13 1978 3363
13 1978 3363
13 1978 3364
13 1978 3364
13 1978 3365
13 1978 3365
13 1978 3366
13 1978 3366
13 1978 3367
13 1978 3367
13 1978 3372
13 1978 3372
13 1978 3373
13 1978 3373
13 1978 3374
13 1978 3374
13 1978 3375
13 1978 3375
13 1978 3376
13 1978 3376
13 1978 3377
13 1978 3377
13 1978 3378
13 1978 3378
13 1978 3379
13 1978 3379
13 1979 3363
13 1979 3363
13 1979 3364
13 1979 3364
13 1979 3365
13 1979 3365
13 1979 3366
13 1979 3366
13 1979 3371
13 1979 3371
13 1979 3372
13 1979 3372
13 1979 3373
13 1979 3373
13 1979 3374
13 1979 3374
13 1979 3375
13 1979 3375
13 1979 3376
13 1979 3376
13 1979 3377
13 1979 3377
13 1979 3378
13 1979 3378
13 1979 3379
13 1979 3379
13 1980 3363
13 1980 3363
13 1980 3364
13 1980 3364
13 1980 3365
13 1980 3365
13 1980 3370
13 1980 3370
13 1980 3371
13 1980 3371
13 1980 3372
13 1980 3372
13 1980 3373
13 1980 3373
13 1980 3374
13 1980 3374
13 1980 3375
13 1980 3375
13 1980 3376
13 1980 3376
13 1980 3377
13 1980 3377
13 1980 3378
13 1980 3378
13 1980 3379
13 1980 3379
13 1981 3363
13 1981 3363
13 1981 3364
13 1981 3364
13 1981 3369
13 1981 3369
13 1981 3370
13 1981 3370
13 1981 3371
13 1981 3371
13 1981 3372
13 1981 3372
13 1981 3373
13 1981 3373
13 1981 3374
13 1981 3374
13 1981 3375
13 1981 3375
13 1981 3376
13 1981 3376
13 1981 3377
13 1981 3377
13 1981 3378
13 1981 3378
13 1981 3379
13 1981 3379
13 1982 3363
13 1982 3363
13 1982 3364
13 1982 3364
13 1982 3365
13 1982 3365
13 1982 3368
13 1982 3368
13 1982 3369
13 1982 3369
13 1982 3370
13 1982 3370
13 1982 3371
13 1982 3371
13 1982 3372
13 1982 3372
13 1982 3373
13 1982 3373
13 1982 3374
13 1982 3374
13 1982 3375
13 1982 3375
13 1982 3376
13 1982 3376
13 1982 3377
13 1982 3377
13 1982 3378
13 1982 3378
13 1982 3379
13 1982 3379
13 1983 3363
13 1983 3363
13 1983 3364
13 1983 3364
13 1983 3365
13 1983 3365
13 1983 3366
13 1983 3366
13 1983 3367
13 1983 3367
13 1983 3368
13 1983 3368
13 1983 3369
13 1983 3369
13 1983 3370
13 1983 3370
13 1983 3371
13 1983 3371
13 1983 3372
13 1983 3372
13 1983 3373
13 1983 3373
13 1983 3374
13 1983 3374
13 1983 3375
13 1983 3375
13 1983 3376
13 1983 3376
13 1983 3377
13 1983 3377
13 1983 3378
13 1983 3378
13 1983 3379
13 1983 3379
13 1984 3363
13 1984 3363
13 1984 3364
13 1984 3364
13 1984 3365
13 1984 3365
13 1984 3366
13 1984 3366
13 1984 3367
13 1984 3367
13 1984 3368
13 1984 3368
13 1984 3369
13 1984 3369
13 1984 3370
13 1984 3370
13 1984 3371
13 1984 3371
13 1984 3372
13 1984 3372
13 1984 3373
13 1984 3373
13 1984 3374
13 1984 3374
13 1984 3375
13 1984 3375
13 1984 3376
13 1984 3376
13 1984 3377
13 1984 3377
13 1984 3378
13 1984 3378
13 1984 3379
13 1984 3379
13 1985 3363
13 1985 3363
13 1985 3364
13 1985 3364
13 1985 3365
13 1985 3365
13 1985 3366
13 1985 3366
13 1985 3367
13 1985 3367
13 1985 3368
13 1985 3368
13 1985 3369
13 1985 3369
13 1985 3370
13 1985 3370
13 1985 3371
13 1985 3371
13 1985 3372
13 1985 3372
13 1985 3373
13 1985 3373
13 1985 3374
13 1985 3374
13 1985 3375
13 1985 3375
13 1985 3376
13 1985 3376
13 1985 3377
13 1985 3377
13 1985 3378
13 1985 3378
13 1985 3379
13 1985 3379
14 3938 6726
14 3938 6727
14 3938 6728
14 3938 6729
14 3938 6730
14 3938 6731
14 3938 6732
14 3938 6733
14 3938 6734
14 3938 6735
14 3938 6736
14 3938 6737
14 3938 6738
14 3938 6739
14 3938 6740
14 3938 6741
14 3938 6742
14 3938 6743
14 3938 6744
14 3938 6745
14 3938 6746
14 3938 6747
14 3938 6748
14 3938 6749
14 3938 6750
14 3938 6751
14 3938 6752
14 3938 6753
14 3938 6754
14 3938 6755
14 3938 6756
14 3938 6757
14 3938 6758
14 3938 6759
14 3953 6749
14 3955 6749
14 3958 6742
15 7876 13452
15 7876 13453
15 7876 13454
15 7876 13455
15 7876 13456
15 7876 13457
15 7876 13458
15 7876 13459
15 7876 13460
15 7876 13461
15 7876 13462
15 7876 13463
15 7876 13464
15 7876 13465
15 7876 13466
15 7876 13467
15 7876 13468
15 7876 13469
15 7876 13470
15 7876 13471
15 7876 13472
15 7876 13473
15 7876 13474
15 7876 13475
15 7876 13476
15 7876 13477
15 7876 13478
15 7876 13479
15 7876 13480
15 7876 13481
15 7876 13482
15 7876 13483
15 7876 13484
15 7876 13485
15 7876 13486
15 7876 13487
15 7876 13488
15 7876 13489
15 7876 13490
15 7876 13491
15 7876 13492
15 7876 13493
15 7876 13494
15 7876 13495
15 7876 13496
15 7876 13497
15 7876 13498
15 7876 13499
15 7876 13500
15 7876 13501
15 7876 13502
15 7876 13503
15 7876 13504
15 7876 13505
15 7876 13506
15 7876 13507
15 7876 13508
15 7876 13509
15 7876 13510
15 7876 13511
15 7876 13512
15 7876 13513
15 7876 13514
15 7876 13515
15 7876 13516
15 7876 13517
15 7876 13518
15 7876 13519
15 7877 13468
15 7907 13499
15 7910 13498
15 7917 13485
16 15753 26905
16 15753 26906
16 15753 26907
16 15753 26908
16 15753 26909
16 15753 26910
16 15753 26911
16 15753 26912
16 15753 26913
16 15753 26914
16 15753 26915
16 15753 26916
16 15753 26917
16 15753 26918
16 15753 26919
16 15753 26920
16 15753 26921
16 15753 26922
16 15753 26923
16 15753 26924
16 15753 26925
16 15753 26926
16 15753 26927
16 15753 26928
16 15753 26929
16 15753 26930
16 15753 26931
16 15753 26932
16 15753 26933
16 15753 26934
16 15753 26935
16 15753 26936
16 15753 26937
16 15753 26938
16 15753 26939
16 15753 26940
16 15753 26941
16 15753 26942
16 15753 26943
16 15753 26944
16 15753 26945
16 15753 26946
16 15753 26947
16 15753 26948
16 15753 26949
16 15753 26950
16 15753 26951
16 15753 26952
16 15753 26953
16 15753 26954
16 15753 26955
16 15753 26956
16 15753 26957
16 15753 26958
16 15753 26959
16 15753 26960
16 15753 26961
16 15753 26962
16 15753 26963
16 15753 26964
16 15753 26965
16 15753 26966
16 15753 26967
16 15753 26968
16 15753 26969
16 15753 26970
16 15753 26971
16 15753 26972
16 15753 26973
16 15753 26974
16 15753 26975
16 15753 26976
16 15753 26977
16 15753 26978
16 15753 26979
16 15753 26980
16 15753 26981
16 15753 26982
16 15753 26983
16 15753 26984
16 15753 26985
16 15753 26986
16 15753 26987
16 15753 26988
16 15753 26989
16 15753 26990
16 15753 26991
16 15753 26992
16 15753 26993
16 15753 26994
16 15753 26995
16 15753 26996
16 15753 26997
16 15753 26998
16 15753 26999
16 15753 27000
16 15753 27001
16 15753 27002
16 15753 27003
16 15753 27004
16 15753 27005
16 15753 27006
16 15753 27007
16 15753 27008
16 15753 27009
16 15753 27010
16 15753 27011
16 15753 27012
16 15753 27013
16 15753 27014
16 15753 27015
16 15753 27016
16 15753 27017
16 15753 27018
16 15753 27019
16 15753 27020
16 15753 27021
16 15753 27022
16 15753 27023
16 15753 27024
16 15753 27025
16 15753 27026
16 15753 27027
16 15753 27028
16 15753 27029
16 15753 27030
16 15753 27031
16 15753 27032
16 15753 27033
16 15753 27034
16 15753 27035
16 15753 27036
16 15753 27037
16 15753 27038
16 15754 26936
16 15799 26984
16 15801 26987
16 15815 26999
16 15820 26997
16 15834 26970
17 31506 53810
17 31506 53811
17 31506 53812
17 31506 53813
17 31506 53814
17 31506 53815
17 31506 53816
17 31506 53817
17 31506 53818
17 31506 53819
17 31506 53820
17 31506 53821
17 31506 53822
17 31506 53823
17 31506 53824
17 31506 53825
17 31506 53826
17 31506 53827
17 31506 53828
17 31506 53829
17 31506 53830
17 31506 53831
17 31506 53832
17 31506 53833
17 31506 53834
17 31506 53835
17 31506 53836
17 31506 53837
17 31506 53838
17 31506 53839
17 31506 53840
17 31506 53841
17 31506 53842
17 31506 53843
17 31506 53844
17 31506 53845
17 31506 53846
17 31506 53847
17 31506 53848
17 31506 53849
17 31506 53850
17 31506 53851
17 31506 53852
17 31506 53853
17 31506 53854
17 31506 53855
17 31506 53856
17 31506 53857
17 31506 53858
17 31506 53859
17 31506 53860
17 31506 53861
17 31506 53862
17 31506 53863
17 31506 53864
17 31506 53865
17 31506 53866
17 31506 53867
17 31506 53868
17 31506 53869
17 31506 53870
17 31506 53871
17 31506 53872
17 31506 53873
17 31506 53874
17 31506 53875
17 31506 53876
17 31506 53877
17 31506 53878
17 31506 53879
17 31506 53880
17 31506 53881
17 31506 53882
17 31506 53883
17 31506 53884
17 31506 53885
17 31506 53886
17 31506 53887
17 31506 53888
17 31506 53889
17 31506 53890
17 31506 53891
17 31506 53892
17 31506 53893
17 31506 53894
17 31506 53895
17 31506 53896
17 31506 53897
17 31506 53898
17 31506 53899
17 31506 53900
17 31506 53901
17 31506 53902
17 31506 53903
17 31506 53904
17 31506 53905
17 31506 53906
17 31506 53907
17 31506 53908
17 31506 53909
17 31506 53910
17 31506 53911
17 31506 53912
17 31506 53913
17 31506 53914
17 31506 53915
17 31506 53916
17 31506 53917
17 31506 53918
17 31506 53919
17 31506 53920
17 31506 53921
17 31506 53922
17 31506 53923
17 31506 53924
17 31506 53925
17 31506 53926
17 31506 53927
17 31506 53928
17 31506 53929
17 31506 53930
17 31506 53931
17 31506 53932
17 31506 53933
17 31506 53934
17 31506 53935
17 31506 53936
17 31506 53937
17 31506 53938
17 31506 53939
17 31506 53940
17 31506 53941
17 31506 53942
17 31506 53943
17 31506 53944
17 31506 53945
17 31506 53946
17 31506 53947
17 31506 53948
17 31506 53949
17 31506 53950
17 31506 53951
17 31506 53952
17 31506 53953
17 31506 53954
17 31506 53955
17 31506 53956
17 31506 53957
17 31506 53958
17 31506 53959
17 31506 53960
17 31506 53961
17 31506 53962
17 31506 53963
17 31506 53964
17 31506 53965
17 31506 53966
17 31506 53967
17 31506 53968
17 31506 53969
17 31506 53970
17 31506 53971
17 31506 53972
17 31506 53973
17 31506 53974
17 31506 53975
17 31506 53976
17 31506 53977
17 31506 53978
17 31506 53979
17 31506 53980
17 31506 53981
17 31506 53982
17 31506 53983
17 31506 53984
17 31506 53985
17 31506 53986
17 31506 53987
17 31506 53988
17 31506 53989
17 31506 53990
17 31506 53991
17 31506 53992
17 31506 53993
17 31506 53994
17 31506 53995
17 31506 53996
17 31506 53997
17 31506 53998
17 31506 53999
17 31506 54000
17 31506 54001
17 31506 54002
17 31506 54003
17 31506 54004
17 31506 54005
17 31506 54006
17 31506 54007
17 31506 54008
17 31506 54009
17 31506 54010
17 31506 54011
17 31506 54012
17 31506 54013
17 31506 54014
17 31506 54015
17 31506 54016
17 31506 54017
17 31506 54018
17 31506 54019
17 31506 54020
17 31506 54021
17 31506 54022
17 31506 54023
17 31506 54024
17 31506 54025
17 31506 54026
17 31506 54027
17 31506 54028
17 31506 54029
17 31506 54030
17 31506 54031
17 31506 54032
17 31506 54033
17 31506 54034
17 31506 54035
17 31506 54036
17 31506 54037
17 31506 54038
17 31506 54039
17 31506 54040
17 31506 54041
17 31506 54042
17 31506 54043
17 31506 54044
17 31506 54045
17 31506 54046
17 31506 54047
17 31506 54048
17 31506 54049
17 31506 54050
17 31506 54051
17 31506 54052
17 31506 54053
17 31506 54054
17 31506 54055
17 31506 54056
17 31506 54057
17 31506 54058
17 31506 54059
17 31506 54060
17 31506 54061
17 31506 54062
17 31506 54063
17 31506 54064
17 31506 54065
17 31506 54066
17 31506 54067
17 31506 54068
17 31506 54069
17 31506 54070
17 31506 54071
17 31506 54072
17 31506 54073
17 31506 54074
17 31506 54075
17 31506 54076
17 31599 53969
17 31631 53998
17 31640 53995
18 63012 107621
18 63012 107622
18 63012 107623
18 63012 107624
18 63012 107625
18 63012 107626
18 63012 107627
18 63012 107628
18 63012 107629
18 63012 107630
18 63012 107631
18 63012 107632
18 63012 107633
18 63012 107634
18 63012 107635
18 63012 107636
18 63012 107637
18 63012 107638
18 63012 107639
18 63012 107640
18 63012 107641
18 63012 107642
18 63012 107643
18 63012 107644
18 63012 107645
18 63012 107646
18 63012 107647
18 63012 107648
18 63012 107649
18 63012 107650
18 63012 107651
18 63012 107652
18 63012 107653
18 63012 107654
18 63012 107655
18 63012 107656
18 63012 107657
18 63012 107658
18 63012 107659
18 63012 107660
18 63012 107661
18 63012 107662
18 63012 107663
18 63012 107664
18 63012 107665
18 63012 107666
18 63012 107667
18 63012 107668
18 63012 107669
18 63012 107670
18 63012 107671
18 63012 107672
18 63012 107673
18 63012 107674
18 63012 107675
18 63012 107676
18 63012 107677
18 63012 107678
18 63012 107679
18 63012 107680
18 63012 107681
18 63012 107682
18 63012 107683
18 63012 107684
18 63012 107685
18 63012 107686
18 63012 107687
18 63012 107688
18 63012 107689
18 63012 107690
18 63012 107691
18 63012 107692
18 63012 107693
18 63012 107694
18 63012 107695
18 63012 107696
18 63012 107697
18 63012 107698
18 63012 107699
18 63012 107700
18 63012 107701
18 63012 107702
18 63012 107703
18 63012 107704
18 63012 107705
18 63012 107706
18 63012 107707
18 63012 107708
18 63012 107709
18 63012 107710
18 63012 107711
18 63012 107712
18 63012 107713
18 63012 107714
18 63012 107715
18 63012 107716
18 63012 107717
18 63012 107718
18 63012 107719
18 63012 107720
18 63012 107721
18 63012 107722
18 63012 107723
18 63012 107724
18 63012 107725
18 63012 107726
18 63012 107727
18 63012 107728
18 63012 107729
18 63012 107730
18 63012 107731
18 63012 107732
18 63012 107733
18 63012 107734
18 63012 107735
18 63012 107736
18 63012 107737
18 63012 107738
18 63012 107739
18 63012 107740
18 63012 107741
18 63012 107742
18 63012 107743
18 63012 107744
18 63012 107745
18 63012 107746
18 63012 107747
18 63012 107748
18 63012 107749
18 63012 107750
18 63012 107751
18 63012 107752
18 63012 107753
18 63012 107754
18 63012 107755
18 63012 107756
18 63012 107757
18 63012 107758
18 63012 107759
18 63012 107760
18 63012 107761
18 63012 107762
18 63012 107763
18 63012 107764
18 63012 107765
18 63012 107766
18 63012 107767
18 63012 107768
18 63012 107769
18 63012 107770
18 63012 107771
18 63012 107772
18 63012 107773
18 63012 107774
18 63012 107775
18 63012 107776
18 63012 107777
18 63012 107778
18 63012 107779
18 63012 107780
18 63012 107781
18 63012 107782
18 63012 107783
18 63012 107784
18 63012 107785
18 63012 107786
18 63012 107787
18 63012 107788
18 63012 107789
18 63012 107790
18 63012 107791
18 63012 107792
18 63012 107793
18 63012 107794
18 63012 107795
18 63012 107796
18 63012 107797
18 63012 107798
18 63012 107799
18 63012 107800
18 63012 107801
18 63012 107802
18 63012 107803
18 63012 107804
18 63012 107805
18 63012 107806
18 63012 107807
18 63012 107808
18 63012 107809
18 63012 107810
18 63012 107811
18 63012 107812
18 63012 107813
18 63012 107814
18 63012 107815
18 63012 107816
18 63012 107817
18 63012 107818
18 63012 107819
18 63012 107820
18 63012 107821
18 63012 107822
18 63012 107823
18 63012 107824
18 63012 107825
18 63012 107826
18 63012 107827
18 63012 107828
18 63012 107829
18 63012 107830
18 63012 107831
18 63012 107832
18 63012 107833
18 63012 107834
18 63012 107835
18 63012 107836
18 63012 107837
18 63012 107838
18 63012 107839
18 63012 107840
18 63012 107841
18 63012 107842
18 63012 107843
18 63012 107844
18 63012 107845
18 63012 107846
18 63012 107847
18 63012 107848
18 63012 107849
18 63012 107850
18 63012 107851
18 63012 107852
18 63012 107853
18 63012 107854
18 63012 107855
18 63012 107856
18 63012 107857
18 63012 107858
18 63012 107859
18 63012 107860
18 63012 107861
18 63012 107862
18 63012 107863
18 63012 107864
18 63012 107865
18 63012 107866
18 63012 107867
18 63012 107868
18 63012 107869
18 63012 107870
18 63012 107871
18 63012 107872
18 63012 107873
18 63012 107874
18 63012 107875
18 63012 107876
18 63012 107877
18 63012 107878
18 63012 107879
18 63012 107880
18 63012 107881
18 63012 107882
18 63012 107883
18 63012 107884
18 63012 107885
18 63012 107886
18 63012 107887
18 63012 107888
18 63012 107889
18 63012 107890
18 63012 107891
18 63012 107892
18 63012 107893
18 63012 107894
18 63012 107895
18 63012 107896
18 63012 107897
18 63012 107898
18 63012 107899
18 63012 107900
18 63012 107901
18 63012 107902
18 63012 107903
18 63012 107904
18 63012 107905
18 63012 107906
18 63012 107907
18 63012 107908
18 63012 107909
18 63012 107910
18 63012 107911
18 63012 107912
18 63012 107913
18 63012 107914
18 63012 107915
18 63012 107916
18 63012 107917
18 63012 107918
18 63012 107919
18 63012 107920
18 63012 107921
18 63012 107922
18 63012 107923
18 63012 107924
18 63012 107925
18 63012 107926
18 63012 107927
18 63012 107928
18 63012 107929
18 63012 107930
18 63012 107931
18 63012 107932
18 63012 107933
18 63012 107934
18 63012 107935
18 63012 107936
18 63012 107937
18 63012 107938
18 63012 107939
18 63012 107940
18 63012 107941
18 63012 107942
18 63012 107943
18 63012 107944
18 63012 107945
18 63012 107946
18 63012 107947
18 63012 107948
18 63012 107949
18 63012 107950
18 63012 107951
18 63012 107952
18 63012 107953
18 63012 107954
18 63012 107955
18 63012 107956
18 63012 107957
18 63012 107958
18 63012 107959
18 63012 107960
18 63012 107961
18 63012 107962
18 63012 107963
18 63012 107964
18 63012 107965
18 63012 107966
18 63012 107967
18 63012 107968
18 63012 107969
18 63012 107970
18 63012 107971
18 63012 107972
18 63012 107973
18 63012 107974
18 63012 107975
18 63012 107976
18 63012 107977
18 63012 107978
18 63012 107979
18 63012 107980
18 63012 107981
18 63012 107982
18 63012 107983
18 63012 107984
18 63012 107985
18 63012 107986
18 63012 107987
18 63012 107988
18 63012 107989
18 63012 107990
18 63012 107991
18 63012 107992
18 63012 107993
18 63012 107994
18 63012 107995
18 63012 107996
18 63012 107997
18 63012 107998
18 63012 107999
18 63012 108000
18 63012 108001
18 63012 108002
18 63012 108003
18 63012 108004
18 63012 108005
18 63012 108006
18 63012 108007
18 63012 108008
18 63012 108009
18 63012 108010
18 63012 108011
18 63012 108012
18 63012 108013
18 63012 108014
18 63012 108015
18 63012 108016
18 63012 108017
18 63012 108018
18 63012 108019
18 63012 108020
18 63012 108021
18 63012 108022
18 63012 108023
18 63012 108024
18 63012 108025
18 63012 108026
18 63012 108027
18 63012 108028
18 63012 108029
18 63012 108030
18 63012 108031
18 63012 108032
18 63012 108033
18 63012 108034
18 63012 108035
18 63012 108036
18 63012 108037
18 63012 108038
18 63012 108039
18 63012 108040
18 63012 108041
18 63012 108042
18 63012 108043
18 63012 108044
18 63012 108045
18 63012 108046
18 63012 108047
18 63012 108048
18 63012 108049
18 63012 108050
18 63012 108051
18 63012 108052
18 63012 108053
18 63012 108054
18 63012 108055
18 63012 108056
18 63012 108057
18 63012 108058
18 63012 108059
18 63012 108060
18 63012 108061
18 63012 108062
18 63012 108063
18 63012 108064
18 63012 108065
18 63012 108066
18 63012 108067
18 63012 108068
18 63012 108069
18 63012 108070
18 63012 108071
18 63012 108072
18 63012 108073
18 63012 108074
18 63012 108075
18 63012 108076
18 63012 108077
18 63012 108078
18 63012 108079
18 63012 108080
18 63012 108081
18 63012 108082
18 63012 108083
18 63012 108084
18 63012 108085
18 63012 108086
18 63012 108087
18 63012 108088
18 63012 108089
18 63012 108090
18 63012 108091
18 63012 108092
18 63012 108093
18 63012 108094
18 63012 108095
18 63012 108096
18 63012 108097
18 63012 108098
18 63012 108099
18 63012 108100
18 63012 108101
18 63012 108102
18 63012 108103
18 63012 108104
18 63012 108105
18 63012 108106
18 63012 108107
18 63012 108108
18 63012 108109
18 63012 108110
18 63012 108111
18 63012 108112
18 63012 108113
18 63012 108114
18 63012 108115
18 63012 108116
18 63012 108117
18 63012 108118
18 63012 108119
18 63012 108120
18 63012 108121
18 63012 108122
18 63012 108123
18 63012 108124
18 63012 108125
18 63012 108126
18 63012 108127
18 63012 108128
18 63012 108129
18 63012 108130
18 63012 108131
18 63012 108132
18 63012 108133
18 63012 108134
18 63012 108135
18 63012 108136
18 63012 108137
18 63012 108138
18 63012 108139
18 63012 108140
18 63012 108141
18 63012 108142
18 63012 108143
18 63012 108144
18 63012 108145
18 63012 108146
18 63012 108147
18 63012 108148
18 63012 108149
18 63012 108150
18 63012 108151
18 63012 108152
18 63012 108153
18 63199 107939
18 63263 107996
18 63280 107990
3 1 3
4 3 6
4 3 6
5 7 13
5 7 13
6 15 26
6 15 26
7 30 52
7 30 52
7 31 52
7 31 52
8 62 105
8 62 105
9 124 210
9 124 210
9 124 211
9 124 211
