13 2235 3350
13 2235 3350
13 2236 3350
13 2236 3350
13 2237 3350
13 2237 3350
13 2238 3350
13 2238 3350
13 2239 3350
13 2239 3350
13 2240 3350
13 2240 3350
13 2241 3350
13 2241 3350
13 2242 3350
13 2242 3350
13 2243 3350
13 2243 3350
13 2244 3350
13 2244 3350
13 2245 3350
13 2245 3350
13 2246 3350
13 2246 3350
14 4471 6701
14 4483 6701
15 8942 13402
15 8942 13403
15 8942 13404
15 8942 13435
15 8967 13403
15 8987 13405
15 8987 13406
15 8987 13407
15 8987 13408
15 8987 13409
15 8987 13410
15 8987 13411
15 8987 13412
15 8987 13413
15 8987 13414
15 8987 13415
15 8987 13416
15 8987 13417
15 8987 13418
15 8987 13419
15 8987 13420
15 8987 13421
15 8987 13422
15 8987 13423
15 8987 13424
15 8987 13425
15 8987 13426
15 8987 13427
15 8987 13428
15 8987 13429
15 8987 13430
15 8987 13431
15 8987 13432
15 8987 13433
15 8987 13434
16 17884 26804
16 17884 26805
16 17884 26806
16 17884 26807
16 17884 26808
16 17884 26809
16 17884 26810
16 17884 26811
16 17884 26812
16 17884 26813
16 17884 26814
16 17884 26815
16 17884 26816
16 17884 26817
16 17884 26818
16 17884 26819
16 17884 26820
16 17884 26821
16 17884 26822
16 17884 26823
16 17884 26824
16 17884 26825
16 17884 26826
16 17884 26827
16 17884 26828
16 17884 26829
16 17884 26830
16 17884 26831
16 17884 26832
16 17884 26833
16 17884 26834
16 17884 26835
16 17884 26836
16 17884 26837
16 17884 26838
16 17884 26839
16 17884 26840
16 17884 26841
16 17884 26842
16 17884 26843
16 17884 26844
16 17884 26845
16 17884 26846
16 17884 26847
16 17884 26848
16 17884 26849
16 17884 26850
16 17884 26851
16 17884 26852
16 17884 26853
16 17884 26854
16 17884 26855
16 17884 26856
16 17884 26857
16 17884 26858
16 17884 26859
16 17884 26860
16 17884 26861
16 17884 26862
16 17884 26863
16 17884 26864
16 17884 26865
16 17884 26866
16 17884 26867
16 17884 26868
16 17884 26869
16 17884 26870
16 17884 26871
16 17934 26806
17 35768 53609
17 35768 53610
17 35768 53611
17 35768 53612
17 35768 53613
17 35768 53614
17 35768 53615
17 35768 53616
17 35768 53617
17 35768 53618
17 35768 53619
17 35768 53620
17 35768 53621
17 35768 53622
17 35768 53623
17 35768 53624
17 35768 53625
17 35768 53626
17 35768 53627
17 35768 53628
17 35768 53629
17 35768 53630
17 35768 53631
17 35768 53632
17 35768 53633
17 35768 53634
17 35768 53635
17 35768 53636
17 35768 53637
17 35768 53638
17 35768 53639
17 35768 53640
17 35768 53641
17 35768 53642
17 35768 53643
17 35768 53644
17 35768 53645
17 35768 53646
17 35768 53647
17 35768 53648
17 35768 53649
17 35768 53650
17 35768 53651
17 35768 53652
17 35768 53653
17 35768 53654
17 35768 53655
17 35768 53656
17 35768 53657
17 35768 53658
17 35768 53659
17 35768 53660
17 35768 53661
17 35768 53662
17 35768 53663
17 35768 53664
17 35768 53665
17 35768 53666
17 35768 53667
17 35768 53668
17 35768 53669
17 35768 53670
17 35768 53671
17 35768 53672
17 35768 53673
17 35768 53674
17 35768 53675
17 35768 53676
17 35768 53677
17 35768 53678
17 35768 53679
17 35768 53680
17 35768 53681
17 35768 53682
17 35768 53683
17 35768 53684
17 35768 53685
17 35768 53686
17 35768 53687
17 35768 53688
17 35768 53689
17 35768 53690
17 35768 53691
17 35768 53692
17 35768 53693
17 35768 53694
17 35768 53695
17 35768 53696
17 35768 53697
17 35768 53698
17 35768 53699
17 35768 53700
17 35768 53701
17 35768 53702
17 35768 53703
17 35768 53704
17 35768 53705
17 35768 53706
17 35768 53707
17 35768 53708
17 35768 53709
17 35768 53710
17 35768 53711
17 35768 53712
17 35768 53713
17 35768 53714
17 35768 53715
17 35768 53716
17 35768 53717
17 35768 53718
17 35768 53719
17 35768 53720
17 35768 53721
17 35768 53722
17 35768 53723
17 35768 53724
17 35768 53725
17 35768 53726
17 35768 53727
17 35768 53728
17 35768 53729
17 35768 53730
17 35768 53731
17 35768 53732
17 35768 53733
17 35768 53734
17 35768 53735
17 35768 53736
17 35768 53737
17 35768 53738
17 35768 53739
17 35768 53740
17 35768 53741
17 35768 53742
18 71536 107219
3 2 3
4 4 6
4 4 6
5 8 13
5 8 13
6 17 26
6 17 26
7 34 52
7 34 52
7 35 52
7 35 52
8 69 104
8 69 104
8 70 104
8 70 104
