13 2364 3184
13 2364 3184
13 2365 3184
13 2365 3184
13 2366 3184
13 2366 3184
13 2367 3184
13 2367 3184
13 2368 3184
13 2368 3184
13 2369 3184
13 2369 3184
13 2370 3184
13 2370 3184
13 2371 3184
13 2371 3184
13 2372 3184
13 2372 3184
13 2373 3184
13 2373 3184
13 2374 3184
13 2374 3184
14 4728 6369
14 4728 6370
14 4728 6371
14 4728 6372
14 4728 6373
14 4728 6374
14 4728 6375
14 4728 6376
14 4728 6377
14 4728 6378
14 4728 6379
14 4728 6380
14 4728 6381
14 4728 6382
14 4728 6383
14 4728 6384
14 4728 6385
14 4728 6386
14 4728 6387
14 4728 6388
14 4728 6389
14 4728 6390
14 4728 6391
14 4728 6392
14 4728 6393
14 4728 6394
14 4728 6395
14 4728 6396
14 4728 6397
15 9457 12739
15 9457 12740
15 9457 12741
15 9457 12742
15 9457 12743
15 9457 12744
15 9457 12745
15 9457 12746
15 9457 12747
15 9457 12748
15 9457 12749
15 9457 12750
15 9457 12751
15 9457 12752
15 9457 12753
15 9457 12754
15 9457 12755
15 9457 12756
15 9457 12757
15 9457 12758
15 9457 12759
15 9457 12760
15 9457 12761
15 9457 12762
15 9457 12763
15 9457 12764
15 9457 12765
15 9457 12766
15 9457 12767
15 9457 12768
15 9457 12769
15 9457 12770
15 9457 12771
15 9457 12772
15 9457 12773
15 9457 12774
15 9457 12775
15 9457 12776
15 9457 12777
15 9457 12778
15 9457 12779
15 9457 12780
15 9457 12781
15 9457 12782
15 9457 12783
15 9457 12784
15 9457 12785
15 9457 12786
15 9457 12787
15 9457 12788
15 9457 12789
15 9457 12790
15 9457 12791
15 9457 12792
15 9457 12793
15 9457 12794
16 18915 25479
16 18915 25480
16 18915 25481
16 18915 25482
16 18915 25483
16 18915 25484
16 18915 25485
16 18915 25486
16 18915 25487
16 18915 25488
16 18915 25489
16 18915 25490
16 18915 25491
16 18915 25492
16 18915 25493
16 18915 25494
16 18915 25495
16 18915 25496
16 18915 25497
16 18915 25498
16 18915 25499
16 18915 25500
16 18915 25501
16 18915 25502
16 18915 25503
16 18915 25504
16 18915 25505
16 18915 25506
16 18915 25507
16 18915 25508
16 18915 25509
16 18915 25510
16 18915 25511
16 18915 25512
16 18915 25513
16 18915 25514
16 18915 25515
16 18915 25516
16 18915 25517
16 18915 25518
16 18915 25519
16 18915 25520
16 18915 25521
16 18915 25522
16 18915 25523
16 18915 25524
16 18915 25525
16 18915 25526
16 18915 25527
16 18915 25528
16 18915 25529
16 18915 25530
16 18915 25531
16 18915 25532
16 18915 25533
16 18915 25534
16 18915 25535
16 18915 25536
16 18915 25537
16 18915 25538
16 18915 25539
16 18915 25540
16 18915 25541
16 18915 25542
16 18915 25543
16 18915 25544
16 18915 25545
16 18915 25546
16 18915 25547
16 18915 25548
16 18915 25549
16 18915 25550
16 18915 25551
16 18915 25552
16 18915 25553
16 18915 25554
16 18915 25555
16 18915 25556
16 18915 25557
16 18915 25558
16 18915 25559
16 18915 25560
16 18915 25561
16 18915 25562
16 18915 25563
16 18915 25564
16 18915 25565
16 18915 25566
16 18915 25567
16 18915 25568
16 18915 25569
16 18915 25570
16 18915 25571
16 18915 25572
16 18915 25573
16 18915 25574
16 18915 25575
16 18915 25576
16 18915 25577
16 18915 25578
16 18915 25579
16 18915 25580
16 18915 25581
16 18915 25582
16 18915 25583
16 18915 25584
16 18915 25585
16 18915 25586
16 18915 25587
16 18915 25588
17 37830 50959
17 37830 50960
17 37830 50961
17 37830 50962
17 37830 50963
17 37830 50964
17 37830 50965
17 37830 50966
17 37830 50967
17 37830 50968
17 37830 50969
17 37830 50970
17 37830 50971
17 37830 50972
17 37830 50973
17 37830 50974
17 37830 50975
17 37830 50976
17 37830 50977
17 37830 50978
17 37830 50979
17 37830 50980
17 37830 50981
17 37830 50982
17 37830 50983
17 37830 50984
17 37830 50985
17 37830 50986
17 37830 50987
17 37830 50988
17 37830 50989
17 37830 50990
17 37830 50991
17 37830 50992
17 37830 50993
17 37830 50994
17 37830 50995
17 37830 50996
17 37830 50997
17 37830 50998
17 37830 50999
17 37830 51000
17 37830 51001
17 37830 51002
17 37830 51003
17 37830 51004
17 37830 51005
17 37830 51006
17 37830 51007
17 37830 51008
17 37830 51009
17 37830 51010
17 37830 51011
17 37830 51012
17 37830 51013
17 37830 51014
17 37830 51015
17 37830 51016
17 37830 51017
17 37830 51018
17 37830 51019
17 37830 51020
17 37830 51021
17 37830 51022
17 37830 51023
17 37830 51024
17 37830 51025
17 37830 51026
17 37830 51027
17 37830 51028
17 37830 51029
17 37830 51030
17 37830 51031
17 37830 51032
17 37830 51033
17 37830 51034
17 37830 51035
17 37830 51036
17 37830 51037
17 37830 51038
17 37830 51039
17 37830 51040
17 37830 51041
17 37830 51042
17 37830 51043
17 37830 51044
17 37830 51045
17 37830 51046
17 37830 51047
17 37830 51048
17 37830 51049
17 37830 51050
17 37830 51051
17 37830 51052
17 37830 51053
17 37830 51054
17 37830 51055
17 37830 51056
17 37830 51057
17 37830 51058
17 37830 51059
17 37830 51060
17 37830 51061
17 37830 51062
17 37830 51063
17 37830 51064
17 37830 51065
17 37830 51066
17 37830 51067
17 37830 51068
17 37830 51069
17 37830 51070
17 37830 51071
17 37830 51072
17 37830 51073
17 37830 51074
17 37830 51075
17 37830 51076
17 37830 51077
17 37830 51078
17 37830 51079
17 37830 51080
17 37830 51081
17 37830 51082
17 37830 51083
17 37830 51084
17 37830 51085
17 37830 51086
17 37830 51087
17 37830 51088
17 37830 51089
17 37830 51090
17 37830 51091
17 37830 51092
17 37830 51093
17 37830 51094
17 37830 51095
17 37830 51096
17 37830 51097
17 37830 51098
17 37830 51099
17 37830 51100
17 37830 51101
17 37830 51102
17 37830 51103
17 37830 51104
17 37830 51105
17 37830 51106
17 37830 51107
17 37830 51108
17 37830 51109
17 37830 51110
17 37830 51111
17 37830 51112
17 37830 51113
17 37830 51114
17 37830 51115
17 37830 51116
17 37830 51117
17 37830 51118
17 37830 51119
17 37830 51120
17 37830 51121
17 37830 51122
17 37830 51123
17 37830 51124
17 37830 51125
17 37830 51126
17 37830 51127
17 37830 51128
17 37830 51129
17 37830 51130
17 37830 51131
17 37830 51132
17 37830 51133
17 37830 51134
17 37830 51135
17 37830 51136
17 37830 51137
17 37830 51138
17 37830 51139
17 37830 51140
17 37830 51141
17 37830 51142
17 37830 51143
17 37830 51144
17 37830 51145
17 37830 51146
17 37830 51147
17 37830 51148
17 37830 51149
17 37830 51150
17 37830 51151
17 37830 51152
17 37830 51153
17 37830 51154
17 37830 51155
17 37830 51156
17 37830 51157
17 37830 51158
17 37830 51159
17 37830 51160
17 37830 51161
17 37830 51162
17 37830 51163
17 37830 51164
17 37830 51165
17 37830 51166
17 37830 51167
17 37830 51168
17 37830 51169
17 37830 51170
17 37830 51171
17 37830 51172
17 37830 51173
17 37830 51174
17 37830 51175
17 37830 51176
18 75660 101918
3 2 3
4 4 6
4 4 6
5 9 12
5 9 12
6 18 24
6 18 24
7 36 49
7 36 49
7 37 49
7 37 49
