13 2419 3070
13 2419 3070
13 2420 3070
13 2420 3070
14 4838 6140
14 4838 6141
14 4838 6142
14 4838 6143
14 4838 6144
15 9676 12281
15 9676 12282
15 9676 12283
15 9676 12284
15 9676 12285
15 9676 12286
15 9676 12287
15 9676 12288
16 19353 24562
16 19353 24563
16 19353 24564
16 19353 24565
16 19353 24566
16 19353 24567
16 19353 24568
16 19353 24569
16 19353 24570
16 19353 24571
16 19353 24572
16 19353 24573
16 19353 24574
16 19353 24575
16 19353 24576
16 19353 24577
17 38706 49125
18 77412 98251
3 2 2
4 4 5
4 4 5
4 4 6
4 4 6
5 9 11
5 9 11
5 9 12
5 9 12
6 18 23
6 18 23
6 18 24
6 18 24
7 37 47
7 37 47
7 37 48
7 37 48
8 75 95
8 75 95
8 75 96
8 75 96
