13 2350 3247
13 2350 3247
13 2351 3247
13 2351 3247
13 2352 3247
13 2352 3247
13 2353 3247
13 2353 3247
13 2354 3247
13 2354 3247
13 2355 3247
13 2355 3247
13 2356 3247
13 2356 3247
13 2357 3225
13 2357 3225
13 2357 3226
13 2357 3226
13 2357 3227
13 2357 3227
13 2357 3247
13 2357 3247
13 2358 3225
13 2358 3225
13 2358 3226
13 2358 3226
13 2358 3227
13 2358 3227
13 2358 3247
13 2358 3247
13 2359 3247
13 2359 3247
13 2360 3247
13 2360 3247
13 2361 3247
13 2361 3247
13 2362 3247
13 2362 3247
13 2363 3247
13 2363 3247
13 2364 3247
13 2364 3247
13 2365 3247
13 2365 3247
13 2366 3247
13 2366 3247
13 2367 3247
13 2367 3247
14 4700 6450
14 4700 6451
14 4700 6452
14 4700 6453
14 4700 6454
14 4700 6455
14 4700 6456
14 4700 6457
14 4700 6458
14 4700 6459
14 4700 6460
14 4700 6461
14 4700 6462
14 4700 6463
14 4700 6464
14 4700 6465
14 4700 6466
14 4700 6467
14 4700 6468
14 4700 6469
14 4700 6470
14 4700 6471
14 4700 6472
14 4700 6473
14 4700 6474
14 4700 6475
14 4700 6476
14 4700 6477
14 4700 6478
14 4700 6479
14 4700 6480
14 4700 6481
14 4700 6482
14 4700 6483
14 4700 6484
14 4700 6485
14 4700 6486
14 4700 6490
14 4700 6491
14 4700 6492
14 4700 6493
14 4700 6494
14 4735 6487
14 4735 6488
14 4735 6489
15 9400 12901
15 9400 12902
15 9400 12903
15 9400 12904
15 9400 12905
15 9400 12906
15 9400 12907
15 9400 12908
15 9400 12909
15 9400 12910
15 9400 12911
15 9400 12912
15 9400 12913
15 9400 12914
15 9400 12915
15 9400 12916
15 9400 12917
15 9400 12918
15 9400 12919
15 9400 12920
15 9400 12921
15 9400 12922
15 9400 12923
15 9400 12924
15 9400 12925
15 9400 12926
15 9400 12927
15 9400 12928
15 9400 12929
15 9400 12930
15 9400 12931
15 9400 12932
15 9400 12933
15 9400 12934
15 9400 12935
15 9400 12936
15 9400 12937
15 9400 12938
15 9400 12939
15 9400 12940
15 9400 12941
15 9400 12942
15 9400 12943
15 9400 12944
15 9400 12945
15 9400 12946
15 9400 12947
15 9400 12948
15 9400 12949
15 9400 12950
15 9400 12951
15 9400 12952
15 9400 12953
15 9400 12954
15 9400 12955
15 9400 12956
15 9400 12957
15 9400 12958
15 9400 12959
15 9400 12960
15 9400 12961
15 9400 12962
15 9400 12963
15 9400 12964
15 9400 12965
15 9400 12966
15 9400 12967
15 9400 12968
15 9400 12969
15 9400 12970
15 9400 12971
15 9400 12972
15 9400 12973
15 9400 12974
15 9400 12975
15 9400 12976
15 9400 12977
15 9400 12978
15 9400 12979
15 9400 12980
15 9400 12981
15 9400 12982
15 9400 12983
15 9400 12984
15 9400 12985
15 9400 12986
15 9400 12987
15 9400 12988
15 9400 12989
15 9402 12953
15 9403 12941
15 9423 12934
15 9428 12932
15 9446 12941
15 9454 12902
15 9467 12967
16 18801 25802
16 18801 25803
16 18801 25804
16 18801 25805
16 18801 25806
16 18801 25807
16 18801 25808
16 18801 25809
16 18801 25810
16 18801 25811
16 18801 25812
16 18801 25813
16 18801 25814
16 18801 25815
16 18801 25816
16 18801 25817
16 18801 25818
16 18801 25819
16 18801 25820
16 18801 25821
16 18801 25822
16 18801 25823
16 18801 25824
16 18801 25825
16 18801 25826
16 18801 25827
16 18801 25828
16 18801 25829
16 18801 25830
16 18801 25831
16 18801 25832
16 18801 25833
16 18801 25834
16 18801 25835
16 18801 25836
16 18801 25837
16 18801 25838
16 18801 25839
16 18801 25840
16 18801 25841
16 18801 25842
16 18801 25843
16 18801 25844
16 18801 25845
16 18801 25846
16 18801 25847
16 18801 25848
16 18801 25849
16 18801 25850
16 18801 25851
16 18801 25852
16 18801 25853
16 18801 25854
16 18801 25855
16 18801 25856
16 18801 25857
16 18801 25858
16 18801 25859
16 18801 25860
16 18801 25861
16 18801 25862
16 18801 25863
16 18801 25864
16 18801 25865
16 18801 25866
16 18801 25867
16 18801 25868
16 18801 25869
16 18801 25870
16 18801 25871
16 18801 25872
16 18801 25873
16 18801 25874
16 18801 25875
16 18801 25876
16 18801 25877
16 18801 25878
16 18801 25879
16 18801 25880
16 18801 25881
16 18801 25882
16 18801 25883
16 18801 25884
16 18801 25885
16 18801 25886
16 18801 25887
16 18801 25888
16 18801 25889
16 18801 25890
16 18801 25891
16 18801 25892
16 18801 25893
16 18801 25894
16 18801 25895
16 18801 25896
16 18801 25897
16 18801 25898
16 18801 25899
16 18801 25900
16 18801 25901
16 18801 25902
16 18801 25903
16 18801 25904
16 18801 25905
16 18801 25906
16 18801 25907
16 18801 25908
16 18801 25909
16 18801 25910
16 18801 25911
16 18801 25912
16 18801 25913
16 18801 25914
16 18801 25915
16 18801 25916
16 18801 25917
16 18801 25918
16 18801 25919
16 18801 25920
16 18801 25921
16 18801 25922
16 18801 25923
16 18801 25924
16 18801 25925
16 18801 25926
16 18801 25927
16 18801 25928
16 18801 25929
16 18801 25930
16 18801 25931
16 18801 25932
16 18801 25933
16 18801 25934
16 18801 25935
16 18801 25936
16 18801 25937
16 18801 25938
16 18801 25939
16 18801 25940
16 18801 25941
16 18801 25942
16 18801 25943
16 18801 25944
16 18801 25945
16 18801 25946
16 18801 25947
16 18801 25948
16 18801 25949
16 18801 25950
16 18801 25951
16 18801 25952
16 18801 25953
16 18801 25954
16 18801 25955
16 18801 25956
16 18801 25957
16 18801 25958
16 18801 25959
16 18801 25960
16 18801 25961
16 18801 25962
16 18801 25963
16 18801 25964
16 18801 25965
16 18801 25966
16 18801 25967
16 18801 25968
16 18801 25969
16 18801 25970
16 18801 25971
16 18801 25972
16 18801 25973
16 18801 25974
16 18801 25975
16 18801 25976
16 18801 25977
16 18801 25978
16 18801 25979
16 18804 25907
16 18806 25883
16 18847 25869
16 18856 25865
16 18892 25882
16 18909 25805
16 18935 25935
17 37603 51604
17 37603 51605
17 37603 51606
17 37603 51607
17 37603 51608
17 37603 51609
17 37603 51610
17 37603 51611
17 37603 51612
17 37603 51613
17 37603 51614
17 37603 51615
17 37603 51616
17 37603 51617
17 37603 51618
17 37603 51619
17 37603 51620
17 37603 51621
17 37603 51622
17 37603 51623
17 37603 51624
17 37603 51625
17 37603 51626
17 37603 51627
17 37603 51628
17 37603 51629
17 37603 51630
17 37603 51631
17 37603 51632
17 37603 51633
17 37603 51634
17 37603 51635
17 37603 51636
17 37603 51637
17 37603 51638
17 37603 51639
17 37603 51640
17 37603 51641
17 37603 51642
17 37603 51643
17 37603 51644
17 37603 51645
17 37603 51646
17 37603 51647
17 37603 51648
17 37603 51649
17 37603 51650
17 37603 51651
17 37603 51652
17 37603 51653
17 37603 51654
17 37603 51655
17 37603 51656
17 37603 51657
17 37603 51658
17 37603 51659
17 37603 51660
17 37603 51661
17 37603 51662
17 37603 51663
17 37603 51664
17 37603 51665
17 37603 51666
17 37603 51667
17 37603 51668
17 37603 51669
17 37603 51670
17 37603 51671
17 37603 51672
17 37603 51673
17 37603 51674
17 37603 51675
17 37603 51676
17 37603 51677
17 37603 51678
17 37603 51679
17 37603 51680
17 37603 51681
17 37603 51682
17 37603 51683
17 37603 51684
17 37603 51685
17 37603 51686
17 37603 51687
17 37603 51688
17 37603 51689
17 37603 51690
17 37603 51691
17 37603 51692
17 37603 51693
17 37603 51694
17 37603 51695
17 37603 51696
17 37603 51697
17 37603 51698
17 37603 51699
17 37603 51700
17 37603 51701
17 37603 51702
17 37603 51703
17 37603 51704
17 37603 51705
17 37603 51706
17 37603 51707
17 37603 51708
17 37603 51709
17 37603 51710
17 37603 51711
17 37603 51712
17 37603 51713
17 37603 51714
17 37603 51715
17 37603 51716
17 37603 51717
17 37603 51718
17 37603 51719
17 37603 51720
17 37603 51721
17 37603 51722
17 37603 51723
17 37603 51724
17 37603 51725
17 37603 51726
17 37603 51727
17 37603 51728
17 37603 51729
17 37603 51730
17 37603 51731
17 37603 51732
17 37603 51733
17 37603 51734
17 37603 51735
17 37603 51736
17 37603 51737
17 37603 51738
17 37603 51739
17 37603 51740
17 37603 51741
17 37603 51742
17 37603 51743
17 37603 51744
17 37603 51745
17 37603 51746
17 37603 51747
17 37603 51748
17 37603 51749
17 37603 51750
17 37603 51751
17 37603 51752
17 37603 51753
17 37603 51754
17 37603 51755
17 37603 51756
17 37603 51757
17 37603 51758
17 37603 51759
17 37603 51760
17 37603 51761
17 37603 51762
17 37603 51763
17 37603 51764
17 37603 51765
17 37603 51766
17 37603 51767
17 37603 51768
17 37603 51769
17 37603 51770
17 37603 51771
17 37603 51772
17 37603 51773
17 37603 51774
17 37603 51775
17 37603 51776
17 37603 51777
17 37603 51778
17 37603 51779
17 37603 51780
17 37603 51781
17 37603 51782
17 37603 51783
17 37603 51784
17 37603 51785
17 37603 51786
17 37603 51787
17 37603 51788
17 37603 51789
17 37603 51790
17 37603 51791
17 37603 51792
17 37603 51793
17 37603 51794
17 37603 51795
17 37603 51796
17 37603 51797
17 37603 51798
17 37603 51799
17 37603 51800
17 37603 51801
17 37603 51802
17 37603 51803
17 37603 51804
17 37603 51805
17 37603 51806
17 37603 51807
17 37603 51808
17 37603 51809
17 37603 51810
17 37603 51811
17 37603 51812
17 37603 51813
17 37603 51814
17 37603 51815
17 37603 51816
17 37603 51817
17 37603 51818
17 37603 51819
17 37603 51820
17 37603 51821
17 37603 51822
17 37603 51823
17 37603 51824
17 37603 51825
17 37603 51826
17 37603 51827
17 37603 51828
17 37603 51829
17 37603 51830
17 37603 51831
17 37603 51832
17 37603 51833
17 37603 51834
17 37603 51835
17 37603 51836
17 37603 51837
17 37603 51838
17 37603 51839
17 37603 51840
17 37603 51841
17 37603 51842
17 37603 51843
17 37603 51844
17 37603 51845
17 37603 51846
17 37603 51847
17 37603 51848
17 37603 51849
17 37603 51850
17 37603 51851
17 37603 51852
17 37603 51853
17 37603 51854
17 37603 51855
17 37603 51856
17 37603 51857
17 37603 51858
17 37603 51859
17 37603 51860
17 37603 51861
17 37603 51862
17 37603 51863
17 37603 51864
17 37603 51865
17 37603 51866
17 37603 51867
17 37603 51868
17 37603 51869
17 37603 51870
17 37603 51871
17 37603 51872
17 37603 51873
17 37603 51874
17 37603 51875
17 37603 51876
17 37603 51877
17 37603 51878
17 37603 51879
17 37603 51880
17 37603 51881
17 37603 51882
17 37603 51883
17 37603 51884
17 37603 51885
17 37603 51886
17 37603 51887
17 37603 51888
17 37603 51889
17 37603 51890
17 37603 51891
17 37603 51892
17 37603 51893
17 37603 51894
17 37603 51895
17 37603 51896
17 37603 51897
17 37603 51898
17 37603 51899
17 37603 51900
17 37603 51901
17 37603 51902
17 37603 51903
17 37603 51904
17 37603 51905
17 37603 51906
17 37603 51907
17 37603 51908
17 37603 51909
17 37603 51910
17 37603 51911
17 37603 51912
17 37603 51913
17 37603 51914
17 37603 51915
17 37603 51916
17 37603 51917
17 37603 51918
17 37603 51919
17 37603 51920
17 37603 51921
17 37603 51922
17 37603 51923
17 37603 51924
17 37603 51925
17 37603 51926
17 37603 51927
17 37603 51928
17 37603 51929
17 37603 51930
17 37603 51931
17 37603 51932
17 37603 51933
17 37603 51934
17 37603 51935
17 37603 51936
17 37603 51937
17 37603 51938
17 37603 51939
17 37603 51940
17 37603 51941
17 37603 51942
17 37603 51943
17 37603 51944
17 37603 51945
17 37603 51946
17 37603 51947
17 37603 51948
17 37603 51949
17 37603 51950
17 37603 51951
17 37603 51952
17 37603 51953
17 37603 51954
17 37603 51955
17 37603 51956
17 37603 51957
17 37603 51958
17 37603 51959
17 37609 51815
17 37612 51767
17 37695 51738
17 37712 51730
17 37784 51765
17 37818 51610
17 37870 51871
18 75206 103208
18 75206 103209
18 75206 103210
18 75206 103211
18 75206 103212
18 75206 103213
18 75206 103214
18 75206 103215
18 75206 103216
18 75206 103217
18 75206 103218
18 75206 103219
18 75206 103220
18 75206 103221
18 75206 103222
18 75206 103223
18 75206 103224
18 75206 103225
18 75206 103226
18 75206 103227
18 75206 103228
18 75206 103229
18 75206 103230
18 75206 103231
18 75206 103232
18 75206 103233
18 75206 103234
18 75206 103235
18 75206 103236
18 75206 103237
18 75206 103238
18 75206 103239
18 75206 103240
18 75206 103241
18 75206 103242
18 75206 103243
18 75206 103244
18 75206 103245
18 75206 103246
18 75206 103247
18 75206 103248
18 75206 103249
18 75206 103250
18 75206 103251
18 75206 103252
18 75206 103253
18 75206 103254
18 75206 103255
18 75206 103256
18 75206 103257
18 75206 103258
18 75206 103259
18 75206 103260
18 75206 103261
18 75206 103262
18 75206 103263
18 75206 103264
18 75206 103265
18 75206 103266
18 75206 103267
18 75206 103268
18 75206 103269
18 75206 103270
18 75206 103271
18 75206 103272
18 75206 103273
18 75206 103274
18 75206 103275
18 75206 103276
18 75206 103277
18 75206 103278
18 75206 103279
18 75206 103280
18 75206 103281
18 75206 103282
18 75206 103283
18 75206 103284
18 75206 103285
18 75206 103286
18 75206 103287
18 75206 103288
18 75206 103289
18 75206 103290
18 75206 103291
18 75206 103292
18 75206 103293
18 75206 103294
18 75206 103295
18 75206 103296
18 75206 103297
18 75206 103298
18 75206 103299
18 75206 103300
18 75206 103301
18 75206 103302
18 75206 103303
18 75206 103304
18 75206 103305
18 75206 103306
18 75206 103307
18 75206 103308
18 75206 103309
18 75206 103310
18 75206 103311
18 75206 103312
18 75206 103313
18 75206 103314
18 75206 103315
18 75206 103316
18 75206 103317
18 75206 103318
18 75206 103319
18 75206 103320
18 75206 103321
18 75206 103322
18 75206 103323
18 75206 103324
18 75206 103325
18 75206 103326
18 75206 103327
18 75206 103328
18 75206 103329
18 75206 103330
18 75206 103331
18 75206 103332
18 75206 103333
18 75206 103334
18 75206 103335
18 75206 103336
18 75206 103337
18 75206 103338
18 75206 103339
18 75206 103340
18 75206 103341
18 75206 103342
18 75206 103343
18 75206 103344
18 75206 103345
18 75206 103346
18 75206 103347
18 75206 103348
18 75206 103349
18 75206 103350
18 75206 103351
18 75206 103352
18 75206 103353
18 75206 103354
18 75206 103355
18 75206 103356
18 75206 103357
18 75206 103358
18 75206 103359
18 75206 103360
18 75206 103361
18 75206 103362
18 75206 103363
18 75206 103364
18 75206 103365
18 75206 103366
18 75206 103367
18 75206 103368
18 75206 103369
18 75206 103370
18 75206 103371
18 75206 103372
18 75206 103373
18 75206 103374
18 75206 103375
18 75206 103376
18 75206 103377
18 75206 103378
18 75206 103379
18 75206 103380
18 75206 103381
18 75206 103382
18 75206 103383
18 75206 103384
18 75206 103385
18 75206 103386
18 75206 103387
18 75206 103388
18 75206 103389
18 75206 103390
18 75206 103391
18 75206 103392
18 75206 103393
18 75206 103394
18 75206 103395
18 75206 103396
18 75206 103397
18 75206 103398
18 75206 103399
18 75206 103400
18 75206 103401
18 75206 103402
18 75206 103403
18 75206 103404
18 75206 103405
18 75206 103406
18 75206 103407
18 75206 103408
18 75206 103409
18 75206 103410
18 75206 103411
18 75206 103412
18 75206 103413
18 75206 103414
18 75206 103415
18 75206 103416
18 75206 103417
18 75206 103418
18 75206 103419
18 75206 103420
18 75206 103421
18 75206 103422
18 75206 103423
18 75206 103424
18 75206 103425
18 75206 103426
18 75206 103427
18 75206 103428
18 75206 103429
18 75206 103430
18 75206 103431
18 75206 103432
18 75206 103433
18 75206 103434
18 75206 103435
18 75206 103436
18 75206 103437
18 75206 103438
18 75206 103439
18 75206 103440
18 75206 103441
18 75206 103442
18 75206 103443
18 75206 103444
18 75206 103445
18 75206 103446
18 75206 103447
18 75206 103448
18 75206 103449
18 75206 103450
18 75206 103451
18 75206 103452
18 75206 103453
18 75206 103454
18 75206 103455
18 75206 103456
18 75206 103457
18 75206 103458
18 75206 103459
18 75206 103460
18 75206 103461
18 75206 103462
18 75206 103463
18 75206 103464
18 75206 103465
18 75206 103466
18 75206 103467
18 75206 103468
18 75206 103469
18 75206 103470
18 75206 103471
18 75206 103472
18 75206 103473
18 75206 103474
18 75206 103475
18 75206 103476
18 75206 103477
18 75206 103478
18 75206 103479
18 75206 103480
18 75206 103481
18 75206 103482
18 75206 103483
18 75206 103484
18 75206 103485
18 75206 103486
18 75206 103487
18 75206 103488
18 75206 103489
18 75206 103490
18 75206 103491
18 75206 103492
18 75206 103493
18 75206 103494
18 75206 103495
18 75206 103496
18 75206 103497
18 75206 103498
18 75206 103499
18 75206 103500
18 75206 103501
18 75206 103502
18 75206 103503
18 75206 103504
18 75206 103505
18 75206 103506
18 75206 103507
18 75206 103508
18 75206 103509
18 75206 103510
18 75206 103511
18 75206 103512
18 75206 103513
18 75206 103514
18 75206 103515
18 75206 103516
18 75206 103517
18 75206 103518
18 75206 103519
18 75206 103520
18 75206 103521
18 75206 103522
18 75206 103523
18 75206 103524
18 75206 103525
18 75206 103526
18 75206 103527
18 75206 103528
18 75206 103529
18 75206 103530
18 75206 103531
18 75206 103532
18 75206 103533
18 75206 103534
18 75206 103535
18 75206 103536
18 75206 103537
18 75206 103538
18 75206 103539
18 75206 103540
18 75206 103541
18 75206 103542
18 75206 103543
18 75206 103544
18 75206 103545
18 75206 103546
18 75206 103547
18 75206 103548
18 75206 103549
18 75206 103550
18 75206 103551
18 75206 103552
18 75206 103553
18 75206 103554
18 75206 103555
18 75206 103556
18 75206 103557
18 75206 103558
18 75206 103559
18 75206 103560
18 75206 103561
18 75206 103562
18 75206 103563
18 75206 103564
18 75206 103565
18 75206 103566
18 75206 103567
18 75206 103568
18 75206 103569
18 75206 103570
18 75206 103571
18 75206 103572
18 75206 103573
18 75206 103574
18 75206 103575
18 75206 103576
18 75206 103577
18 75206 103578
18 75206 103579
18 75206 103580
18 75206 103581
18 75206 103582
18 75206 103583
18 75206 103584
18 75206 103585
18 75206 103586
18 75206 103587
18 75206 103588
18 75206 103589
18 75206 103590
18 75206 103591
18 75206 103592
18 75206 103593
18 75206 103594
18 75206 103595
18 75206 103596
18 75206 103597
18 75206 103598
18 75206 103599
18 75206 103600
18 75206 103601
18 75206 103602
18 75206 103603
18 75206 103604
18 75206 103605
18 75206 103606
18 75206 103607
18 75206 103608
18 75206 103609
18 75206 103610
18 75206 103611
18 75206 103612
18 75206 103613
18 75206 103614
18 75206 103615
18 75206 103616
18 75206 103617
18 75206 103618
18 75206 103619
18 75206 103620
18 75206 103621
18 75206 103622
18 75206 103623
18 75206 103624
18 75206 103625
18 75206 103626
18 75206 103627
18 75206 103628
18 75206 103629
18 75206 103630
18 75206 103631
18 75206 103632
18 75206 103633
18 75206 103634
18 75206 103635
18 75206 103636
18 75206 103637
18 75206 103638
18 75206 103639
18 75206 103640
18 75206 103641
18 75206 103642
18 75206 103643
18 75206 103644
18 75206 103645
18 75206 103646
18 75206 103647
18 75206 103648
18 75206 103649
18 75206 103650
18 75206 103651
18 75206 103652
18 75206 103653
18 75206 103654
18 75206 103655
18 75206 103656
18 75206 103657
18 75206 103658
18 75206 103659
18 75206 103660
18 75206 103661
18 75206 103662
18 75206 103663
18 75206 103664
18 75206 103665
18 75206 103666
18 75206 103667
18 75206 103668
18 75206 103669
18 75206 103670
18 75206 103671
18 75206 103672
18 75206 103673
18 75206 103674
18 75206 103675
18 75206 103676
18 75206 103677
18 75206 103678
18 75206 103679
18 75206 103680
18 75206 103681
18 75206 103682
18 75206 103683
18 75206 103684
18 75206 103685
18 75206 103686
18 75206 103687
18 75206 103688
18 75206 103689
18 75206 103690
18 75206 103691
18 75206 103692
18 75206 103693
18 75206 103694
18 75206 103695
18 75206 103696
18 75206 103697
18 75206 103698
18 75206 103699
18 75206 103700
18 75206 103701
18 75206 103702
18 75206 103703
18 75206 103704
18 75206 103705
18 75206 103706
18 75206 103707
18 75206 103708
18 75206 103709
18 75206 103710
18 75206 103711
18 75206 103712
18 75206 103713
18 75206 103714
18 75206 103715
18 75206 103716
18 75206 103717
18 75206 103718
18 75206 103719
18 75206 103720
18 75206 103721
18 75206 103722
18 75206 103723
18 75206 103724
18 75206 103725
18 75206 103726
18 75206 103727
18 75206 103728
18 75206 103729
18 75206 103730
18 75206 103731
18 75206 103732
18 75206 103733
18 75206 103734
18 75206 103735
18 75206 103736
18 75206 103737
18 75206 103738
18 75206 103739
18 75206 103740
18 75206 103741
18 75206 103742
18 75206 103743
18 75206 103744
18 75206 103745
18 75206 103746
18 75206 103747
18 75206 103748
18 75206 103749
18 75206 103750
18 75206 103751
18 75206 103752
18 75206 103753
18 75206 103754
18 75206 103755
18 75206 103756
18 75206 103757
18 75206 103758
18 75206 103759
18 75206 103760
18 75206 103761
18 75206 103762
18 75206 103763
18 75206 103764
18 75206 103765
18 75206 103766
18 75206 103767
18 75206 103768
18 75206 103769
18 75206 103770
18 75206 103771
18 75206 103772
18 75206 103773
18 75206 103774
18 75206 103775
18 75206 103776
18 75206 103777
18 75206 103778
18 75206 103779
18 75206 103780
18 75206 103781
18 75206 103782
18 75206 103783
18 75206 103784
18 75206 103785
18 75206 103786
18 75206 103787
18 75206 103788
18 75206 103789
18 75206 103790
18 75206 103791
18 75206 103792
18 75206 103793
18 75206 103794
18 75206 103795
18 75206 103796
18 75206 103797
18 75206 103798
18 75206 103799
18 75206 103800
18 75206 103801
18 75206 103802
18 75206 103803
18 75206 103804
18 75206 103805
18 75206 103806
18 75206 103807
18 75206 103808
18 75206 103809
18 75206 103810
18 75206 103811
18 75206 103812
18 75206 103813
18 75206 103814
18 75206 103815
18 75206 103816
18 75206 103817
18 75206 103818
18 75206 103819
18 75206 103820
18 75206 103821
18 75206 103822
18 75206 103823
18 75206 103824
18 75206 103825
18 75206 103826
18 75206 103827
18 75206 103828
18 75206 103829
18 75206 103830
18 75206 103831
18 75206 103832
18 75206 103833
18 75206 103834
18 75206 103835
18 75206 103836
18 75206 103837
18 75206 103838
18 75206 103839
18 75206 103840
18 75206 103841
18 75206 103842
18 75206 103843
18 75206 103844
18 75206 103845
18 75206 103846
18 75206 103847
18 75206 103848
18 75206 103849
18 75206 103850
18 75206 103851
18 75206 103852
18 75206 103853
18 75206 103854
18 75206 103855
18 75206 103856
18 75206 103857
18 75206 103858
18 75206 103859
18 75206 103860
18 75206 103861
18 75206 103862
18 75206 103863
18 75206 103864
18 75206 103865
18 75206 103866
18 75206 103867
18 75206 103868
18 75206 103869
18 75206 103870
18 75206 103871
18 75206 103872
18 75206 103873
18 75206 103874
18 75206 103875
18 75206 103876
18 75206 103877
18 75206 103878
18 75206 103879
18 75206 103880
18 75206 103881
18 75206 103882
18 75206 103883
18 75206 103884
18 75206 103885
18 75206 103886
18 75206 103887
18 75206 103888
18 75206 103889
18 75206 103890
18 75206 103891
18 75206 103892
18 75206 103893
18 75206 103894
18 75206 103895
18 75206 103896
18 75206 103897
18 75206 103898
18 75206 103899
18 75206 103900
18 75206 103901
18 75206 103902
18 75206 103903
18 75206 103904
18 75206 103905
18 75206 103906
18 75206 103907
18 75206 103908
18 75206 103909
18 75206 103910
18 75206 103911
18 75206 103912
18 75206 103913
18 75206 103914
18 75206 103915
18 75206 103916
18 75206 103917
18 75206 103918
18 75218 103630
18 75224 103535
18 75390 103477
18 75424 103461
18 75569 103531
18 75637 103220
18 75741 103743
3 2 3
4 4 6
4 4 6
5 9 12
5 9 12
6 18 25
6 18 25
