13 2410 3081
13 2410 3081
13 2411 3081
13 2411 3081
13 2412 3081
13 2412 3081
13 2413 3081
13 2413 3081
13 2414 3081
13 2414 3081
13 2415 3081
13 2415 3081
13 2416 3081
13 2416 3081
13 2417 3081
13 2417 3081
13 2418 3081
13 2418 3081
13 2419 3081
13 2419 3081
13 2420 3081
13 2420 3081
13 2421 3081
13 2421 3081
13 2422 3081
13 2422 3081
13 2423 3081
13 2423 3081
13 2424 3081
13 2424 3081
13 2425 3081
13 2425 3081
13 2426 3081
13 2426 3081
13 2427 3081
13 2427 3081
13 2428 3081
13 2428 3081
13 2429 3081
13 2429 3081
13 2430 3081
13 2430 3081
13 2431 3081
13 2431 3081
13 2432 3081
13 2432 3081
14 4820 6128
14 4820 6129
14 4820 6130
14 4820 6131
14 4820 6132
14 4820 6133
14 4820 6134
14 4820 6135
14 4820 6136
14 4820 6137
14 4820 6138
14 4820 6139
14 4820 6140
14 4820 6141
14 4820 6142
14 4820 6143
14 4820 6144
14 4820 6145
14 4820 6146
14 4820 6147
14 4820 6148
14 4820 6149
14 4820 6150
14 4820 6151
14 4820 6152
14 4820 6153
14 4820 6154
14 4820 6155
14 4820 6156
14 4820 6157
14 4820 6158
14 4820 6159
14 4820 6160
14 4820 6161
14 4820 6162
14 4820 6163
15 9641 12257
15 9641 12258
15 9641 12259
15 9641 12260
15 9641 12261
15 9641 12262
15 9641 12263
15 9641 12264
15 9641 12265
15 9641 12266
15 9641 12267
15 9641 12268
15 9641 12269
15 9641 12270
15 9641 12271
15 9641 12272
15 9641 12273
15 9641 12274
15 9641 12275
15 9641 12276
15 9641 12277
15 9641 12278
15 9641 12279
15 9641 12280
15 9641 12281
15 9641 12282
15 9641 12283
15 9641 12284
15 9641 12285
15 9641 12286
15 9641 12287
15 9641 12288
15 9641 12289
15 9641 12290
15 9641 12291
15 9641 12292
15 9641 12293
15 9641 12294
15 9641 12295
15 9641 12296
15 9641 12297
15 9641 12298
15 9641 12299
15 9641 12300
15 9641 12301
15 9641 12302
15 9641 12303
15 9641 12304
15 9641 12305
15 9641 12306
15 9641 12307
15 9641 12308
15 9641 12309
15 9641 12310
15 9641 12311
15 9641 12312
15 9641 12313
15 9641 12314
15 9641 12315
15 9641 12316
15 9641 12317
15 9641 12318
15 9641 12319
15 9641 12320
15 9641 12321
15 9641 12322
15 9641 12323
15 9641 12324
15 9641 12325
15 9641 12326
16 19283 24514
16 19283 24515
16 19283 24516
16 19283 24517
16 19283 24518
16 19283 24519
16 19283 24520
16 19283 24521
16 19283 24522
16 19283 24523
16 19283 24524
16 19283 24525
16 19283 24526
16 19283 24527
16 19283 24528
16 19283 24529
16 19283 24530
16 19283 24531
16 19283 24532
16 19283 24533
16 19283 24534
16 19283 24535
16 19283 24536
16 19283 24537
16 19283 24538
16 19283 24539
16 19283 24540
16 19283 24541
16 19283 24542
16 19283 24543
16 19283 24544
16 19283 24545
16 19283 24546
16 19283 24547
16 19283 24548
16 19283 24549
16 19283 24550
16 19283 24551
16 19283 24552
16 19283 24553
16 19283 24554
16 19283 24555
16 19283 24556
16 19283 24557
16 19283 24558
16 19283 24559
16 19283 24560
16 19283 24561
16 19283 24562
16 19283 24563
16 19283 24564
16 19283 24565
16 19283 24566
16 19283 24567
16 19283 24568
16 19283 24569
16 19283 24570
16 19283 24571
16 19283 24572
16 19283 24573
16 19283 24574
16 19283 24575
16 19283 24576
16 19283 24577
16 19283 24578
16 19283 24579
16 19283 24580
16 19283 24581
16 19283 24582
16 19283 24583
16 19283 24584
16 19283 24585
16 19283 24586
16 19283 24587
16 19283 24588
16 19283 24589
16 19283 24590
16 19283 24591
16 19283 24592
16 19283 24593
16 19283 24594
16 19283 24595
16 19283 24596
16 19283 24597
16 19283 24598
16 19283 24599
16 19283 24600
16 19283 24601
16 19283 24602
16 19283 24603
16 19283 24604
16 19283 24605
16 19283 24606
16 19283 24607
16 19283 24608
16 19283 24609
16 19283 24610
16 19283 24611
16 19283 24612
16 19283 24613
16 19283 24614
16 19283 24615
16 19283 24616
16 19283 24617
16 19283 24618
16 19283 24619
16 19283 24620
16 19283 24621
16 19283 24622
16 19283 24623
16 19283 24624
16 19283 24625
16 19283 24626
16 19283 24627
16 19283 24628
16 19283 24629
16 19283 24630
16 19283 24631
16 19283 24632
16 19283 24633
16 19283 24634
16 19283 24635
16 19283 24636
16 19283 24637
16 19283 24638
16 19283 24639
16 19283 24640
16 19283 24641
16 19283 24642
16 19283 24643
16 19283 24644
16 19283 24645
16 19283 24646
16 19283 24647
16 19283 24648
16 19283 24649
16 19283 24650
16 19283 24651
16 19283 24652
16 19283 24653
17 38566 49028
17 38566 49029
17 38566 49030
17 38566 49031
17 38566 49032
17 38566 49033
17 38566 49034
17 38566 49035
17 38566 49036
17 38566 49037
17 38566 49038
17 38566 49039
17 38566 49040
17 38566 49041
17 38566 49042
17 38566 49043
17 38566 49044
17 38566 49045
17 38566 49046
17 38566 49047
17 38566 49048
17 38566 49049
17 38566 49050
17 38566 49051
17 38566 49052
17 38566 49053
17 38566 49054
17 38566 49055
17 38566 49056
17 38566 49057
17 38566 49058
17 38566 49059
17 38566 49060
17 38566 49061
17 38566 49062
17 38566 49063
17 38566 49064
17 38566 49065
17 38566 49066
17 38566 49067
17 38566 49068
17 38566 49069
17 38566 49070
17 38566 49071
17 38566 49072
17 38566 49073
17 38566 49074
17 38566 49075
17 38566 49076
17 38566 49077
17 38566 49078
17 38566 49079
17 38566 49080
17 38566 49081
17 38566 49082
17 38566 49083
17 38566 49084
17 38566 49085
17 38566 49086
17 38566 49087
17 38566 49088
17 38566 49089
17 38566 49090
17 38566 49091
17 38566 49092
17 38566 49093
17 38566 49094
17 38566 49095
17 38566 49096
17 38566 49097
17 38566 49098
17 38566 49099
17 38566 49100
17 38566 49101
17 38566 49102
17 38566 49103
17 38566 49104
17 38566 49105
17 38566 49106
17 38566 49107
17 38566 49108
17 38566 49109
17 38566 49110
17 38566 49111
17 38566 49112
17 38566 49113
17 38566 49114
17 38566 49115
17 38566 49116
17 38566 49117
17 38566 49118
17 38566 49119
17 38566 49120
17 38566 49121
17 38566 49122
17 38566 49123
17 38566 49124
17 38566 49125
17 38566 49126
17 38566 49127
17 38566 49128
17 38566 49129
17 38566 49130
17 38566 49131
17 38566 49132
17 38566 49133
17 38566 49134
17 38566 49135
17 38566 49136
17 38566 49137
17 38566 49138
17 38566 49139
17 38566 49140
17 38566 49141
17 38566 49142
17 38566 49143
17 38566 49144
17 38566 49145
17 38566 49146
17 38566 49147
17 38566 49148
17 38566 49149
17 38566 49150
17 38566 49151
17 38566 49152
17 38566 49153
17 38566 49154
17 38566 49155
17 38566 49156
17 38566 49157
17 38566 49158
17 38566 49159
17 38566 49160
17 38566 49161
17 38566 49162
17 38566 49163
17 38566 49164
17 38566 49165
17 38566 49166
17 38566 49167
17 38566 49168
17 38566 49169
17 38566 49170
17 38566 49171
17 38566 49172
17 38566 49173
17 38566 49174
17 38566 49175
17 38566 49176
17 38566 49177
17 38566 49178
17 38566 49179
17 38566 49180
17 38566 49181
17 38566 49182
17 38566 49183
17 38566 49184
17 38566 49185
17 38566 49186
17 38566 49187
17 38566 49188
17 38566 49189
17 38566 49190
17 38566 49191
17 38566 49192
17 38566 49193
17 38566 49194
17 38566 49195
17 38566 49196
17 38566 49197
17 38566 49198
17 38566 49199
17 38566 49200
17 38566 49201
17 38566 49202
17 38566 49203
17 38566 49204
17 38566 49205
17 38566 49206
17 38566 49207
17 38566 49208
17 38566 49209
17 38566 49210
17 38566 49211
17 38566 49212
17 38566 49213
17 38566 49214
17 38566 49215
17 38566 49216
17 38566 49217
17 38566 49218
17 38566 49219
17 38566 49220
17 38566 49221
17 38566 49222
17 38566 49223
17 38566 49224
17 38566 49225
17 38566 49226
17 38566 49227
17 38566 49228
17 38566 49229
17 38566 49230
17 38566 49231
17 38566 49232
17 38566 49233
17 38566 49234
17 38566 49235
17 38566 49236
17 38566 49237
17 38566 49238
17 38566 49239
17 38566 49240
17 38566 49241
17 38566 49242
17 38566 49243
17 38566 49244
17 38566 49245
17 38566 49246
17 38566 49247
17 38566 49248
17 38566 49249
17 38566 49250
17 38566 49251
17 38566 49252
17 38566 49253
17 38566 49254
17 38566 49255
17 38566 49256
17 38566 49257
17 38566 49258
17 38566 49259
17 38566 49260
17 38566 49261
17 38566 49262
17 38566 49263
17 38566 49264
17 38566 49265
17 38566 49266
17 38566 49267
17 38566 49268
17 38566 49269
17 38566 49270
17 38566 49271
17 38566 49272
17 38566 49273
17 38566 49274
17 38566 49275
17 38566 49276
17 38566 49277
17 38566 49278
17 38566 49279
17 38566 49280
17 38566 49281
17 38566 49282
17 38566 49283
17 38566 49284
17 38566 49285
17 38566 49286
17 38566 49287
17 38566 49288
17 38566 49289
17 38566 49290
17 38566 49291
17 38566 49292
17 38566 49293
17 38566 49294
17 38566 49295
17 38566 49296
17 38566 49297
17 38566 49298
17 38566 49299
17 38566 49300
17 38566 49301
17 38566 49302
17 38566 49303
17 38566 49304
17 38566 49305
17 38566 49306
18 77133 98057
3 2 2
4 4 5
4 4 5
4 4 6
4 4 6
5 9 11
5 9 11
5 9 12
5 9 12
6 18 23
6 18 23
6 18 24
6 18 24
6 19 23
6 19 23
6 19 24
6 19 24
