11 597 775
12 1188 1555
12 1188 1555
12 1189 1555
12 1189 1555
12 1190 1555
12 1190 1555
12 1191 1555
12 1191 1555
12 1192 1555
12 1192 1555
12 1193 1555
12 1193 1555
12 1194 1550
12 1194 1550
12 1194 1551
12 1194 1551
12 1194 1552
12 1194 1552
12 1194 1553
12 1194 1553
12 1194 1554
12 1194 1554
12 1194 1555
12 1194 1555
13 2376 3110
13 2376 3110
13 2377 3110
13 2377 3110
13 2378 3110
13 2378 3110
13 2379 3110
13 2379 3110
13 2380 3110
13 2380 3110
13 2381 3110
13 2381 3110
13 2382 3110
13 2382 3110
13 2383 3110
13 2383 3110
13 2384 3110
13 2384 3110
13 2385 3110
13 2385 3110
13 2386 3110
13 2386 3110
13 2387 3110
13 2387 3110
13 2388 3101
13 2388 3101
13 2388 3102
13 2388 3102
13 2388 3103
13 2388 3103
13 2388 3104
13 2388 3104
13 2388 3105
13 2388 3105
13 2388 3106
13 2388 3106
13 2388 3107
13 2388 3107
13 2388 3108
13 2388 3108
13 2388 3109
13 2388 3109
13 2388 3110
13 2388 3110
14 4752 6202
14 4752 6220
14 4753 6220
14 4754 6220
14 4776 6203
14 4776 6204
14 4776 6205
14 4776 6206
14 4776 6207
14 4776 6208
14 4776 6209
14 4776 6210
14 4776 6211
14 4776 6212
14 4776 6213
14 4776 6214
14 4776 6215
14 4776 6216
14 4776 6217
14 4776 6218
14 4776 6219
15 9504 12405
15 9504 12406
15 9504 12407
15 9504 12408
15 9504 12409
15 9504 12410
15 9504 12411
15 9504 12412
15 9504 12413
15 9504 12414
15 9504 12415
15 9504 12416
15 9504 12417
15 9504 12418
15 9504 12419
15 9504 12420
15 9504 12421
15 9504 12422
15 9504 12423
15 9504 12424
15 9504 12425
15 9504 12426
15 9504 12427
15 9504 12428
15 9504 12429
15 9504 12430
15 9504 12431
15 9504 12432
15 9504 12433
15 9504 12434
15 9504 12435
15 9504 12436
15 9504 12437
15 9504 12438
15 9504 12439
15 9504 12440
15 9504 12441
15 9505 12440
15 9506 12440
15 9507 12440
15 9508 12440
15 9508 12441
15 9509 12440
16 19009 24811
16 19009 24812
16 19009 24813
16 19009 24814
16 19009 24815
16 19009 24816
16 19009 24817
16 19009 24818
16 19009 24819
16 19009 24820
16 19009 24821
16 19009 24822
16 19009 24823
16 19009 24824
16 19009 24825
16 19009 24826
16 19009 24827
16 19009 24828
16 19009 24829
16 19009 24830
16 19009 24831
16 19009 24832
16 19009 24833
16 19009 24834
16 19009 24835
16 19009 24836
16 19009 24837
16 19009 24838
16 19009 24839
16 19009 24840
16 19009 24841
16 19009 24842
16 19009 24843
16 19009 24844
16 19009 24845
16 19009 24846
16 19009 24847
16 19009 24848
16 19009 24849
16 19009 24850
16 19009 24851
16 19009 24852
16 19009 24853
16 19009 24854
16 19009 24855
16 19009 24856
16 19009 24857
16 19009 24858
16 19009 24859
16 19009 24860
16 19009 24861
16 19009 24862
16 19009 24863
16 19009 24864
16 19009 24865
16 19009 24866
16 19009 24867
16 19009 24868
16 19009 24869
16 19009 24870
16 19009 24871
16 19009 24872
16 19009 24873
16 19009 24874
16 19009 24875
16 19009 24876
16 19009 24877
16 19009 24878
16 19009 24879
16 19009 24880
16 19009 24881
16 19009 24882
16 19010 24873
16 19010 24874
16 19010 24877
16 19010 24881
16 19011 24870
16 19011 24872
16 19011 24874
16 19011 24877
16 19011 24878
16 19011 24880
16 19012 24865
16 19013 24867
16 19013 24869
16 19013 24875
16 19013 24877
16 19013 24879
16 19013 24881
16 19014 24869
16 19014 24872
16 19014 24874
16 19014 24877
16 19014 24879
16 19015 24866
16 19015 24869
16 19015 24870
16 19015 24872
16 19015 24873
16 19015 24874
16 19015 24876
16 19015 24877
16 19015 24878
16 19015 24879
16 19015 24880
16 19015 24881
16 19016 24866
16 19016 24871
16 19016 24872
16 19016 24873
16 19016 24875
16 19016 24876
16 19016 24882
16 19017 24869
16 19017 24872
16 19017 24874
16 19017 24880
16 19018 24868
16 19018 24871
16 19018 24873
16 19018 24876
16 19018 24877
16 19019 24865
16 19019 24867
16 19019 24868
16 19019 24873
16 19019 24881
16 19020 24865
16 19020 24866
16 19020 24867
16 19020 24871
16 19020 24874
16 19021 24863
16 19021 24864
16 19021 24865
16 19021 24866
16 19021 24867
16 19021 24877
16 19022 24867
16 19022 24868
16 19022 24873
16 19023 24869
16 19024 24867
16 19024 24869
16 19025 24859
16 19025 24862
16 19025 24863
16 19025 24864
16 19025 24865
16 19025 24866
16 19025 24872
16 19026 24860
16 19026 24862
16 19026 24864
16 19026 24865
16 19027 24859
16 19027 24860
16 19027 24861
16 19027 24864
16 19027 24877
16 19028 24856
16 19028 24860
16 19029 24857
16 19029 24858
16 19029 24860
16 19029 24861
16 19030 24852
16 19030 24853
16 19030 24854
16 19030 24857
16 19030 24859
16 19031 24853
16 19031 24856
16 19031 24857
16 19031 24858
16 19032 24854
16 19032 24855
16 19032 24856
16 19032 24857
16 19033 24854
16 19033 24855
16 19034 24854
16 19034 24855
16 19034 24860
16 19035 24856
16 19037 24852
16 19087 24848
16 19102 24825
17 38019 49622
17 38019 49623
17 38019 49624
17 38019 49625
17 38019 49626
17 38019 49627
17 38019 49628
17 38019 49629
17 38019 49630
17 38019 49631
17 38019 49632
17 38019 49633
17 38019 49634
17 38019 49635
17 38019 49636
17 38019 49637
17 38019 49638
17 38019 49639
17 38019 49640
17 38019 49641
17 38019 49642
17 38019 49643
17 38019 49644
17 38019 49645
17 38019 49646
17 38019 49647
17 38019 49648
17 38019 49649
17 38019 49650
17 38019 49651
17 38019 49652
17 38019 49653
17 38019 49654
17 38019 49655
17 38019 49656
17 38019 49657
17 38019 49658
17 38019 49659
17 38019 49660
17 38019 49661
17 38019 49662
17 38019 49663
17 38019 49664
17 38019 49665
17 38019 49666
17 38019 49667
17 38019 49668
17 38019 49669
17 38019 49670
17 38019 49671
17 38019 49672
17 38019 49673
17 38019 49674
17 38019 49675
17 38019 49676
17 38019 49677
17 38019 49678
17 38019 49679
17 38019 49680
17 38019 49681
17 38019 49682
17 38019 49683
17 38019 49684
17 38019 49685
17 38019 49686
17 38019 49687
17 38019 49688
17 38019 49689
17 38019 49690
17 38019 49691
17 38019 49692
17 38019 49693
17 38019 49694
17 38019 49695
17 38019 49696
17 38019 49697
17 38019 49698
17 38019 49699
17 38019 49700
17 38019 49701
17 38019 49702
17 38019 49703
17 38019 49704
17 38019 49705
17 38019 49706
17 38019 49707
17 38019 49708
17 38019 49709
17 38019 49710
17 38019 49711
17 38019 49712
17 38019 49713
17 38019 49714
17 38019 49715
17 38019 49716
17 38019 49717
17 38019 49718
17 38019 49719
17 38019 49720
17 38019 49721
17 38019 49722
17 38019 49723
17 38019 49724
17 38019 49725
17 38019 49726
17 38019 49727
17 38019 49728
17 38019 49729
17 38019 49730
17 38019 49731
17 38019 49732
17 38019 49733
17 38019 49734
17 38019 49735
17 38019 49736
17 38019 49737
17 38019 49738
17 38019 49739
17 38019 49740
17 38019 49741
17 38019 49742
17 38019 49743
17 38019 49744
17 38019 49745
17 38019 49746
17 38019 49747
17 38019 49748
17 38019 49749
17 38019 49750
17 38019 49751
17 38019 49752
17 38019 49753
17 38019 49754
17 38019 49755
17 38019 49756
17 38019 49757
17 38019 49758
17 38019 49759
17 38019 49760
17 38019 49761
17 38019 49762
17 38019 49763
17 38019 49764
17 38019 49765
17 38174 49696
18 76039 99245
18 76039 99246
18 76039 99247
18 76039 99248
18 76039 99249
18 76039 99250
18 76039 99251
18 76039 99252
18 76039 99253
18 76039 99254
18 76039 99255
18 76039 99256
18 76039 99257
18 76039 99258
18 76039 99259
18 76039 99260
18 76039 99261
18 76039 99262
18 76039 99263
18 76039 99264
18 76039 99265
18 76039 99266
18 76039 99267
18 76039 99268
18 76039 99269
18 76039 99270
18 76039 99271
18 76039 99272
18 76039 99273
18 76039 99274
18 76039 99275
18 76039 99276
18 76039 99277
18 76039 99278
18 76039 99279
18 76039 99280
18 76039 99281
18 76039 99282
18 76039 99283
18 76039 99284
18 76039 99285
18 76039 99286
18 76039 99287
18 76039 99288
18 76039 99289
18 76039 99290
18 76039 99291
18 76039 99292
18 76039 99293
18 76039 99294
18 76039 99295
18 76039 99296
18 76039 99297
18 76039 99298
18 76039 99299
18 76039 99300
18 76039 99301
18 76039 99302
18 76039 99303
18 76039 99304
18 76039 99305
18 76039 99306
18 76039 99307
18 76039 99308
18 76039 99309
18 76039 99310
18 76039 99311
18 76039 99312
18 76039 99313
18 76039 99314
18 76039 99315
18 76039 99316
18 76039 99317
18 76039 99318
18 76039 99319
18 76039 99320
18 76039 99321
18 76039 99322
18 76039 99323
18 76039 99324
18 76039 99325
18 76039 99326
18 76039 99327
18 76039 99328
18 76039 99329
18 76039 99330
18 76039 99331
18 76039 99332
18 76039 99333
18 76039 99334
18 76039 99335
18 76039 99336
18 76039 99337
18 76039 99338
18 76039 99339
18 76039 99340
18 76039 99341
18 76039 99342
18 76039 99343
18 76039 99344
18 76039 99345
18 76039 99346
18 76039 99347
18 76039 99348
18 76039 99349
18 76039 99350
18 76039 99351
18 76039 99352
18 76039 99353
18 76039 99354
18 76039 99355
18 76039 99356
18 76039 99357
18 76039 99358
18 76039 99359
18 76039 99360
18 76039 99361
18 76039 99362
18 76039 99363
18 76039 99364
18 76039 99365
18 76039 99366
18 76039 99367
18 76039 99368
18 76039 99369
18 76039 99370
18 76039 99371
18 76039 99372
18 76039 99373
18 76039 99374
18 76039 99375
18 76039 99376
18 76039 99377
18 76039 99378
18 76039 99379
18 76039 99380
18 76039 99381
18 76039 99382
18 76039 99383
18 76039 99384
18 76039 99385
18 76039 99386
18 76039 99387
18 76039 99388
18 76039 99389
18 76039 99390
18 76039 99391
18 76039 99392
18 76039 99393
18 76039 99394
18 76039 99395
18 76039 99396
18 76039 99397
18 76039 99398
18 76039 99399
18 76039 99400
18 76039 99401
18 76039 99402
18 76039 99403
18 76039 99404
18 76039 99405
18 76039 99406
18 76039 99407
18 76039 99408
18 76039 99409
18 76039 99410
18 76039 99411
18 76039 99412
18 76039 99413
18 76039 99414
18 76039 99415
18 76039 99416
18 76039 99417
18 76039 99418
18 76039 99419
18 76039 99420
18 76039 99421
18 76039 99422
18 76039 99423
18 76039 99424
18 76039 99425
18 76039 99426
18 76039 99427
18 76039 99428
18 76039 99429
18 76039 99430
18 76039 99431
18 76039 99432
18 76039 99433
18 76039 99434
18 76039 99435
18 76039 99436
18 76039 99437
18 76039 99438
18 76039 99439
18 76039 99440
18 76039 99441
18 76039 99442
18 76039 99443
18 76039 99444
18 76039 99445
18 76039 99446
18 76039 99447
18 76039 99448
18 76039 99449
18 76039 99450
18 76039 99451
18 76039 99452
18 76039 99453
18 76039 99454
18 76039 99455
18 76039 99456
18 76039 99457
18 76039 99458
18 76039 99459
18 76039 99460
18 76039 99461
18 76039 99462
18 76039 99463
18 76039 99464
18 76039 99465
18 76039 99466
18 76039 99467
18 76039 99468
18 76039 99469
18 76039 99470
18 76039 99471
18 76039 99472
18 76039 99473
18 76039 99474
18 76039 99475
18 76039 99476
18 76039 99477
18 76039 99478
18 76039 99479
18 76039 99480
18 76039 99481
18 76039 99482
18 76039 99483
18 76039 99484
18 76039 99485
18 76039 99486
18 76039 99487
18 76039 99488
18 76039 99489
18 76039 99490
18 76039 99491
18 76039 99492
18 76039 99493
18 76039 99494
18 76039 99495
18 76039 99496
18 76039 99497
18 76039 99498
18 76039 99499
18 76039 99500
18 76039 99501
18 76039 99502
18 76039 99503
18 76039 99504
18 76039 99505
18 76039 99506
18 76039 99507
18 76039 99508
18 76039 99509
18 76039 99510
18 76039 99511
18 76039 99512
18 76039 99513
18 76039 99514
18 76039 99515
18 76039 99516
18 76039 99517
18 76039 99518
18 76039 99519
18 76039 99520
18 76039 99521
18 76039 99522
18 76039 99523
18 76039 99524
18 76039 99525
18 76039 99526
18 76039 99527
18 76039 99528
18 76039 99529
18 76039 99530
18 76349 99392
3 2 3
4 4 6
4 4 6
5 9 12
5 9 12
6 18 24
6 18 24
7 37 48
7 37 48
