11 556 869
11 561 873
12 1113 1738
12 1113 1738
12 1113 1739
12 1113 1739
12 1113 1740
12 1113 1740
12 1113 1741
12 1113 1741
12 1113 1742
12 1113 1742
12 1113 1743
12 1113 1743
12 1113 1744
12 1113 1744
12 1113 1745
12 1113 1745
12 1113 1746
12 1113 1746
12 1114 1746
12 1114 1746
12 1115 1746
12 1115 1746
12 1116 1746
12 1116 1746
12 1117 1746
12 1117 1746
12 1118 1746
12 1118 1746
12 1119 1746
12 1119 1746
12 1120 1746
12 1120 1746
12 1121 1746
12 1121 1746
12 1122 1746
12 1122 1746
12 1123 1746
12 1123 1746
13 2227 3476
13 2227 3476
13 2227 3477
13 2227 3477
13 2227 3478
13 2227 3478
13 2227 3479
13 2227 3479
13 2227 3480
13 2227 3480
13 2227 3481
13 2227 3481
13 2227 3482
13 2227 3482
13 2227 3483
13 2227 3483
13 2227 3484
13 2227 3484
13 2227 3485
13 2227 3485
13 2227 3486
13 2227 3486
13 2227 3487
13 2227 3487
13 2227 3488
13 2227 3488
13 2227 3489
13 2227 3489
13 2227 3490
13 2227 3490
13 2227 3491
13 2227 3491
13 2227 3492
13 2227 3492
13 2228 3476
13 2228 3476
13 2228 3492
13 2228 3492
13 2229 3476
13 2229 3476
13 2229 3492
13 2229 3492
13 2230 3476
13 2230 3476
13 2230 3492
13 2230 3492
13 2231 3476
13 2231 3476
13 2231 3492
13 2231 3492
13 2232 3476
13 2232 3476
13 2232 3492
13 2232 3492
13 2233 3476
13 2233 3476
13 2233 3492
13 2233 3492
13 2234 3476
13 2234 3476
13 2234 3492
13 2234 3492
13 2235 3476
13 2235 3476
13 2235 3492
13 2235 3492
13 2236 3476
13 2236 3476
13 2236 3492
13 2236 3492
13 2237 3476
13 2237 3476
13 2237 3492
13 2237 3492
13 2238 3476
13 2238 3476
13 2238 3492
13 2238 3492
13 2239 3476
13 2239 3476
13 2239 3492
13 2239 3492
13 2240 3476
13 2240 3476
13 2240 3492
13 2240 3492
13 2241 3476
13 2241 3476
13 2241 3492
13 2241 3492
13 2242 3476
13 2242 3476
13 2242 3492
13 2242 3492
13 2243 3476
13 2243 3476
13 2243 3492
13 2243 3492
13 2244 3476
13 2244 3476
13 2244 3492
13 2244 3492
13 2245 3476
13 2245 3476
13 2245 3492
13 2245 3492
13 2246 3476
13 2246 3476
13 2246 3492
13 2246 3492
13 2247 3476
13 2247 3476
13 2247 3492
13 2247 3492
14 4455 6953
14 4455 6954
14 4455 6955
14 4455 6956
14 4455 6957
14 4455 6958
14 4455 6959
14 4455 6960
14 4455 6961
14 4455 6962
14 4455 6963
14 4455 6964
14 4455 6965
14 4455 6966
14 4455 6967
14 4455 6968
14 4455 6969
14 4455 6970
14 4455 6971
14 4455 6972
14 4455 6973
14 4455 6974
14 4455 6975
14 4455 6976
14 4455 6977
14 4455 6978
14 4455 6979
14 4455 6980
14 4455 6981
14 4455 6982
14 4455 6983
14 4455 6984
14 4477 6953
14 4486 6953
14 4487 6953
14 4492 6953
14 4492 6983
14 4493 6983
14 4494 6983
14 4494 6984
15 8910 13906
15 8910 13907
15 8910 13908
15 8910 13909
15 8910 13910
15 8910 13911
15 8910 13912
15 8910 13913
15 8910 13914
15 8910 13915
15 8910 13916
15 8910 13917
15 8910 13918
15 8910 13919
15 8910 13920
15 8910 13921
15 8910 13922
15 8910 13923
15 8910 13924
15 8910 13925
15 8910 13926
15 8910 13927
15 8910 13928
15 8910 13929
15 8910 13930
15 8910 13931
15 8910 13932
15 8910 13933
15 8910 13934
15 8910 13935
15 8910 13936
15 8910 13937
15 8910 13938
15 8910 13939
15 8910 13940
15 8910 13941
15 8910 13942
15 8910 13943
15 8910 13944
15 8910 13945
15 8910 13946
15 8910 13947
15 8910 13948
15 8910 13949
15 8910 13950
15 8910 13951
15 8910 13952
15 8910 13953
15 8910 13954
15 8910 13955
15 8910 13956
15 8910 13957
15 8910 13958
15 8910 13959
15 8910 13960
15 8910 13961
15 8910 13962
15 8910 13963
15 8910 13964
15 8910 13965
15 8910 13966
15 8910 13967
15 8910 13968
15 8955 13907
15 8972 13907
15 8975 13907
15 8984 13966
15 8985 13907
15 8986 13966
15 8986 13967
15 8988 13968
15 8989 13944
15 8989 13966
16 17821 27812
16 17821 27813
16 17821 27814
16 17821 27815
16 17821 27816
16 17821 27817
16 17821 27818
16 17821 27819
16 17821 27820
16 17821 27821
16 17821 27822
16 17821 27823
16 17821 27824
16 17821 27825
16 17821 27826
16 17821 27827
16 17821 27828
16 17821 27829
16 17821 27830
16 17821 27831
16 17821 27832
16 17821 27833
16 17821 27834
16 17821 27835
16 17821 27836
16 17821 27837
16 17821 27838
16 17821 27839
16 17821 27840
16 17821 27841
16 17821 27842
16 17821 27843
16 17821 27844
16 17821 27845
16 17821 27846
16 17821 27847
16 17821 27848
16 17821 27849
16 17821 27850
16 17821 27851
16 17821 27852
16 17821 27853
16 17821 27854
16 17821 27855
16 17821 27856
16 17821 27857
16 17821 27858
16 17821 27859
16 17821 27860
16 17821 27861
16 17821 27862
16 17821 27863
16 17821 27864
16 17821 27865
16 17821 27866
16 17821 27867
16 17821 27868
16 17821 27869
16 17821 27870
16 17821 27871
16 17821 27872
16 17821 27873
16 17821 27874
16 17821 27875
16 17821 27876
16 17821 27877
16 17821 27878
16 17821 27879
16 17821 27880
16 17821 27881
16 17821 27882
16 17821 27883
16 17821 27884
16 17821 27885
16 17821 27886
16 17821 27887
16 17821 27888
16 17821 27889
16 17821 27890
16 17821 27891
16 17821 27892
16 17821 27893
16 17821 27894
16 17821 27895
16 17821 27896
16 17821 27897
16 17821 27898
16 17821 27899
16 17821 27900
16 17821 27901
16 17821 27902
16 17821 27903
16 17821 27904
16 17821 27905
16 17821 27906
16 17821 27907
16 17821 27908
16 17821 27909
16 17821 27910
16 17821 27911
16 17821 27912
16 17821 27913
16 17821 27914
16 17821 27915
16 17821 27916
16 17821 27917
16 17821 27918
16 17821 27919
16 17821 27920
16 17821 27921
16 17821 27922
16 17821 27923
16 17821 27924
16 17821 27925
16 17821 27926
16 17821 27927
16 17821 27928
16 17821 27929
16 17821 27930
16 17821 27931
16 17821 27932
16 17821 27933
16 17821 27934
16 17821 27935
16 17821 27936
16 17873 27816
16 17874 27820
16 17874 27824
16 17874 27827
16 17875 27816
16 17875 27829
16 17875 27830
16 17876 27844
16 17877 27816
16 17877 27834
16 17877 27837
16 17877 27843
16 17878 27819
16 17878 27829
16 17878 27835
16 17878 27838
16 17878 27841
16 17878 27842
16 17878 27849
16 17879 27834
16 17879 27840
16 17879 27845
16 17879 27849
16 17880 27854
16 17881 27832
16 17881 27851
16 17881 27855
16 17882 27835
16 17882 27851
16 17882 27855
16 17883 27832
16 17884 27850
16 17884 27854
16 17884 27858
16 17884 27860
16 17884 27861
16 17885 27832
16 17885 27850
16 17885 27854
16 17885 27857
16 17885 27863
16 17885 27871
16 17886 27866
16 17886 27868
16 17886 27869
16 17887 27862
16 17887 27869
16 17888 27858
16 17888 27859
16 17888 27863
16 17888 27865
16 17888 27868
16 17888 27870
16 17889 27818
16 17889 27843
16 17889 27858
16 17889 27869
16 17889 27872
16 17889 27877
16 17890 27838
16 17890 27845
16 17890 27865
16 17890 27870
16 17891 27837
16 17891 27856
16 17891 27867
16 17891 27868
16 17891 27875
16 17891 27882
16 17891 27883
16 17892 27880
16 17892 27883
16 17893 27840
16 17893 27870
16 17893 27871
16 17893 27882
16 17894 27868
16 17894 27870
16 17894 27872
16 17894 27879
16 17894 27882
16 17895 27825
16 17895 27847
16 17895 27853
16 17895 27868
16 17895 27881
16 17895 27882
16 17895 27883
16 17895 27886
16 17896 27865
16 17896 27868
16 17896 27869
16 17896 27871
16 17896 27877
16 17896 27878
16 17896 27880
16 17896 27881
16 17896 27883
16 17896 27884
16 17896 27887
16 17896 27892
16 17897 27871
16 17897 27875
16 17897 27878
16 17897 27880
16 17897 27884
16 17897 27888
16 17897 27891
16 17897 27892
16 17897 27893
16 17897 27894
16 17898 27878
16 17898 27885
16 17898 27892
16 17898 27894
16 17899 27863
16 17899 27867
16 17899 27868
16 17899 27873
16 17899 27882
16 17899 27884
16 17899 27890
16 17899 27891
16 17900 27870
16 17900 27880
16 17900 27885
16 17901 27866
16 17901 27868
16 17901 27873
16 17901 27874
16 17901 27895
16 17902 27868
16 17902 27880
16 17903 27874
16 17903 27880
16 17903 27883
16 17904 27878
16 17904 27883
16 17905 27857
16 17905 27877
16 17906 27885
16 17907 27879
16 17907 27888
16 17908 27876
16 17908 27881
16 17908 27885
16 17909 27875
16 17909 27885
16 17910 27814
16 17910 27873
16 17911 27871
16 17911 27872
16 17911 27881
16 17911 27882
16 17911 27885
16 17912 27868
16 17912 27871
16 17912 27878
16 17912 27883
16 17912 27886
16 17913 27864
16 17913 27877
16 17915 27880
16 17915 27886
16 17916 27880
16 17917 27826
16 17917 27882
16 17917 27884
16 17917 27885
16 17917 27890
16 17919 27886
16 17920 27885
16 17920 27893
16 17921 27891
16 17922 27881
16 17922 27887
16 17922 27893
16 17923 27879
16 17923 27891
16 17924 27884
16 17925 27883
16 17925 27890
16 17926 27896
16 17928 27884
16 17929 27871
16 17929 27872
16 17932 27829
16 17933 27833
16 17933 27887
16 17933 27890
16 17933 27898
16 17934 27898
16 17935 27824
16 17935 27849
16 17935 27885
16 17935 27896
16 17935 27901
16 17936 27856
16 17936 27862
16 17936 27874
16 17936 27885
16 17937 27819
16 17937 27843
16 17937 27853
16 17937 27860
16 17937 27861
16 17937 27890
16 17937 27902
16 17938 27845
16 17938 27856
16 17939 27895
16 17939 27903
16 17940 27896
16 17941 27843
16 17941 27901
16 17942 27819
16 17942 27842
16 17942 27890
16 17944 27843
16 17944 27845
16 17944 27906
16 17945 27815
16 17945 27816
16 17945 27890
16 17946 27829
16 17946 27906
16 17947 27819
16 17948 27887
16 17949 27826
16 17949 27827
16 17949 27840
16 17949 27899
16 17950 27893
16 17950 27896
16 17950 27908
16 17951 27815
16 17951 27827
16 17951 27893
16 17951 27894
16 17952 27828
16 17953 27843
16 17953 27891
16 17953 27892
16 17953 27895
16 17953 27910
16 17953 27913
16 17954 27912
16 17954 27915
16 17955 27874
16 17955 27895
16 17955 27912
16 17956 27873
16 17956 27881
16 17956 27901
16 17957 27872
16 17957 27924
16 17957 27927
16 17958 27899
16 17959 27826
16 17959 27832
16 17959 27840
16 17959 27850
16 17959 27853
16 17959 27854
16 17959 27863
16 17959 27926
16 17960 27836
16 17960 27844
16 17960 27897
16 17961 27820
16 17961 27869
16 17961 27898
16 17963 27900
16 17963 27921
16 17963 27924
16 17964 27827
16 17965 27901
16 17966 27823
16 17966 27870
16 17966 27924
16 17967 27820
16 17967 27824
16 17967 27833
16 17967 27842
16 17967 27883
16 17967 27904
16 17967 27925
16 17968 27901
16 17968 27904
16 17968 27925
16 17968 27927
16 17969 27925
16 17969 27929
16 17969 27933
16 17970 27815
16 17970 27927
16 17971 27912
16 17972 27905
16 17972 27932
16 17972 27934
16 17972 27935
16 17973 27816
16 17973 27845
16 17973 27853
16 17974 27823
16 17974 27876
16 17974 27904
16 17974 27910
16 17975 27825
16 17976 27825
16 17976 27913
16 17976 27936
16 17977 27921
16 17978 27933
16 17979 27888
17 35643 55625
17 35643 55626
17 35643 55627
17 35643 55628
17 35643 55629
17 35643 55630
17 35643 55631
17 35643 55632
17 35643 55633
17 35643 55634
17 35643 55635
17 35643 55636
17 35643 55637
17 35643 55638
17 35643 55639
17 35643 55640
17 35643 55641
17 35643 55642
17 35643 55643
17 35643 55644
17 35643 55645
17 35643 55646
17 35643 55647
17 35643 55648
17 35643 55649
17 35643 55650
17 35643 55651
17 35643 55652
17 35643 55653
17 35643 55654
17 35643 55655
17 35643 55656
17 35643 55657
17 35643 55658
17 35643 55659
17 35643 55660
17 35643 55661
17 35643 55662
17 35643 55663
17 35643 55664
17 35643 55665
17 35643 55666
17 35643 55667
17 35643 55668
17 35643 55669
17 35643 55670
17 35643 55671
17 35643 55672
17 35643 55673
17 35643 55674
17 35643 55675
17 35643 55676
17 35643 55677
17 35643 55678
17 35643 55679
17 35643 55680
17 35643 55681
17 35643 55682
17 35643 55683
17 35643 55684
17 35643 55685
17 35643 55686
17 35643 55687
17 35643 55688
17 35643 55689
17 35643 55690
17 35643 55691
17 35643 55692
17 35643 55693
17 35643 55694
17 35643 55695
17 35643 55696
17 35643 55697
17 35643 55698
17 35643 55699
17 35643 55700
17 35643 55701
17 35643 55702
17 35643 55703
17 35643 55704
17 35643 55705
17 35643 55706
17 35643 55707
17 35643 55708
17 35643 55709
17 35643 55710
17 35643 55711
17 35643 55712
17 35643 55713
17 35643 55714
17 35643 55715
17 35643 55716
17 35643 55717
17 35643 55718
17 35643 55719
17 35643 55720
17 35643 55721
17 35643 55722
17 35643 55723
17 35643 55724
17 35643 55725
17 35643 55726
17 35643 55727
17 35643 55728
17 35643 55729
17 35643 55730
17 35643 55731
17 35643 55732
17 35643 55733
17 35643 55734
17 35643 55735
17 35643 55736
17 35643 55737
17 35643 55738
17 35643 55739
17 35643 55740
17 35643 55741
17 35643 55742
17 35643 55743
17 35643 55744
17 35643 55745
17 35643 55746
17 35643 55747
17 35643 55748
17 35643 55749
17 35643 55750
17 35643 55751
17 35643 55752
17 35643 55753
17 35643 55754
17 35643 55755
17 35643 55756
17 35643 55757
17 35643 55758
17 35643 55759
17 35643 55760
17 35643 55761
17 35643 55762
17 35643 55763
17 35643 55764
17 35643 55765
17 35643 55766
17 35643 55767
17 35643 55768
17 35643 55769
17 35643 55770
17 35643 55771
17 35643 55772
17 35643 55773
17 35643 55774
17 35643 55775
17 35643 55776
17 35643 55777
17 35643 55778
17 35643 55779
17 35643 55780
17 35643 55781
17 35643 55782
17 35643 55783
17 35643 55784
17 35643 55785
17 35643 55786
17 35643 55787
17 35643 55788
17 35643 55789
17 35643 55790
17 35643 55791
17 35643 55792
17 35643 55793
17 35643 55794
17 35643 55795
17 35643 55796
17 35643 55797
17 35643 55798
17 35643 55799
17 35643 55800
17 35643 55801
17 35643 55802
17 35643 55803
17 35643 55804
17 35643 55805
17 35643 55806
17 35643 55807
17 35643 55808
17 35643 55809
17 35643 55810
17 35643 55811
17 35643 55812
17 35643 55813
17 35643 55814
17 35643 55815
17 35643 55816
17 35643 55817
17 35643 55818
17 35643 55819
17 35643 55820
17 35643 55821
17 35643 55822
17 35643 55823
17 35643 55824
17 35643 55825
17 35643 55826
17 35643 55827
17 35643 55828
17 35643 55829
17 35643 55830
17 35643 55831
17 35643 55832
17 35643 55833
17 35643 55834
17 35643 55835
17 35643 55836
17 35643 55837
17 35643 55838
17 35643 55839
17 35643 55840
17 35643 55841
17 35643 55842
17 35643 55843
17 35643 55844
17 35643 55845
17 35643 55846
17 35643 55847
17 35643 55848
17 35643 55849
17 35643 55850
17 35643 55851
17 35643 55852
17 35643 55853
17 35643 55854
17 35643 55855
17 35643 55856
17 35643 55857
17 35643 55858
17 35643 55859
17 35643 55860
17 35643 55861
17 35643 55862
17 35643 55863
17 35643 55864
17 35643 55865
17 35643 55866
17 35643 55867
17 35643 55868
17 35643 55869
17 35643 55870
17 35643 55871
17 35643 55872
18 71286 111250
3 2 3
4 4 6
4 4 6
5 8 13
5 8 13
6 17 27
6 17 27
7 34 54
7 34 54
7 35 54
7 35 54
