13 2152 3384
13 2152 3384
13 2152 3385
13 2152 3385
13 2152 3386
13 2152 3386
13 2152 3387
13 2152 3387
13 2152 3388
13 2152 3388
13 2152 3389
13 2152 3389
13 2152 3390
13 2152 3390
13 2152 3391
13 2152 3391
13 2153 3391
13 2153 3391
13 2154 3391
13 2154 3391
13 2155 3391
13 2155 3391
13 2156 3391
13 2156 3391
13 2157 3391
13 2157 3391
13 2158 3391
13 2158 3391
13 2159 3391
13 2159 3391
13 2160 3391
13 2160 3391
13 2161 3391
13 2161 3391
13 2162 3391
13 2162 3391
13 2163 3384
13 2163 3384
13 2163 3385
13 2163 3385
13 2163 3386
13 2163 3386
13 2163 3387
13 2163 3387
13 2163 3388
13 2163 3388
13 2163 3389
13 2163 3389
13 2163 3390
13 2163 3390
13 2163 3391
13 2163 3391
14 4305 6768
14 4305 6769
14 4305 6770
14 4305 6771
14 4305 6772
14 4305 6773
14 4305 6774
14 4305 6775
14 4305 6776
14 4305 6777
14 4305 6778
14 4305 6779
14 4305 6780
14 4305 6781
14 4305 6782
15 8611 13536
15 8611 13537
15 8611 13538
15 8611 13539
15 8611 13540
15 8611 13541
15 8611 13542
15 8611 13543
15 8611 13544
15 8611 13545
15 8611 13546
15 8611 13547
15 8611 13548
15 8611 13549
15 8611 13550
15 8611 13551
15 8611 13552
15 8611 13553
15 8611 13554
15 8611 13555
15 8611 13556
15 8611 13557
15 8611 13558
15 8611 13559
15 8611 13560
15 8611 13561
15 8611 13562
15 8611 13563
15 8611 13564
15 8618 13536
16 17222 27072
16 17222 27073
16 17222 27074
16 17222 27075
16 17222 27076
16 17222 27077
16 17222 27078
16 17222 27079
16 17222 27080
16 17222 27081
16 17222 27082
16 17222 27083
16 17222 27084
16 17222 27085
16 17222 27086
16 17222 27087
16 17222 27088
16 17222 27089
16 17222 27090
16 17222 27091
16 17222 27092
16 17222 27093
16 17222 27094
16 17222 27095
16 17222 27096
16 17222 27097
16 17222 27098
16 17222 27099
16 17222 27100
16 17222 27101
16 17222 27102
16 17222 27103
16 17222 27104
16 17222 27105
16 17222 27106
16 17222 27107
16 17222 27108
16 17222 27109
16 17222 27110
16 17222 27111
16 17222 27112
16 17222 27113
16 17222 27114
16 17222 27115
16 17222 27116
16 17222 27117
16 17222 27118
16 17222 27119
16 17222 27120
16 17222 27121
16 17222 27122
16 17222 27123
16 17222 27124
16 17222 27125
16 17222 27126
16 17222 27127
16 17222 27128
16 17222 27129
16 17237 27073
17 34444 54145
18 68889 108290
3 2 3
4 4 6
4 4 6
5 8 13
5 8 13
6 16 26
6 16 26
7 33 52
7 33 52
8 67 105
8 67 105
