10 295 399
10 295 399
10 296 399
10 296 399
10 297 399
10 297 399
10 298 400
10 298 400
12 1183 1602
12 1183 1602
12 1183 1615
12 1183 1615
12 1184 1602
12 1184 1602
12 1184 1615
12 1184 1615
12 1185 1602
12 1185 1602
12 1185 1615
12 1185 1615
12 1186 1602
12 1186 1602
12 1186 1615
12 1186 1615
12 1187 1602
12 1187 1602
12 1187 1615
12 1187 1615
12 1188 1602
12 1188 1602
12 1188 1615
12 1188 1615
12 1189 1602
12 1189 1602
12 1189 1615
12 1189 1615
12 1190 1602
12 1190 1602
12 1190 1615
12 1190 1615
12 1191 1602
12 1191 1602
12 1191 1615
12 1191 1615
13 2366 3205
13 2366 3205
13 2366 3230
13 2366 3230
13 2367 3205
13 2367 3205
13 2367 3230
13 2367 3230
13 2368 3205
13 2368 3205
13 2368 3230
13 2368 3230
13 2369 3205
13 2369 3205
13 2369 3230
13 2369 3230
13 2370 3205
13 2370 3205
13 2370 3230
13 2370 3230
13 2371 3205
13 2371 3205
13 2371 3230
13 2371 3230
13 2372 3205
13 2372 3205
13 2372 3230
13 2372 3230
13 2373 3205
13 2373 3205
13 2373 3230
13 2373 3230
13 2374 3205
13 2374 3205
13 2374 3230
13 2374 3230
13 2375 3205
13 2375 3205
13 2375 3230
13 2375 3230
13 2376 3205
13 2376 3205
13 2376 3230
13 2376 3230
13 2377 3205
13 2377 3205
13 2377 3230
13 2377 3230
13 2378 3205
13 2378 3205
13 2378 3230
13 2378 3230
13 2379 3205
13 2379 3205
13 2379 3230
13 2379 3230
13 2380 3205
13 2380 3205
13 2380 3230
13 2380 3230
13 2381 3205
13 2381 3205
13 2381 3230
13 2381 3230
13 2382 3205
13 2382 3205
13 2382 3230
13 2382 3230
13 2383 3205
13 2383 3205
13 2383 3206
13 2383 3206
13 2383 3207
13 2383 3207
13 2383 3208
13 2383 3208
13 2383 3209
13 2383 3209
13 2383 3210
13 2383 3210
13 2383 3211
13 2383 3211
13 2383 3212
13 2383 3212
13 2383 3213
13 2383 3213
13 2383 3214
13 2383 3214
13 2383 3215
13 2383 3215
13 2383 3216
13 2383 3216
13 2383 3217
13 2383 3217
13 2383 3218
13 2383 3218
13 2383 3219
13 2383 3219
13 2383 3220
13 2383 3220
13 2383 3221
13 2383 3221
13 2383 3222
13 2383 3222
13 2383 3223
13 2383 3223
13 2383 3224
13 2383 3224
13 2383 3225
13 2383 3225
13 2383 3226
13 2383 3226
13 2383 3227
13 2383 3227
13 2383 3228
13 2383 3228
13 2383 3229
13 2383 3229
13 2383 3230
13 2383 3230
14 4732 6410
14 4732 6411
14 4732 6412
14 4732 6413
14 4732 6414
14 4732 6415
14 4732 6416
14 4732 6417
14 4732 6418
14 4732 6419
14 4732 6420
14 4732 6421
14 4732 6422
14 4732 6423
14 4732 6424
14 4732 6425
14 4732 6426
14 4732 6427
14 4732 6428
14 4732 6429
14 4732 6430
14 4732 6431
14 4732 6432
14 4732 6433
14 4732 6434
14 4732 6435
14 4732 6436
14 4732 6437
14 4732 6438
14 4732 6439
14 4732 6440
14 4732 6441
14 4732 6442
14 4732 6443
14 4732 6444
14 4732 6445
14 4732 6446
14 4732 6447
14 4732 6448
14 4732 6449
14 4732 6450
14 4732 6451
14 4732 6452
14 4732 6453
14 4732 6454
14 4732 6455
14 4732 6456
14 4732 6457
14 4732 6458
14 4732 6459
14 4732 6460
15 9465 12821
15 9465 12822
15 9465 12823
15 9465 12824
15 9465 12825
15 9465 12826
15 9465 12827
15 9465 12828
15 9465 12829
15 9465 12830
15 9465 12831
15 9465 12832
15 9465 12833
15 9465 12834
15 9465 12835
15 9465 12836
15 9465 12837
15 9465 12838
15 9465 12839
15 9465 12840
15 9465 12841
15 9465 12842
15 9465 12843
15 9465 12844
15 9465 12845
15 9465 12846
15 9465 12847
15 9465 12848
15 9465 12849
15 9465 12850
15 9465 12851
15 9465 12852
15 9465 12853
15 9465 12854
15 9465 12855
15 9465 12856
15 9465 12857
15 9465 12858
15 9465 12859
15 9465 12860
15 9465 12861
15 9465 12862
15 9465 12863
15 9465 12864
15 9465 12865
15 9465 12866
15 9465 12867
15 9465 12868
15 9465 12869
15 9465 12870
15 9465 12871
15 9465 12872
15 9465 12873
15 9465 12874
15 9465 12875
15 9465 12876
15 9465 12877
15 9465 12878
15 9465 12879
15 9465 12880
15 9465 12881
15 9465 12882
15 9465 12883
15 9465 12884
15 9465 12885
15 9465 12886
15 9465 12887
15 9465 12888
15 9465 12889
15 9465 12890
15 9465 12891
15 9465 12892
15 9465 12893
15 9465 12894
15 9465 12895
15 9465 12896
15 9465 12897
15 9465 12898
15 9465 12899
15 9465 12900
15 9465 12901
15 9465 12902
15 9465 12903
15 9465 12904
15 9465 12905
15 9465 12906
15 9465 12907
15 9465 12908
15 9465 12909
15 9465 12910
15 9465 12911
15 9465 12912
15 9465 12913
15 9465 12914
15 9465 12915
15 9465 12916
15 9465 12917
15 9465 12918
15 9465 12919
15 9465 12920
15 9483 12840
15 9500 12888
15 9514 12916
16 18931 25643
16 18931 25644
16 18931 25645
16 18931 25646
16 18931 25647
16 18931 25648
16 18931 25649
16 18931 25650
16 18931 25651
16 18931 25652
16 18931 25653
16 18931 25654
16 18931 25655
16 18931 25656
16 18931 25657
16 18931 25658
16 18931 25659
16 18931 25660
16 18931 25661
16 18931 25662
16 18931 25663
16 18931 25664
16 18931 25665
16 18931 25666
16 18931 25667
16 18931 25668
16 18931 25669
16 18931 25670
16 18931 25671
16 18931 25672
16 18931 25673
16 18931 25674
16 18931 25675
16 18931 25676
16 18931 25677
16 18931 25678
16 18931 25679
16 18931 25680
16 18931 25681
16 18931 25682
16 18931 25683
16 18931 25684
16 18931 25685
16 18931 25686
16 18931 25687
16 18931 25688
16 18931 25689
16 18931 25690
16 18931 25691
16 18931 25692
16 18931 25693
16 18931 25694
16 18931 25695
16 18931 25696
16 18931 25697
16 18931 25698
16 18931 25699
16 18931 25700
16 18931 25701
16 18931 25702
16 18931 25703
16 18931 25704
16 18931 25705
16 18931 25706
16 18931 25707
16 18931 25708
16 18931 25709
16 18931 25710
16 18931 25711
16 18931 25712
16 18931 25713
16 18931 25714
16 18931 25715
16 18931 25716
16 18931 25717
16 18931 25718
16 18931 25719
16 18931 25720
16 18931 25721
16 18931 25722
16 18931 25723
16 18931 25724
16 18931 25725
16 18931 25726
16 18931 25727
16 18931 25728
16 18931 25729
16 18931 25730
16 18931 25731
16 18931 25732
16 18931 25733
16 18931 25734
16 18931 25735
16 18931 25736
16 18931 25737
16 18931 25738
16 18931 25739
16 18931 25740
16 18931 25741
16 18931 25742
16 18931 25743
16 18931 25744
16 18931 25745
16 18931 25746
16 18931 25747
16 18931 25748
16 18931 25749
16 18931 25750
16 18931 25751
16 18931 25752
16 18931 25753
16 18931 25754
16 18931 25755
16 18931 25756
16 18931 25757
16 18931 25758
16 18931 25759
16 18931 25760
16 18931 25761
16 18931 25762
16 18931 25763
16 18931 25764
16 18931 25765
16 18931 25766
16 18931 25767
16 18931 25768
16 18931 25769
16 18931 25770
16 18931 25771
16 18931 25772
16 18931 25773
16 18931 25774
16 18931 25775
16 18931 25776
16 18931 25777
16 18931 25778
16 18931 25779
16 18931 25780
16 18931 25781
16 18931 25782
16 18931 25783
16 18931 25784
16 18931 25785
16 18931 25786
16 18931 25787
16 18931 25788
16 18931 25789
16 18931 25790
16 18931 25791
16 18931 25792
16 18931 25793
16 18931 25794
16 18931 25795
16 18931 25796
16 18931 25797
16 18931 25798
16 18931 25799
16 18931 25800
16 18931 25801
16 18931 25802
16 18931 25803
16 18931 25804
16 18931 25805
16 18931 25806
16 18931 25807
16 18931 25808
16 18931 25809
16 18931 25810
16 18931 25811
16 18931 25812
16 18931 25813
16 18931 25814
16 18931 25815
16 18931 25816
16 18931 25817
16 18931 25818
16 18931 25819
16 18931 25820
16 18931 25821
16 18931 25822
16 18931 25823
16 18931 25824
16 18931 25825
16 18931 25826
16 18931 25827
16 18931 25828
16 18931 25829
16 18931 25830
16 18931 25831
16 18931 25832
16 18931 25833
16 18931 25834
16 18931 25835
16 18931 25836
16 18931 25837
16 18931 25838
16 18931 25839
16 18931 25840
16 18967 25681
16 19000 25776
16 19029 25832
17 37863 51287
18 75727 102574
3 2 3
4 4 6
4 4 6
5 9 12
5 9 12
6 18 25
6 18 25
9 145 199
9 145 199
9 145 200
9 145 200
9 145 201
9 145 201
9 145 202
9 145 202
9 146 199
9 146 199
9 146 200
9 146 200
9 146 201
9 146 201
9 146 202
9 146 202
9 147 199
9 147 199
9 147 202
9 147 202
9 148 199
9 148 199
9 148 202
9 148 202
9 149 199
9 149 199
9 149 200
9 149 200
9 149 201
9 149 201
9 149 202
9 149 202
9 150 199
9 150 199
9 150 200
9 150 200
9 150 201
9 150 201
9 150 202
9 150 202
