13 2268 3497
13 2268 3497
13 2268 3498
13 2268 3498
13 2268 3501
13 2268 3501
13 2270 3501
13 2270 3501
13 2271 3497
13 2271 3497
13 2271 3500
13 2271 3500
13 2271 3501
13 2271 3501
14 4536 6994
14 4537 7002
15 9073 13989
15 9074 14004
15 9076 13992
16 18146 27979
16 18147 27998
16 18148 28008
16 18152 27985
17 36293 55959
18 72586 111919
3 2 3
4 4 6
4 4 6
5 8 13
5 8 13
6 17 27
6 17 27
7 35 54
7 35 54
8 70 109
8 70 109
14 4536 6995
14 4536 6996
14 4536 6997
14 4536 6998
14 4542 6999
14 4542 7000
14 4536 7001
14 4536 7002
15 9073 13990
15 9073 13991
15 9073 13992
15 9073 13993
15 9073 13994
15 9073 13995
15 9073 13996
15 9073 13997
15 9073 13998
15 9083 13999
15 9083 14000
15 9073 14001
15 9073 14002
15 9073 14003
15 9073 14004
