12 1007 1692
12 1007 1692
12 1008 1692
12 1008 1692
12 1009 1692
12 1009 1692
12 1010 1692
12 1010 1692
12 1011 1692
12 1011 1692
13 2015 3385
13 2015 3385
13 2016 3385
13 2016 3385
13 2017 3385
13 2017 3385
13 2018 3385
13 2018 3385
13 2019 3385
13 2019 3385
13 2020 3385
13 2020 3385
13 2021 3385
13 2021 3385
13 2022 3385
13 2022 3385
13 2023 3385
13 2023 3385
14 4031 6771
14 4031 6779
15 8063 13543
15 8063 13558
16 16126 27087
16 16126 27088
16 16126 27089
16 16126 27090
16 16126 27091
16 16126 27092
16 16126 27093
16 16126 27094
16 16126 27095
16 16126 27096
16 16126 27097
16 16126 27098
16 16126 27099
16 16126 27100
16 16126 27101
16 16126 27102
16 16126 27103
16 16126 27104
16 16126 27105
16 16126 27106
16 16126 27107
16 16126 27108
16 16126 27109
16 16126 27110
16 16126 27111
16 16126 27112
16 16126 27113
16 16126 27114
16 16126 27115
16 16126 27116
17 32253 54175
18 64507 108350
3 1 3
4 3 6
4 3 6
5 7 13
5 7 13
6 15 26
6 15 26
7 31 52
7 31 52
8 62 105
8 62 105
8 63 105
8 63 105
