10 280 424
10 281 422
11 560 844
11 561 848
12 1121 1689
12 1121 1689
12 1121 1690
12 1121 1690
12 1121 1691
12 1121 1691
12 1121 1692
12 1121 1692
12 1121 1693
12 1121 1693
12 1121 1694
12 1121 1694
12 1121 1695
12 1121 1695
12 1121 1696
12 1121 1696
12 1122 1693
12 1122 1693
12 1122 1694
12 1122 1694
12 1122 1695
12 1122 1695
12 1122 1696
12 1122 1696
12 1123 1696
12 1123 1696
12 1124 1689
12 1124 1689
12 1124 1690
12 1124 1690
12 1124 1691
12 1124 1691
12 1125 1689
12 1125 1689
12 1125 1690
12 1125 1690
12 1125 1691
12 1125 1691
12 1125 1692
12 1125 1692
12 1125 1693
12 1125 1693
12 1125 1694
12 1125 1694
13 2243 3378
13 2243 3378
13 2243 3379
13 2243 3379
13 2243 3380
13 2243 3380
13 2243 3381
13 2243 3381
13 2243 3382
13 2243 3382
13 2243 3383
13 2243 3383
13 2243 3384
13 2243 3384
13 2243 3385
13 2243 3385
13 2243 3386
13 2243 3386
13 2243 3387
13 2243 3387
13 2243 3388
13 2243 3388
13 2243 3389
13 2243 3389
13 2243 3390
13 2243 3390
13 2243 3391
13 2243 3391
13 2243 3392
13 2243 3392
13 2243 3393
13 2243 3393
13 2244 3378
13 2244 3378
13 2244 3382
13 2244 3382
13 2244 3383
13 2244 3383
13 2244 3384
13 2244 3384
13 2244 3385
13 2244 3385
13 2244 3386
13 2244 3386
13 2244 3387
13 2244 3387
13 2244 3388
13 2244 3388
13 2244 3389
13 2244 3389
13 2244 3390
13 2244 3390
13 2244 3391
13 2244 3391
13 2244 3392
13 2244 3392
13 2244 3393
13 2244 3393
13 2245 3378
13 2245 3378
13 2245 3385
13 2245 3385
13 2245 3386
13 2245 3386
13 2245 3387
13 2245 3387
13 2245 3388
13 2245 3388
13 2245 3389
13 2245 3389
13 2245 3390
13 2245 3390
13 2245 3391
13 2245 3391
13 2245 3392
13 2245 3392
13 2245 3393
13 2245 3393
13 2246 3378
13 2246 3378
13 2246 3387
13 2246 3387
13 2246 3388
13 2246 3388
13 2246 3389
13 2246 3389
13 2246 3390
13 2246 3390
13 2246 3391
13 2246 3391
13 2246 3392
13 2246 3392
13 2246 3393
13 2246 3393
13 2247 3378
13 2247 3378
13 2247 3379
13 2247 3379
13 2247 3380
13 2247 3380
13 2247 3381
13 2247 3381
13 2247 3392
13 2247 3392
13 2247 3393
13 2247 3393
13 2248 3378
13 2248 3378
13 2248 3379
13 2248 3379
13 2248 3380
13 2248 3380
13 2248 3381
13 2248 3381
13 2248 3382
13 2248 3382
13 2248 3383
13 2248 3383
13 2248 3384
13 2248 3384
13 2249 3378
13 2249 3378
13 2249 3379
13 2249 3379
13 2249 3380
13 2249 3380
13 2249 3381
13 2249 3381
13 2249 3382
13 2249 3382
13 2249 3383
13 2249 3383
13 2249 3384
13 2249 3384
13 2249 3385
13 2249 3385
13 2249 3386
13 2249 3386
13 2249 3387
13 2249 3387
13 2249 3393
13 2249 3393
13 2250 3378
13 2250 3378
13 2250 3379
13 2250 3379
13 2250 3380
13 2250 3380
13 2250 3381
13 2250 3381
13 2250 3382
13 2250 3382
13 2250 3383
13 2250 3383
13 2250 3384
13 2250 3384
13 2250 3385
13 2250 3385
13 2250 3386
13 2250 3386
13 2250 3387
13 2250 3387
13 2250 3388
13 2250 3388
13 2250 3389
13 2250 3389
13 2250 3390
13 2250 3390
13 2250 3393
13 2250 3393
13 2251 3378
13 2251 3378
13 2251 3379
13 2251 3379
13 2251 3380
13 2251 3380
13 2251 3381
13 2251 3381
13 2251 3382
13 2251 3382
13 2251 3383
13 2251 3383
13 2251 3384
13 2251 3384
13 2251 3385
13 2251 3385
13 2251 3386
13 2251 3386
13 2251 3387
13 2251 3387
13 2251 3388
13 2251 3388
13 2251 3389
13 2251 3389
13 2251 3390
13 2251 3390
13 2251 3391
13 2251 3391
13 2251 3392
13 2251 3392
13 2251 3393
13 2251 3393
14 4487 6757
14 4487 6758
14 4487 6759
14 4487 6760
14 4487 6761
14 4487 6762
14 4487 6763
14 4487 6764
14 4487 6765
14 4487 6766
14 4487 6767
14 4487 6768
14 4487 6769
14 4487 6770
14 4487 6771
14 4487 6772
14 4487 6773
14 4487 6774
14 4487 6775
14 4487 6776
14 4487 6777
14 4487 6778
14 4487 6779
14 4487 6780
14 4487 6781
14 4487 6782
14 4487 6783
14 4487 6784
14 4487 6785
14 4487 6786
14 4488 6762
14 4488 6765
14 4488 6782
14 4489 6758
14 4489 6761
14 4489 6765
14 4489 6768
14 4490 6775
14 4490 6784
14 4490 6786
14 4491 6772
14 4491 6778
14 4491 6785
14 4492 6777
14 4493 6784
15 8975 13515
15 8975 13516
15 8975 13517
15 8975 13518
15 8975 13519
15 8975 13520
15 8975 13521
15 8975 13522
15 8975 13523
15 8975 13524
15 8975 13525
15 8975 13526
15 8975 13527
15 8975 13528
15 8975 13529
15 8975 13530
15 8975 13531
15 8975 13532
15 8975 13533
15 8975 13534
15 8975 13535
15 8975 13536
15 8975 13537
15 8975 13538
15 8975 13539
15 8975 13540
15 8975 13541
15 8975 13542
15 8975 13543
15 8975 13544
15 8975 13545
15 8975 13546
15 8975 13547
15 8975 13548
15 8975 13549
15 8975 13550
15 8975 13551
15 8975 13552
15 8975 13553
15 8975 13554
15 8975 13555
15 8975 13556
15 8975 13557
15 8975 13558
15 8975 13559
15 8975 13560
15 8975 13561
15 8975 13562
15 8975 13563
15 8975 13564
15 8975 13565
15 8975 13566
15 8975 13567
15 8975 13568
15 8975 13569
15 8975 13570
15 8975 13571
15 8975 13572
15 8976 13525
15 8976 13531
15 8976 13565
15 8978 13516
15 8978 13537
15 8979 13522
15 8979 13531
15 8980 13551
15 8980 13572
15 8981 13516
15 8981 13568
15 8982 13544
15 8982 13557
15 8983 13570
15 8985 13555
15 8987 13568
16 17951 27030
16 17951 27031
16 17951 27032
16 17951 27033
16 17951 27034
16 17951 27035
16 17951 27036
16 17951 27037
16 17951 27038
16 17951 27039
16 17951 27040
16 17951 27041
16 17951 27042
16 17951 27043
16 17951 27044
16 17951 27045
16 17951 27046
16 17951 27047
16 17951 27048
16 17951 27049
16 17951 27050
16 17951 27051
16 17951 27052
16 17951 27053
16 17951 27054
16 17951 27055
16 17951 27056
16 17951 27057
16 17951 27058
16 17951 27059
16 17951 27060
16 17951 27061
16 17951 27062
16 17951 27063
16 17951 27064
16 17951 27065
16 17951 27066
16 17951 27067
16 17951 27068
16 17951 27069
16 17951 27070
16 17951 27071
16 17951 27072
16 17951 27073
16 17951 27074
16 17951 27075
16 17951 27076
16 17951 27077
16 17951 27078
16 17951 27079
16 17951 27080
16 17951 27081
16 17951 27082
16 17951 27083
16 17951 27084
16 17951 27085
16 17951 27086
16 17951 27087
16 17951 27088
16 17951 27089
16 17951 27090
16 17951 27091
16 17951 27092
16 17951 27093
16 17951 27094
16 17951 27095
16 17951 27096
16 17951 27097
16 17951 27098
16 17951 27099
16 17951 27100
16 17951 27101
16 17951 27102
16 17951 27103
16 17951 27104
16 17951 27105
16 17951 27106
16 17951 27107
16 17951 27108
16 17951 27109
16 17951 27110
16 17951 27111
16 17951 27112
16 17951 27113
16 17951 27114
16 17951 27115
16 17951 27116
16 17951 27117
16 17951 27118
16 17951 27119
16 17951 27120
16 17951 27121
16 17951 27122
16 17951 27123
16 17951 27124
16 17951 27125
16 17951 27126
16 17951 27127
16 17951 27128
16 17951 27129
16 17951 27130
16 17951 27131
16 17951 27132
16 17951 27133
16 17951 27134
16 17951 27135
16 17951 27136
16 17951 27137
16 17951 27138
16 17951 27139
16 17951 27140
16 17951 27141
16 17951 27142
16 17951 27143
16 17951 27144
16 17951 27145
16 17952 27051
16 17952 27063
16 17952 27130
16 17957 27032
16 17957 27074
16 17958 27063
16 17959 27044
16 17960 27049
16 17960 27102
16 17961 27144
16 17962 27033
16 17963 27137
16 17965 27089
16 17965 27114
16 17966 27141
16 17970 27111
16 17974 27136
17 35903 54061
18 71807 108122
3 2 3
4 4 6
4 4 6
5 8 13
5 8 13
6 17 26
6 17 26
7 35 52
7 35 52
7 35 53
7 35 53
8 70 105
8 70 105
8 70 106
8 70 106
