10 280 416
11 561 832
12 1123 1665
12 1123 1665
12 1123 1666
12 1123 1666
12 1123 1667
12 1123 1667
12 1125 1668
12 1125 1668
12 1125 1669
12 1125 1669
13 2247 3330
13 2247 3330
13 2247 3331
13 2247 3331
13 2247 3332
13 2247 3332
13 2247 3333
13 2247 3333
13 2247 3334
13 2247 3334
13 2247 3335
13 2247 3335
13 2250 3335
13 2250 3335
13 2250 3336
13 2250 3336
13 2250 3337
13 2250 3337
13 2250 3338
13 2250 3338
13 2250 3339
13 2250 3339
14 4495 6660
14 4495 6661
14 4495 6662
14 4495 6663
14 4495 6664
14 4495 6665
14 4495 6666
14 4495 6667
14 4495 6668
14 4495 6669
14 4495 6670
14 4495 6671
14 4495 6672
14 4495 6679
14 4499 6678
14 4500 6673
14 4500 6674
14 4500 6675
14 4500 6676
14 4500 6677
15 8990 13321
15 8990 13322
15 8990 13323
15 8990 13324
15 8990 13325
15 8990 13326
15 8990 13327
15 8990 13328
15 8990 13329
15 8990 13330
15 8990 13331
15 8990 13332
15 8990 13333
15 8990 13334
15 8990 13335
15 8990 13336
15 8990 13337
15 8990 13338
15 8990 13339
15 8990 13340
15 8990 13341
15 8990 13342
15 8990 13343
15 8990 13344
15 8990 13345
15 8990 13346
15 8990 13347
15 8990 13348
15 8990 13349
15 8990 13350
15 8990 13351
15 8990 13352
15 8990 13353
15 8990 13354
15 8990 13357
15 8990 13358
15 8998 13356
15 8999 13355
16 17981 26642
17 35962 53285
18 71924 106571
3 2 3
4 4 6
4 4 6
5 8 13
5 8 13
6 17 26
6 17 26
7 35 52
7 35 52
