12 938 1722
12 938 1722
12 938 1723
12 938 1723
12 940 1722
12 940 1722
12 941 1722
12 941 1722
12 941 1724
12 941 1724
12 941 1725
12 941 1725
12 941 1726
12 941 1726
13 1877 3445
13 1877 3445
13 1877 3446
13 1877 3446
13 1877 3447
13 1877 3447
13 1877 3448
13 1877 3448
13 1880 3445
13 1880 3445
13 1881 3445
13 1881 3445
13 1881 3452
13 1881 3452
13 1881 3453
13 1881 3453
13 1882 3445
13 1882 3445
13 1882 3448
13 1882 3448
13 1882 3449
13 1882 3449
13 1882 3450
13 1882 3450
13 1882 3451
13 1882 3451
13 1882 3452
13 1882 3452
13 1882 3453
13 1882 3453
14 3754 6891
14 3754 6892
14 3754 6893
14 3754 6894
14 3754 6895
14 3754 6896
14 3754 6897
14 3754 6898
14 3754 6899
14 3754 6900
14 3754 6901
14 3754 6907
14 3762 6903
14 3762 6904
14 3762 6905
14 3762 6906
14 3763 6902
15 7508 13783
15 7508 13784
15 7508 13785
15 7508 13786
15 7508 13787
15 7508 13788
15 7508 13789
15 7508 13790
15 7508 13791
15 7508 13792
15 7508 13793
15 7508 13794
15 7508 13795
15 7508 13796
15 7508 13797
15 7508 13798
15 7508 13799
15 7508 13800
15 7508 13801
15 7508 13802
15 7508 13803
15 7508 13804
15 7508 13805
15 7508 13806
15 7508 13807
15 7508 13808
15 7508 13809
15 7508 13812
15 7508 13813
15 7508 13814
15 7508 13815
15 7523 13810
15 7523 13811
16 15016 27566
16 15016 27567
16 15016 27568
16 15016 27569
16 15016 27570
16 15016 27571
16 15016 27572
16 15016 27573
16 15016 27574
16 15016 27575
16 15016 27576
16 15016 27577
16 15016 27578
16 15016 27579
16 15016 27580
16 15016 27581
16 15016 27582
16 15016 27583
16 15016 27584
16 15016 27585
16 15016 27586
16 15016 27587
16 15016 27588
16 15016 27589
16 15016 27590
16 15016 27591
16 15016 27592
16 15016 27593
16 15016 27594
16 15016 27595
16 15016 27596
16 15016 27597
16 15016 27598
16 15016 27599
16 15016 27600
16 15016 27601
16 15016 27602
16 15016 27603
16 15016 27604
16 15016 27605
16 15016 27606
16 15016 27607
16 15016 27608
16 15016 27609
16 15016 27610
16 15016 27611
16 15016 27612
16 15016 27613
16 15016 27614
16 15016 27615
16 15016 27616
16 15016 27617
16 15016 27618
16 15016 27619
16 15016 27620
16 15016 27621
16 15016 27622
16 15016 27623
16 15016 27624
16 15016 27625
16 15016 27626
16 15016 27627
16 15016 27628
16 15016 27629
16 15016 27630
17 30033 55132
18 60066 110265
3 1 3
4 3 6
4 3 6
5 7 13
5 7 13
6 14 26
6 14 26
7 29 53
7 29 53
8 58 107
8 58 107
