12 1030 1694
12 1030 1694
12 1030 1695
12 1030 1695
12 1030 1696
12 1030 1696
12 1030 1697
12 1030 1697
12 1030 1698
12 1030 1698
12 1030 1699
12 1030 1699
12 1031 1694
12 1031 1694
12 1031 1699
12 1031 1699
12 1032 1694
12 1032 1694
12 1032 1699
12 1032 1699
12 1033 1694
12 1033 1694
12 1033 1699
12 1033 1699
12 1034 1694
12 1034 1694
12 1034 1699
12 1034 1699
12 1035 1694
12 1035 1694
12 1035 1699
12 1035 1699
13 2060 3389
13 2060 3389
13 2060 3390
13 2060 3390
13 2060 3391
13 2060 3391
13 2060 3392
13 2060 3392
13 2060 3393
13 2060 3393
13 2060 3394
13 2060 3394
13 2060 3395
13 2060 3395
13 2060 3396
13 2060 3396
13 2060 3397
13 2060 3397
13 2060 3398
13 2060 3398
13 2061 3389
13 2061 3389
13 2061 3390
13 2061 3390
13 2061 3391
13 2061 3391
13 2061 3392
13 2061 3392
13 2061 3393
13 2061 3393
13 2061 3394
13 2061 3394
13 2061 3395
13 2061 3395
13 2061 3396
13 2061 3396
13 2061 3397
13 2061 3397
13 2061 3398
13 2061 3398
13 2062 3389
13 2062 3389
13 2062 3390
13 2062 3390
13 2062 3391
13 2062 3391
13 2062 3392
13 2062 3392
13 2062 3393
13 2062 3393
13 2062 3394
13 2062 3394
13 2062 3395
13 2062 3395
13 2062 3396
13 2062 3396
13 2062 3397
13 2062 3397
13 2062 3398
13 2062 3398
13 2063 3389
13 2063 3389
13 2063 3398
13 2063 3398
13 2064 3389
13 2064 3389
13 2064 3398
13 2064 3398
13 2065 3389
13 2065 3389
13 2065 3398
13 2065 3398
13 2066 3389
13 2066 3389
13 2066 3398
13 2066 3398
13 2067 3389
13 2067 3389
13 2067 3398
13 2067 3398
13 2068 3389
13 2068 3389
13 2068 3398
13 2068 3398
13 2069 3389
13 2069 3389
13 2069 3398
13 2069 3398
13 2070 3389
13 2070 3389
13 2070 3398
13 2070 3398
13 2071 3389
13 2071 3389
13 2071 3398
13 2071 3398
14 4120 6779
14 4120 6780
14 4120 6781
14 4120 6782
14 4120 6783
14 4120 6784
14 4120 6785
14 4120 6786
14 4120 6787
14 4120 6788
14 4120 6789
14 4120 6790
14 4120 6791
14 4120 6792
14 4120 6793
14 4120 6794
14 4120 6795
14 4120 6796
15 8240 13559
15 8240 13560
15 8240 13561
15 8240 13562
15 8240 13563
15 8240 13564
15 8240 13565
15 8240 13566
15 8240 13567
15 8240 13568
15 8240 13569
15 8240 13570
15 8240 13571
15 8240 13572
15 8240 13573
15 8240 13574
15 8240 13575
15 8240 13576
15 8240 13577
15 8240 13578
15 8240 13579
15 8240 13580
15 8240 13581
15 8240 13582
15 8240 13583
15 8240 13584
15 8240 13585
15 8240 13586
15 8240 13587
15 8240 13588
15 8240 13589
15 8240 13590
15 8240 13591
15 8240 13592
16 16480 27119
16 16480 27120
16 16480 27121
16 16480 27122
16 16480 27123
16 16480 27124
16 16480 27125
16 16480 27126
16 16480 27127
16 16480 27128
16 16480 27129
16 16480 27130
16 16480 27131
16 16480 27132
16 16480 27133
16 16480 27134
16 16480 27135
16 16480 27136
16 16480 27137
16 16480 27138
16 16480 27139
16 16480 27140
16 16480 27141
16 16480 27142
16 16480 27143
16 16480 27144
16 16480 27145
16 16480 27146
16 16480 27147
16 16480 27148
16 16480 27149
16 16480 27150
16 16480 27151
16 16480 27152
16 16480 27153
16 16480 27154
16 16480 27155
16 16480 27156
16 16480 27157
16 16480 27158
16 16480 27159
16 16480 27160
16 16480 27161
16 16480 27162
16 16480 27163
16 16480 27164
16 16480 27165
16 16480 27166
16 16480 27167
16 16480 27168
16 16480 27169
16 16480 27170
16 16480 27171
16 16480 27172
16 16480 27173
16 16480 27174
16 16480 27175
16 16480 27176
16 16480 27177
16 16480 27178
16 16480 27179
16 16480 27180
16 16480 27181
16 16480 27182
16 16480 27183
16 16480 27184
17 32961 54239
17 32961 54240
17 32961 54241
17 32961 54242
17 32961 54243
17 32961 54244
17 32961 54245
17 32961 54246
17 32961 54247
17 32961 54248
17 32961 54249
17 32961 54250
17 32961 54251
17 32961 54252
17 32961 54253
17 32961 54254
17 32961 54255
17 32961 54256
17 32961 54257
17 32961 54258
17 32961 54259
17 32961 54260
17 32961 54261
17 32961 54262
17 32961 54263
17 32961 54264
17 32961 54265
17 32961 54266
17 32961 54267
17 32961 54268
17 32961 54269
17 32961 54270
17 32961 54271
17 32961 54272
17 32961 54273
17 32961 54274
17 32961 54275
17 32961 54276
17 32961 54277
17 32961 54278
17 32961 54279
17 32961 54280
17 32961 54281
17 32961 54282
17 32961 54283
17 32961 54284
17 32961 54285
17 32961 54286
17 32961 54287
17 32961 54288
17 32961 54289
17 32961 54290
17 32961 54291
17 32961 54292
17 32961 54293
17 32961 54294
17 32961 54295
17 32961 54296
17 32961 54297
17 32961 54298
17 32961 54299
17 32961 54300
17 32961 54301
17 32961 54302
17 32961 54303
17 32961 54304
17 32961 54305
17 32961 54306
17 32961 54307
17 32961 54308
17 32961 54309
17 32961 54310
17 32961 54311
17 32961 54312
17 32961 54313
17 32961 54314
17 32961 54315
17 32961 54316
17 32961 54317
17 32961 54318
17 32961 54319
17 32961 54320
17 32961 54321
17 32961 54322
17 32961 54323
17 32961 54324
17 32961 54325
17 32961 54326
17 32961 54327
17 32961 54328
17 32961 54329
17 32961 54330
17 32961 54331
17 32961 54332
17 32961 54333
17 32961 54334
17 32961 54335
17 32961 54336
17 32961 54337
17 32961 54338
17 32961 54339
17 32961 54340
17 32961 54341
17 32961 54342
17 32961 54343
17 32961 54344
17 32961 54345
17 32961 54346
17 32961 54347
17 32961 54348
17 32961 54349
17 32961 54350
17 32961 54351
17 32961 54352
17 32961 54353
17 32961 54354
17 32961 54355
17 32961 54356
17 32961 54357
17 32961 54358
17 32961 54359
17 32961 54360
17 32961 54361
17 32961 54362
17 32961 54363
17 32961 54364
17 32961 54365
17 32961 54366
17 32961 54367
17 32961 54368
18 65922 108479
3 2 3
4 4 6
4 4 6
5 8 13
5 8 13
6 16 26
6 16 26
7 32 52
7 32 52
7 32 53
7 32 53
8 64 105
8 64 105
8 64 106
8 64 106
