12 1217 1531
12 1217 1531
13 2434 3062
13 2434 3062
13 2434 3063
13 2434 3063
14 4867 6125
14 4867 6126
14 4867 6127
15 9726 12250
15 9726 12251
15 9726 12252
15 9726 12253
15 9726 12254
15 9726 12255
15 9726 12256
15 9726 12257
15 9726 12258
15 9726 12259
15 9726 12260
15 9726 12261
15 9726 12262
15 9726 12263
15 9726 12264
15 9726 12265
15 9726 12266
15 9726 12267
15 9726 12268
15 9726 12269
15 9726 12270
15 9726 12271
16 19453 24501
16 19453 24502
16 19453 24503
16 19453 24504
16 19453 24505
16 19453 24506
16 19453 24507
16 19453 24508
16 19453 24509
16 19453 24510
16 19453 24511
16 19453 24512
16 19453 24513
16 19453 24514
16 19453 24515
16 19453 24516
16 19453 24517
16 19453 24518
16 19453 24519
16 19453 24520
16 19453 24521
16 19453 24522
16 19453 24523
16 19453 24524
16 19453 24525
16 19453 24526
16 19453 24527
16 19453 24528
16 19453 24529
16 19453 24530
16 19453 24531
16 19453 24532
16 19453 24533
16 19453 24534
16 19453 24535
16 19453 24536
16 19453 24537
16 19453 24538
16 19453 24539
16 19453 24540
16 19453 24541
16 19453 24542
17 38906 49002
18 77812 98005
3 2 2
4 4 5
4 4 5
5 9 11
5 9 11
6 18 23
6 18 23
6 19 23
6 19 23
7 37 47
7 37 47
7 38 47
7 38 47
8 75 95
8 75 95
8 76 95
8 76 95
