10 283 430
12 1133 1723
12 1133 1723
12 1135 1723
12 1135 1723
13 2267 3444
13 2267 3444
13 2267 3446
13 2267 3446
13 2268 3444
13 2268 3444
13 2269 3446
13 2269 3446
13 2270 3444
13 2270 3444
13 2270 3446
13 2270 3446
14 4535 6888
14 4535 6889
14 4535 6892
14 4536 6888
14 4536 6889
14 4538 6892
14 4540 6891
15 9070 13777
15 9070 13778
15 9070 13779
15 9070 13780
15 9070 13781
15 9070 13782
15 9070 13783
15 9070 13784
15 9070 13785
15 9071 13779
15 9071 13785
15 9072 13777
15 9072 13778
15 9073 13778
15 9073 13779
15 9075 13784
15 9076 13784
16 18141 27554
16 18141 27555
16 18141 27556
16 18141 27557
16 18141 27558
16 18141 27559
16 18141 27560
16 18141 27561
16 18141 27562
16 18141 27563
16 18141 27564
16 18141 27565
16 18141 27566
16 18141 27567
16 18141 27568
16 18141 27569
16 18141 27570
16 18142 27558
16 18142 27559
16 18143 27570
16 18145 27555
16 18145 27557
16 18146 27558
16 18147 27556
16 18150 27568
16 18151 27568
16 18152 27569
17 36283 55109
17 36283 55110
17 36283 55111
17 36283 55112
17 36283 55113
17 36283 55114
17 36283 55115
17 36283 55116
17 36283 55117
17 36283 55118
17 36283 55119
17 36283 55120
17 36283 55121
17 36283 55122
17 36283 55123
17 36283 55124
17 36283 55125
17 36283 55126
17 36283 55127
17 36283 55128
17 36283 55129
17 36283 55130
17 36283 55131
17 36283 55132
17 36283 55133
17 36283 55134
17 36283 55135
17 36283 55136
17 36283 55137
17 36283 55138
17 36283 55139
17 36283 55140
17 36283 55141
18 72566 110219
3 2 3
4 4 6
4 4 6
5 8 13
5 8 13
6 17 26
6 17 26
7 35 53
7 35 53
8 70 107
8 70 107
9 141 215
9 141 215
