10 238 425
11 477 851
11 477 851
12 954 1703
12 954 1703
12 954 1704
12 954 1704
12 954 1705
12 954 1705
12 954 1708
12 954 1708
12 954 1709
12 954 1709
12 955 1703
12 955 1703
12 955 1704
12 955 1704
12 955 1705
12 955 1705
12 955 1709
12 955 1709
12 956 1703
12 956 1703
12 956 1704
12 956 1704
12 956 1705
12 956 1705
12 956 1709
12 956 1709
12 957 1703
12 957 1703
12 957 1704
12 957 1704
12 957 1708
12 957 1708
12 957 1709
12 957 1709
12 958 1703
12 958 1703
12 958 1708
12 958 1708
12 958 1709
12 958 1709
12 959 1703
12 959 1703
12 959 1707
12 959 1707
12 959 1708
12 959 1708
12 959 1709
12 959 1709
12 960 1707
12 960 1707
12 960 1708
12 960 1708
12 960 1709
12 960 1709
12 961 1703
12 961 1703
12 961 1706
12 961 1706
12 961 1707
12 961 1707
12 961 1708
12 961 1708
12 961 1709
12 961 1709
13 1909 3407
13 1909 3407
13 1909 3408
13 1909 3408
13 1909 3409
13 1909 3409
13 1909 3410
13 1909 3410
13 1909 3411
13 1909 3411
13 1909 3412
13 1909 3412
13 1909 3416
13 1909 3416
13 1909 3417
13 1909 3417
13 1909 3418
13 1909 3418
13 1910 3407
13 1910 3407
13 1910 3408
13 1910 3408
13 1910 3409
13 1910 3409
13 1910 3410
13 1910 3410
13 1910 3411
13 1910 3411
13 1910 3412
13 1910 3412
13 1910 3418
13 1910 3418
13 1911 3407
13 1911 3407
13 1911 3408
13 1911 3408
13 1911 3409
13 1911 3409
13 1911 3410
13 1911 3410
13 1911 3411
13 1911 3411
13 1911 3418
13 1911 3418
13 1912 3407
13 1912 3407
13 1912 3408
13 1912 3408
13 1912 3409
13 1912 3409
13 1912 3410
13 1912 3410
13 1912 3411
13 1912 3411
13 1912 3417
13 1912 3417
13 1912 3418
13 1912 3418
13 1913 3407
13 1913 3407
13 1913 3408
13 1913 3408
13 1913 3409
13 1913 3409
13 1913 3410
13 1913 3410
13 1913 3411
13 1913 3411
13 1913 3417
13 1913 3417
13 1913 3418
13 1913 3418
13 1914 3407
13 1914 3407
13 1914 3408
13 1914 3408
13 1914 3409
13 1914 3409
13 1914 3410
13 1914 3410
13 1914 3411
13 1914 3411
13 1914 3416
13 1914 3416
13 1914 3417
13 1914 3417
13 1914 3418
13 1914 3418
13 1915 3407
13 1915 3407
13 1915 3408
13 1915 3408
13 1915 3409
13 1915 3409
13 1915 3416
13 1915 3416
13 1915 3417
13 1915 3417
13 1915 3418
13 1915 3418
13 1916 3407
13 1916 3407
13 1916 3408
13 1916 3408
13 1916 3409
13 1916 3409
13 1916 3415
13 1916 3415
13 1916 3416
13 1916 3416
13 1916 3417
13 1916 3417
13 1916 3418
13 1916 3418
13 1917 3407
13 1917 3407
13 1917 3408
13 1917 3408
13 1917 3415
13 1917 3415
13 1917 3416
13 1917 3416
13 1917 3417
13 1917 3417
13 1917 3418
13 1917 3418
13 1918 3407
13 1918 3407
13 1918 3408
13 1918 3408
13 1918 3414
13 1918 3414
13 1918 3415
13 1918 3415
13 1918 3416
13 1918 3416
13 1918 3417
13 1918 3417
13 1918 3418
13 1918 3418
13 1919 3407
13 1919 3407
13 1919 3414
13 1919 3414
13 1919 3415
13 1919 3415
13 1919 3416
13 1919 3416
13 1919 3417
13 1919 3417
13 1919 3418
13 1919 3418
13 1920 3407
13 1920 3407
13 1920 3413
13 1920 3413
13 1920 3414
13 1920 3414
13 1920 3415
13 1920 3415
13 1920 3416
13 1920 3416
13 1920 3417
13 1920 3417
13 1920 3418
13 1920 3418
13 1921 3412
13 1921 3412
13 1921 3413
13 1921 3413
13 1921 3414
13 1921 3414
13 1921 3415
13 1921 3415
13 1921 3416
13 1921 3416
13 1921 3417
13 1921 3417
13 1921 3418
13 1921 3418
13 1922 3407
13 1922 3407
13 1922 3412
13 1922 3412
13 1922 3413
13 1922 3413
13 1922 3414
13 1922 3414
13 1922 3415
13 1922 3415
13 1922 3416
13 1922 3416
13 1922 3417
13 1922 3417
13 1922 3418
13 1922 3418
13 1923 3407
13 1923 3407
13 1923 3408
13 1923 3408
13 1923 3409
13 1923 3409
13 1923 3411
13 1923 3411
13 1923 3412
13 1923 3412
13 1923 3413
13 1923 3413
13 1923 3414
13 1923 3414
13 1923 3415
13 1923 3415
13 1923 3416
13 1923 3416
13 1923 3417
13 1923 3417
13 1923 3418
13 1923 3418
14 3818 6815
14 3818 6816
14 3818 6817
14 3818 6818
14 3818 6819
14 3818 6820
14 3818 6821
14 3818 6822
14 3818 6823
14 3818 6824
14 3818 6825
14 3818 6826
14 3818 6827
14 3818 6829
14 3818 6830
14 3818 6831
14 3818 6832
14 3818 6833
14 3818 6834
14 3818 6835
14 3818 6836
14 3835 6828
15 7636 13630
15 7636 13631
15 7636 13632
15 7636 13633
15 7636 13634
15 7636 13635
15 7636 13636
15 7636 13637
15 7636 13638
15 7636 13639
15 7636 13640
15 7636 13641
15 7636 13642
15 7636 13643
15 7636 13644
15 7636 13645
15 7636 13646
15 7636 13647
15 7636 13648
15 7636 13649
15 7636 13650
15 7636 13651
15 7636 13652
15 7636 13653
15 7636 13654
15 7636 13655
15 7636 13656
15 7636 13657
15 7636 13658
15 7636 13659
15 7636 13660
15 7636 13661
15 7636 13662
15 7636 13663
15 7636 13664
15 7636 13665
15 7636 13666
15 7636 13667
15 7636 13668
15 7636 13669
15 7636 13670
15 7636 13671
15 7636 13672
15 7636 13673
16 15273 27261
16 15273 27262
16 15273 27263
16 15273 27264
16 15273 27265
16 15273 27266
16 15273 27267
16 15273 27268
16 15273 27269
16 15273 27270
16 15273 27271
16 15273 27272
16 15273 27273
16 15273 27274
16 15273 27275
16 15273 27276
16 15273 27277
16 15273 27278
16 15273 27279
16 15273 27280
16 15273 27281
16 15273 27282
16 15273 27283
16 15273 27284
16 15273 27285
16 15273 27286
16 15273 27287
16 15273 27288
16 15273 27289
16 15273 27290
16 15273 27291
16 15273 27292
16 15273 27293
16 15273 27294
16 15273 27295
16 15273 27296
16 15273 27297
16 15273 27298
16 15273 27299
16 15273 27300
16 15273 27301
16 15273 27302
16 15273 27303
16 15273 27304
16 15273 27305
16 15273 27306
16 15273 27307
16 15273 27308
16 15273 27309
16 15273 27310
16 15273 27311
16 15273 27312
16 15273 27313
16 15273 27314
16 15273 27315
16 15273 27316
16 15273 27317
16 15273 27318
16 15273 27319
16 15273 27320
16 15273 27321
16 15273 27322
16 15273 27323
16 15273 27324
16 15273 27325
16 15273 27326
16 15273 27327
16 15273 27328
16 15273 27329
16 15273 27330
16 15273 27331
16 15273 27332
16 15273 27333
16 15273 27334
16 15273 27335
16 15273 27336
16 15273 27337
16 15273 27338
16 15273 27339
16 15273 27340
16 15273 27341
16 15273 27342
16 15273 27343
16 15273 27344
16 15273 27345
16 15273 27346
16 15273 27347
17 30547 54522
17 30547 54523
17 30547 54524
17 30547 54525
17 30547 54526
17 30547 54527
17 30547 54528
17 30547 54529
17 30547 54530
17 30547 54531
17 30547 54532
17 30547 54533
17 30547 54534
17 30547 54535
17 30547 54536
17 30547 54537
17 30547 54538
17 30547 54539
17 30547 54540
17 30547 54541
17 30547 54542
17 30547 54543
17 30547 54544
17 30547 54545
17 30547 54546
17 30547 54547
17 30547 54548
17 30547 54549
17 30547 54550
17 30547 54551
17 30547 54552
17 30547 54553
17 30547 54554
17 30547 54555
17 30547 54556
17 30547 54557
17 30547 54558
17 30547 54559
17 30547 54560
17 30547 54561
17 30547 54562
17 30547 54563
17 30547 54564
17 30547 54565
17 30547 54566
17 30547 54567
17 30547 54568
17 30547 54569
17 30547 54570
17 30547 54571
17 30547 54572
17 30547 54573
17 30547 54574
17 30547 54575
17 30547 54576
17 30547 54577
17 30547 54578
17 30547 54579
17 30547 54580
17 30547 54581
17 30547 54582
17 30547 54583
17 30547 54584
17 30547 54585
17 30547 54586
17 30547 54587
17 30547 54588
17 30547 54589
17 30547 54590
17 30547 54591
17 30547 54592
17 30547 54593
17 30547 54594
17 30547 54595
17 30547 54596
17 30547 54597
17 30547 54598
17 30547 54599
17 30547 54600
17 30547 54601
17 30547 54602
17 30547 54603
17 30547 54604
17 30547 54605
17 30547 54606
17 30547 54607
17 30547 54608
17 30547 54609
17 30547 54610
17 30547 54611
17 30547 54612
17 30547 54613
17 30547 54614
17 30547 54615
17 30547 54616
17 30547 54617
17 30547 54618
17 30547 54619
17 30547 54620
17 30547 54621
17 30547 54622
17 30547 54623
17 30547 54624
17 30547 54625
17 30547 54626
17 30547 54627
17 30547 54628
17 30547 54629
17 30547 54630
17 30547 54631
17 30547 54632
17 30547 54633
17 30547 54634
17 30547 54635
17 30547 54636
17 30547 54637
17 30547 54638
17 30547 54639
17 30547 54640
17 30547 54641
17 30547 54642
17 30547 54643
17 30547 54644
17 30547 54645
17 30547 54646
17 30547 54647
17 30547 54648
17 30547 54649
17 30547 54650
17 30547 54651
17 30547 54652
17 30547 54653
17 30547 54654
17 30547 54655
17 30547 54656
17 30547 54657
17 30547 54658
17 30547 54659
17 30547 54660
17 30547 54661
17 30547 54662
17 30547 54663
17 30547 54664
17 30547 54665
17 30547 54666
17 30547 54667
17 30547 54668
17 30547 54669
17 30547 54670
17 30547 54671
17 30547 54672
17 30547 54673
17 30547 54674
17 30547 54675
17 30547 54676
17 30547 54677
17 30547 54678
17 30547 54679
17 30547 54680
17 30547 54681
17 30547 54682
17 30547 54683
17 30547 54684
17 30547 54685
17 30547 54686
17 30547 54687
17 30547 54688
17 30547 54689
17 30547 54690
17 30547 54691
17 30547 54692
17 30547 54693
17 30547 54694
18 61094 109045
3 1 3
4 3 6
4 3 6
5 7 13
5 7 13
6 14 26
6 14 26
6 15 26
6 15 26
7 29 53
7 29 53
7 30 53
7 30 53
8 59 106
8 59 106
8 60 106
8 60 106
9 119 212
9 119 212
