10 282 436
10 282 438
11 565 873
11 565 874
11 565 876
12 1131 1746
12 1131 1746
12 1131 1747
12 1131 1747
12 1131 1748
12 1131 1748
12 1131 1749
12 1131 1749
12 1131 1750
12 1131 1750
12 1131 1752
12 1131 1752
12 1131 1753
12 1131 1753
12 1132 1746
12 1132 1746
12 1132 1747
12 1132 1747
12 1132 1748
12 1132 1748
12 1132 1753
12 1132 1753
12 1133 1746
12 1133 1746
12 1133 1753
12 1133 1753
12 1135 1746
12 1135 1746
12 1136 1746
12 1136 1746
12 1136 1752
12 1136 1752
12 1136 1753
12 1136 1753
12 1137 1746
12 1137 1746
12 1137 1747
12 1137 1747
12 1137 1750
12 1137 1750
12 1137 1751
12 1137 1751
12 1137 1752
12 1137 1752
12 1137 1753
12 1137 1753
13 2263 3493
13 2263 3493
13 2263 3494
13 2263 3494
13 2263 3495
13 2263 3495
13 2263 3496
13 2263 3496
13 2263 3497
13 2263 3497
13 2263 3498
13 2263 3498
13 2263 3499
13 2263 3499
13 2263 3500
13 2263 3500
13 2263 3501
13 2263 3501
13 2263 3503
13 2263 3503
13 2263 3504
13 2263 3504
13 2263 3505
13 2263 3505
13 2263 3506
13 2263 3506
13 2264 3493
13 2264 3493
13 2264 3494
13 2264 3494
13 2264 3495
13 2264 3495
13 2264 3496
13 2264 3496
13 2264 3497
13 2264 3497
13 2264 3498
13 2264 3498
13 2264 3499
13 2264 3499
13 2264 3504
13 2264 3504
13 2264 3505
13 2264 3505
13 2264 3506
13 2264 3506
13 2265 3493
13 2265 3493
13 2265 3494
13 2265 3494
13 2265 3495
13 2265 3495
13 2265 3496
13 2265 3496
13 2265 3497
13 2265 3497
13 2265 3505
13 2265 3505
13 2265 3506
13 2265 3506
13 2266 3493
13 2266 3493
13 2266 3494
13 2266 3494
13 2266 3495
13 2266 3495
13 2266 3505
13 2266 3505
13 2266 3506
13 2266 3506
13 2267 3493
13 2267 3493
13 2267 3494
13 2267 3494
13 2267 3506
13 2267 3506
13 2268 3506
13 2268 3506
13 2270 3493
13 2270 3493
13 2271 3493
13 2271 3493
13 2271 3505
13 2271 3505
13 2271 3506
13 2271 3506
13 2272 3493
13 2272 3493
13 2272 3494
13 2272 3494
13 2272 3504
13 2272 3504
13 2272 3505
13 2272 3505
13 2272 3506
13 2272 3506
13 2273 3493
13 2273 3493
13 2273 3494
13 2273 3494
13 2273 3495
13 2273 3495
13 2273 3502
13 2273 3502
13 2273 3503
13 2273 3503
13 2273 3504
13 2273 3504
13 2273 3505
13 2273 3505
13 2273 3506
13 2273 3506
13 2274 3493
13 2274 3493
13 2274 3494
13 2274 3494
13 2274 3495
13 2274 3495
13 2274 3500
13 2274 3500
13 2274 3501
13 2274 3501
13 2274 3502
13 2274 3502
13 2274 3503
13 2274 3503
13 2274 3504
13 2274 3504
13 2274 3505
13 2274 3505
13 2274 3506
13 2274 3506
13 2275 3493
13 2275 3493
13 2275 3494
13 2275 3494
13 2275 3495
13 2275 3495
13 2275 3496
13 2275 3496
13 2275 3498
13 2275 3498
13 2275 3499
13 2275 3499
13 2275 3500
13 2275 3500
13 2275 3501
13 2275 3501
13 2275 3502
13 2275 3502
13 2275 3503
13 2275 3503
13 2275 3504
13 2275 3504
13 2275 3505
13 2275 3505
13 2275 3506
13 2275 3506
14 4526 6986
14 4526 6987
14 4526 6988
14 4526 6989
14 4526 6990
14 4526 6991
14 4526 6992
14 4526 6993
14 4526 6994
14 4526 6995
14 4526 6996
14 4526 6997
14 4526 6998
14 4526 6999
14 4526 7000
14 4526 7001
14 4526 7002
14 4526 7003
14 4526 7004
14 4526 7005
14 4526 7006
14 4526 7007
14 4526 7008
14 4526 7009
14 4526 7010
14 4526 7011
14 4526 7012
14 4526 7013
14 4527 6996
14 4527 7012
14 4528 6986
14 4528 6992
14 4528 6994
14 4528 7007
14 4529 6988
14 4529 6989
14 4529 6992
14 4529 6993
14 4530 6987
14 4530 6988
14 4530 6990
14 4530 6992
14 4530 6993
14 4530 6996
14 4530 7008
14 4530 7010
14 4530 7012
14 4531 7009
14 4532 6987
14 4532 6993
14 4533 6987
14 4533 6988
14 4534 6987
14 4535 6987
14 4535 6988
14 4540 6987
15 9053 13973
15 9053 13974
15 9053 13975
15 9053 13976
15 9053 13977
15 9053 13978
15 9053 13979
15 9053 13980
15 9053 13981
15 9053 13982
15 9053 13983
15 9053 13984
15 9053 13985
15 9053 13986
15 9053 13987
15 9053 13988
15 9053 13989
15 9053 13990
15 9053 13991
15 9053 13992
15 9053 13993
15 9053 13994
15 9053 13995
15 9053 13996
15 9053 13997
15 9053 13998
15 9053 13999
15 9053 14000
15 9053 14001
15 9053 14002
15 9053 14003
15 9053 14004
15 9053 14005
15 9053 14006
15 9053 14007
15 9053 14008
15 9053 14009
15 9053 14010
15 9053 14011
15 9053 14012
15 9053 14013
15 9053 14014
15 9053 14015
15 9053 14016
15 9053 14017
15 9053 14018
15 9053 14019
15 9053 14020
15 9053 14021
15 9053 14022
15 9053 14023
15 9053 14024
15 9053 14025
15 9053 14026
15 9053 14027
15 9054 13993
15 9055 14024
15 9056 13973
15 9057 13985
15 9057 13988
15 9057 14014
15 9058 13985
15 9058 13986
15 9058 13987
15 9059 13977
15 9059 13979
15 9060 13975
15 9060 13976
15 9060 13984
15 9060 13986
15 9060 13993
15 9060 14020
15 9061 13980
15 9061 14017
15 9061 14020
15 9061 14025
15 9063 14017
15 9063 14018
15 9064 13987
15 9065 13975
15 9066 13976
15 9066 14018
15 9067 13975
15 9069 13974
15 9070 13974
15 9070 13977
15 9070 14021
15 9071 13974
15 9072 13978
15 9080 13974
16 18106 27947
16 18106 27948
16 18106 27949
16 18106 27950
16 18106 27951
16 18106 27952
16 18106 27953
16 18106 27954
16 18106 27955
16 18106 27956
16 18106 27957
16 18106 27958
16 18106 27959
16 18106 27960
16 18106 27961
16 18106 27962
16 18106 27963
16 18106 27964
16 18106 27965
16 18106 27966
16 18106 27967
16 18106 27968
16 18106 27969
16 18106 27970
16 18106 27971
16 18106 27972
16 18106 27973
16 18106 27974
16 18106 27975
16 18106 27976
16 18106 27977
16 18106 27978
16 18106 27979
16 18106 27980
16 18106 27981
16 18106 27982
16 18106 27983
16 18106 27984
16 18106 27985
16 18106 27986
16 18106 27987
16 18106 27988
16 18106 27989
16 18106 27990
16 18106 27991
16 18106 27992
16 18106 27993
16 18106 27994
16 18106 27995
16 18106 27996
16 18106 27997
16 18106 27998
16 18106 27999
16 18106 28000
16 18106 28001
16 18106 28002
16 18106 28003
16 18106 28004
16 18106 28005
16 18106 28006
16 18106 28007
16 18106 28008
16 18106 28009
16 18106 28010
16 18106 28011
16 18106 28012
16 18106 28013
16 18106 28014
16 18106 28015
16 18106 28016
16 18106 28017
16 18106 28018
16 18106 28019
16 18106 28020
16 18106 28021
16 18106 28022
16 18106 28023
16 18106 28024
16 18106 28025
16 18106 28026
16 18106 28027
16 18106 28028
16 18106 28029
16 18106 28030
16 18106 28031
16 18106 28032
16 18106 28033
16 18106 28034
16 18106 28035
16 18106 28036
16 18106 28037
16 18106 28038
16 18106 28039
16 18106 28040
16 18106 28041
16 18106 28042
16 18106 28043
16 18106 28044
16 18106 28045
16 18106 28046
16 18106 28047
16 18106 28048
16 18106 28049
16 18106 28050
16 18106 28051
16 18106 28052
16 18106 28053
16 18106 28054
16 18108 27986
16 18110 28048
16 18113 27947
16 18114 27971
16 18114 27976
16 18115 28029
16 18116 27970
16 18116 27975
16 18117 27973
16 18117 27975
16 18119 27955
16 18119 27959
16 18120 27969
16 18120 27987
16 18120 28041
16 18121 27950
16 18121 27952
16 18121 27973
16 18122 27960
16 18122 28050
16 18123 28035
16 18123 28040
16 18127 28035
16 18127 28037
16 18128 27975
16 18131 27951
16 18132 28037
16 18133 27953
16 18134 27951
16 18135 27951
16 18139 27948
16 18140 27954
16 18141 27948
16 18141 28043
16 18143 27948
16 18144 27956
16 18145 27957
16 18161 27948
17 36213 55894
18 72427 111788
3 2 3
4 4 6
4 4 6
5 8 13
5 8 13
6 17 27
6 17 27
7 35 54
7 35 54
8 70 109
8 70 109
8 71 109
8 71 109
9 142 219
9 142 219
