10 294 398
11 588 797
12 1176 1595
12 1177 1595
13 2352 3191
13 2352 3192
13 2352 3193
13 2352 3194
13 2352 3195
13 2352 3196
13 2353 3191
13 2354 3191
13 2355 3191
14 4705 6383
14 4705 6384
14 4705 6385
14 4705 6386
14 4705 6387
14 4705 6388
14 4705 6389
14 4705 6390
14 4705 6391
14 4705 6392
14 4706 6383
14 4710 6383
14 4711 6384
14 4711 6385
14 4711 6386
15 9411 12767
15 9411 12768
15 9411 12769
15 9411 12770
15 9411 12771
15 9411 12772
15 9411 12773
15 9411 12774
15 9411 12775
15 9411 12776
15 9411 12777
15 9411 12778
15 9411 12779
15 9411 12780
15 9411 12781
15 9411 12782
15 9411 12783
15 9411 12784
15 9411 12785
15 9412 12785
15 9413 12767
15 9421 12767
15 9422 12769
15 9422 12771
15 9422 12772
16 18823 25535
16 18823 25536
16 18823 25537
16 18823 25538
16 18823 25539
16 18823 25540
16 18823 25541
16 18823 25542
16 18823 25543
16 18823 25544
16 18823 25545
16 18823 25546
16 18823 25547
16 18823 25548
16 18823 25549
16 18823 25550
16 18823 25551
16 18823 25552
16 18823 25553
16 18823 25554
16 18823 25555
16 18823 25556
16 18823 25557
16 18823 25558
16 18823 25559
16 18823 25560
16 18823 25561
16 18823 25562
16 18823 25563
16 18823 25564
16 18823 25565
16 18823 25566
16 18823 25567
16 18823 25568
16 18823 25569
16 18823 25570
16 18824 25562
16 18824 25568
16 18824 25570
16 18825 25542
16 18825 25557
16 18825 25559
16 18825 25562
16 18825 25563
16 18825 25564
16 18825 25565
16 18825 25566
16 18825 25567
16 18826 25535
16 18826 25539
16 18826 25540
16 18826 25549
16 18826 25553
16 18827 25552
16 18827 25557
16 18827 25566
16 18828 25539
16 18828 25554
16 18828 25556
16 18828 25557
16 18828 25560
16 18828 25565
16 18828 25566
16 18828 25567
16 18828 25568
16 18828 25569
16 18829 25540
16 18829 25555
16 18829 25556
16 18829 25566
16 18829 25568
16 18829 25569
16 18830 25546
16 18830 25547
16 18830 25556
16 18830 25557
16 18830 25563
16 18830 25565
16 18831 25538
16 18831 25545
16 18831 25549
16 18831 25550
16 18831 25551
16 18831 25554
16 18831 25560
16 18831 25568
16 18832 25539
16 18832 25543
16 18832 25545
16 18832 25546
16 18832 25547
16 18832 25550
16 18832 25553
16 18832 25565
16 18832 25567
16 18832 25568
16 18833 25537
16 18833 25547
16 18833 25551
16 18833 25557
16 18834 25540
16 18834 25559
16 18834 25560
16 18834 25564
16 18834 25566
16 18835 25541
16 18835 25542
16 18835 25545
16 18835 25547
16 18835 25557
16 18835 25559
16 18835 25561
16 18836 25538
16 18836 25540
16 18836 25541
16 18836 25544
16 18836 25545
16 18836 25555
16 18836 25560
16 18837 25541
16 18837 25546
16 18837 25567
16 18838 25537
16 18838 25542
16 18838 25544
16 18839 25540
16 18839 25542
16 18839 25546
16 18839 25549
16 18839 25550
16 18839 25553
16 18840 25537
16 18840 25538
16 18841 25539
16 18841 25542
16 18841 25545
16 18841 25548
16 18841 25552
16 18841 25565
16 18842 25535
16 18842 25538
16 18842 25542
16 18842 25554
16 18842 25565
16 18842 25569
16 18843 25536
16 18843 25540
16 18843 25546
16 18843 25564
16 18844 25539
16 18844 25542
16 18844 25544
17 37646 51070
17 37646 51071
17 37646 51072
17 37646 51073
17 37646 51074
17 37646 51075
17 37646 51076
17 37646 51077
17 37646 51078
17 37646 51079
17 37646 51080
17 37646 51081
17 37646 51082
17 37646 51083
17 37646 51084
17 37646 51085
17 37646 51086
17 37646 51087
17 37646 51088
17 37646 51089
17 37646 51090
17 37646 51091
17 37646 51092
17 37646 51093
17 37646 51094
17 37646 51095
17 37646 51096
17 37646 51097
17 37646 51098
17 37646 51099
17 37646 51100
17 37646 51101
17 37646 51102
17 37646 51103
17 37646 51104
17 37646 51105
17 37646 51106
17 37646 51107
17 37646 51108
17 37646 51109
17 37646 51110
17 37646 51111
17 37646 51112
17 37646 51113
17 37646 51114
17 37646 51115
17 37646 51116
17 37646 51117
17 37646 51118
17 37646 51119
17 37646 51120
17 37646 51121
17 37646 51122
17 37646 51123
17 37646 51124
17 37646 51125
17 37646 51126
17 37646 51127
17 37646 51128
17 37646 51129
17 37646 51130
17 37646 51131
17 37646 51132
17 37646 51133
17 37646 51134
17 37646 51135
17 37646 51136
17 37646 51137
17 37646 51138
17 37646 51139
17 37646 51140
17 37647 51140
17 37648 51124
17 37648 51137
17 37648 51140
17 37649 51137
17 37650 51084
17 37650 51124
17 37650 51126
17 37650 51132
17 37650 51135
17 37651 51114
17 37651 51119
17 37651 51126
17 37651 51128
17 37651 51131
17 37651 51132
17 37652 51078
17 37652 51079
17 37652 51098
17 37653 51071
17 37653 51080
17 37653 51107
17 37654 51114
17 37655 51104
17 37655 51133
17 37656 51079
17 37656 51108
17 37656 51112
17 37656 51114
17 37656 51120
17 37656 51130
17 37656 51131
17 37656 51133
17 37656 51135
17 37656 51136
17 37657 51120
17 37657 51138
17 37658 51080
17 37658 51110
17 37658 51132
17 37658 51139
17 37659 51112
17 37659 51137
17 37660 51093
17 37660 51095
17 37660 51113
17 37660 51115
17 37660 51126
17 37660 51131
17 37661 51113
17 37661 51131
17 37662 51101
17 37662 51120
17 37663 51076
17 37663 51090
17 37663 51099
17 37663 51100
17 37663 51103
17 37663 51109
17 37663 51136
17 37664 51095
17 37664 51100
17 37664 51106
17 37664 51136
17 37665 51079
17 37665 51086
17 37665 51090
17 37665 51092
17 37665 51130
17 37665 51134
17 37666 51075
17 37666 51103
17 37666 51115
17 37667 51094
17 37668 51119
17 37668 51132
17 37669 51081
17 37669 51120
17 37669 51128
17 37670 51083
17 37670 51094
17 37670 51114
17 37670 51119
17 37671 51085
17 37671 51090
17 37671 51123
17 37672 51080
17 37672 51090
17 37672 51121
17 37673 51076
17 37673 51082
17 37673 51088
17 37673 51110
17 37674 51082
17 37674 51134
17 37675 51092
17 37676 51075
17 37676 51084
17 37677 51088
17 37678 51085
17 37678 51100
17 37679 51080
17 37679 51093
17 37679 51098
17 37679 51106
17 37680 51074
17 37680 51077
17 37682 51085
17 37682 51091
17 37682 51097
17 37682 51104
17 37683 51078
17 37683 51130
17 37684 51071
17 37684 51077
17 37684 51084
17 37684 51108
17 37684 51138
17 37685 51131
17 37686 51072
17 37686 51129
17 37687 51080
17 37687 51092
17 37688 51079
17 37688 51085
17 37688 51089
18 75293 102141
18 75293 102142
18 75293 102143
18 75293 102144
18 75293 102145
18 75293 102146
18 75293 102147
18 75293 102148
18 75293 102149
18 75293 102150
18 75293 102151
18 75293 102152
18 75293 102153
18 75293 102154
18 75293 102155
18 75293 102156
18 75293 102157
18 75293 102158
18 75293 102159
18 75293 102160
18 75293 102161
18 75293 102162
18 75293 102163
18 75293 102164
18 75293 102165
18 75293 102166
18 75293 102167
18 75293 102168
18 75293 102169
18 75293 102170
18 75293 102171
18 75293 102172
18 75293 102173
18 75293 102174
18 75293 102175
18 75293 102176
18 75293 102177
18 75293 102178
18 75293 102179
18 75293 102180
18 75293 102181
18 75293 102182
18 75293 102183
18 75293 102184
18 75293 102185
18 75293 102186
18 75293 102187
18 75293 102188
18 75293 102189
18 75293 102190
18 75293 102191
18 75293 102192
18 75293 102193
18 75293 102194
18 75293 102195
18 75293 102196
18 75293 102197
18 75293 102198
18 75293 102199
18 75293 102200
18 75293 102201
18 75293 102202
18 75293 102203
18 75293 102204
18 75293 102205
18 75293 102206
18 75293 102207
18 75293 102208
18 75293 102209
18 75293 102210
18 75293 102211
18 75293 102212
18 75293 102213
18 75293 102214
18 75293 102215
18 75293 102216
18 75293 102217
18 75293 102218
18 75293 102219
18 75293 102220
18 75293 102221
18 75293 102222
18 75293 102223
18 75293 102224
18 75293 102225
18 75293 102226
18 75293 102227
18 75293 102228
18 75293 102229
18 75293 102230
18 75293 102231
18 75293 102232
18 75293 102233
18 75293 102234
18 75293 102235
18 75293 102236
18 75293 102237
18 75293 102238
18 75293 102239
18 75293 102240
18 75293 102241
18 75293 102242
18 75293 102243
18 75293 102244
18 75293 102245
18 75293 102246
18 75293 102247
18 75293 102248
18 75293 102249
18 75293 102250
18 75293 102251
18 75293 102252
18 75293 102253
18 75293 102254
18 75293 102255
18 75293 102256
18 75293 102257
18 75293 102258
18 75293 102259
18 75293 102260
18 75293 102261
18 75293 102262
18 75293 102263
18 75293 102264
18 75293 102265
18 75293 102266
18 75293 102267
18 75293 102268
18 75293 102269
18 75293 102270
18 75293 102271
18 75293 102272
18 75293 102273
18 75293 102274
18 75293 102275
18 75293 102276
18 75293 102277
18 75293 102278
18 75293 102279
18 75293 102280
18 75293 102281
18 75305 102157
3 2 3
4 4 6
5 9 12
6 18 24
7 36 49
