12 1118 1694
12 1118 1696
12 1118 1697
12 1118 1698
12 1119 1698
12 1121 1694
12 1121 1695
12 1122 1694
12 1122 1695
12 1122 1696
12 1122 1697
12 1122 1698
13 2237 3389
13 2237 3389
13 2237 3389
13 2237 3392
13 2237 3393
13 2237 3394
13 2237 3395
13 2237 3396
13 2237 3397
13 2238 3389
13 2238 3393
13 2238 3394
13 2238 3395
13 2238 3396
13 2238 3397
13 2239 3395
13 2239 3396
13 2239 3397
13 2240 3396
13 2240 3397
13 2241 3389
13 2241 3390
13 2241 3397
13 2242 3389
13 2242 3390
13 2242 3391
13 2242 3397
13 2243 3389
13 2243 3390
13 2243 3391
13 2243 3392
13 2243 3393
13 2243 3396
13 2243 3397
13 2244 3389
13 2244 3390
13 2244 3391
13 2244 3392
13 2244 3393
13 2244 3394
13 2244 3395
13 2244 3396
13 2244 3397
4 4 6
5 8 13
6 17 26
7 34 52
7 34 53
7 35 52
7 35 53
8 69 105
8 69 106
8 70 105
8 70 106
