12 1204 1543
12 1204 1543
12 1204 1544
12 1204 1544
12 1204 1551
12 1204 1551
12 1205 1551
12 1205 1551
12 1206 1551
12 1206 1551
12 1207 1545
12 1207 1545
12 1207 1546
12 1207 1546
12 1207 1547
12 1207 1547
12 1207 1548
12 1207 1548
12 1207 1549
12 1207 1549
12 1207 1550
12 1207 1550
12 1207 1551
12 1207 1551
13 2408 3086
13 2408 3086
13 2408 3087
13 2408 3087
13 2408 3088
13 2408 3088
13 2408 3089
13 2408 3089
13 2408 3090
13 2408 3090
13 2408 3091
13 2408 3091
13 2408 3092
13 2408 3092
13 2408 3093
13 2408 3093
13 2408 3094
13 2408 3094
13 2408 3095
13 2408 3095
13 2408 3096
13 2408 3096
13 2408 3097
13 2408 3097
13 2408 3098
13 2408 3098
13 2408 3099
13 2408 3099
13 2408 3100
13 2408 3100
13 2408 3101
13 2408 3101
13 2408 3102
13 2408 3102
13 2409 3086
13 2409 3086
13 2409 3087
13 2409 3087
13 2409 3088
13 2409 3088
13 2409 3089
13 2409 3089
13 2409 3094
13 2409 3094
13 2409 3101
13 2409 3101
13 2409 3102
13 2409 3102
13 2410 3094
13 2410 3094
13 2410 3101
13 2410 3101
13 2410 3102
13 2410 3102
13 2411 3101
13 2411 3101
13 2411 3102
13 2411 3102
13 2412 3101
13 2412 3101
13 2412 3102
13 2412 3102
13 2413 3100
13 2413 3100
13 2413 3101
13 2413 3101
13 2413 3102
13 2413 3102
13 2414 3090
13 2414 3090
13 2414 3091
13 2414 3091
13 2414 3092
13 2414 3092
13 2414 3093
13 2414 3093
13 2414 3094
13 2414 3094
13 2414 3095
13 2414 3095
13 2414 3096
13 2414 3096
13 2414 3097
13 2414 3097
13 2414 3098
13 2414 3098
13 2414 3099
13 2414 3099
13 2414 3100
13 2414 3100
13 2414 3101
13 2414 3101
13 2414 3102
13 2414 3102
13 2415 3086
13 2415 3086
13 2415 3087
13 2415 3087
13 2415 3088
13 2415 3088
13 2415 3089
13 2415 3089
13 2415 3090
13 2415 3090
13 2415 3091
13 2415 3091
13 2415 3092
13 2415 3092
13 2415 3093
13 2415 3093
13 2415 3094
13 2415 3094
13 2415 3095
13 2415 3095
13 2415 3096
13 2415 3096
13 2415 3097
13 2415 3097
13 2415 3098
13 2415 3098
13 2415 3099
13 2415 3099
13 2415 3100
13 2415 3100
13 2415 3101
13 2415 3101
13 2415 3102
13 2415 3102
14 4817 6172
14 4817 6173
14 4817 6174
14 4817 6175
14 4817 6176
14 4817 6177
14 4817 6178
14 4817 6179
14 4817 6180
14 4817 6181
14 4817 6182
14 4817 6183
14 4817 6184
14 4817 6185
14 4817 6186
14 4817 6187
14 4817 6188
14 4817 6189
14 4817 6190
14 4817 6191
14 4817 6192
14 4817 6193
14 4817 6194
14 4817 6195
14 4817 6196
14 4817 6197
14 4817 6198
14 4817 6199
14 4817 6200
14 4817 6201
14 4817 6202
14 4817 6203
14 4817 6204
14 4817 6205
15 9634 12344
15 9634 12345
15 9634 12346
15 9634 12347
15 9634 12348
15 9634 12349
15 9634 12350
15 9634 12351
15 9634 12352
15 9634 12353
15 9634 12354
15 9634 12355
15 9634 12356
15 9634 12357
15 9634 12358
15 9634 12359
15 9634 12360
15 9634 12361
15 9634 12362
15 9634 12363
15 9634 12364
15 9634 12365
15 9634 12366
15 9634 12367
15 9634 12368
15 9634 12369
15 9634 12370
15 9634 12371
15 9634 12372
15 9634 12373
15 9634 12374
15 9634 12375
15 9634 12376
15 9634 12377
15 9634 12378
15 9634 12379
15 9634 12380
15 9634 12381
15 9634 12382
15 9634 12383
15 9634 12384
15 9634 12385
15 9634 12386
15 9634 12387
15 9634 12388
15 9634 12389
15 9634 12390
15 9634 12391
15 9634 12392
15 9634 12393
15 9634 12394
15 9634 12395
15 9634 12396
15 9634 12397
15 9634 12398
15 9634 12399
15 9634 12400
15 9634 12401
15 9634 12402
15 9634 12403
15 9634 12404
15 9634 12405
15 9634 12406
15 9634 12407
15 9634 12408
15 9634 12409
15 9634 12410
16 19269 24689
16 19269 24690
16 19269 24691
16 19269 24692
16 19269 24693
16 19269 24694
16 19269 24695
16 19269 24696
16 19269 24697
16 19269 24698
16 19269 24699
16 19269 24700
16 19269 24701
16 19269 24702
16 19269 24703
16 19269 24704
16 19269 24705
16 19269 24706
16 19269 24707
16 19269 24708
16 19269 24709
16 19269 24710
16 19269 24711
16 19269 24712
16 19269 24713
16 19269 24714
16 19269 24715
16 19269 24716
16 19269 24717
16 19269 24718
16 19269 24719
16 19269 24720
16 19269 24721
16 19269 24722
16 19269 24723
16 19269 24724
16 19269 24725
16 19269 24726
16 19269 24727
16 19269 24728
16 19269 24729
16 19269 24730
16 19269 24731
16 19269 24732
16 19269 24733
16 19269 24734
16 19269 24735
16 19269 24736
16 19269 24737
16 19269 24738
16 19269 24739
16 19269 24740
16 19269 24741
16 19269 24742
16 19269 24743
16 19269 24744
16 19269 24745
16 19269 24746
16 19269 24747
16 19269 24748
16 19269 24749
16 19269 24750
16 19269 24751
16 19269 24752
16 19269 24753
16 19269 24754
16 19269 24755
16 19269 24756
16 19269 24757
16 19269 24758
16 19269 24759
16 19269 24760
16 19269 24761
16 19269 24762
16 19269 24763
16 19269 24764
16 19269 24765
16 19269 24766
16 19269 24767
16 19269 24768
16 19269 24769
16 19269 24770
16 19269 24771
16 19269 24772
16 19269 24773
16 19269 24774
16 19269 24775
16 19269 24776
16 19269 24777
16 19269 24778
16 19269 24779
16 19269 24780
16 19269 24781
16 19269 24782
16 19269 24783
16 19269 24784
16 19269 24785
16 19269 24786
16 19269 24787
16 19269 24788
16 19269 24789
16 19269 24790
16 19269 24791
16 19269 24792
16 19269 24793
16 19269 24794
16 19269 24795
16 19269 24796
16 19269 24797
16 19269 24798
16 19269 24799
16 19269 24800
16 19269 24801
16 19269 24802
16 19269 24803
16 19269 24804
16 19269 24805
16 19269 24806
16 19269 24807
16 19269 24808
16 19269 24809
16 19269 24810
16 19269 24811
16 19269 24812
16 19269 24813
16 19269 24814
16 19269 24815
16 19269 24816
16 19269 24817
16 19269 24818
16 19269 24819
16 19269 24820
17 38539 49378
17 38539 49379
17 38539 49380
17 38539 49381
17 38539 49382
17 38539 49383
17 38539 49384
17 38539 49385
17 38539 49386
17 38539 49387
17 38539 49388
17 38539 49389
17 38539 49390
17 38539 49391
17 38539 49392
17 38539 49393
17 38539 49394
17 38539 49395
17 38539 49396
17 38539 49397
17 38539 49398
17 38539 49399
17 38539 49400
17 38539 49401
17 38539 49402
17 38539 49403
17 38539 49404
17 38539 49405
17 38539 49406
17 38539 49407
17 38539 49408
17 38539 49409
17 38539 49410
17 38539 49411
17 38539 49412
17 38539 49413
17 38539 49414
17 38539 49415
17 38539 49416
17 38539 49417
17 38539 49418
17 38539 49419
17 38539 49420
17 38539 49421
17 38539 49422
17 38539 49423
17 38539 49424
17 38539 49425
17 38539 49426
17 38539 49427
17 38539 49428
17 38539 49429
17 38539 49430
17 38539 49431
17 38539 49432
17 38539 49433
17 38539 49434
17 38539 49435
17 38539 49436
17 38539 49437
17 38539 49438
17 38539 49439
17 38539 49440
17 38539 49441
17 38539 49442
17 38539 49443
17 38539 49444
17 38539 49445
17 38539 49446
17 38539 49447
17 38539 49448
17 38539 49449
17 38539 49450
17 38539 49451
17 38539 49452
17 38539 49453
17 38539 49454
17 38539 49455
17 38539 49456
17 38539 49457
17 38539 49458
17 38539 49459
17 38539 49460
17 38539 49461
17 38539 49462
17 38539 49463
17 38539 49464
17 38539 49465
17 38539 49466
17 38539 49467
17 38539 49468
17 38539 49469
17 38539 49470
17 38539 49471
17 38539 49472
17 38539 49473
17 38539 49474
17 38539 49475
17 38539 49476
17 38539 49477
17 38539 49478
17 38539 49479
17 38539 49480
17 38539 49481
17 38539 49482
17 38539 49483
17 38539 49484
17 38539 49485
17 38539 49486
17 38539 49487
17 38539 49488
17 38539 49489
17 38539 49490
17 38539 49491
17 38539 49492
17 38539 49493
17 38539 49494
17 38539 49495
17 38539 49496
17 38539 49497
17 38539 49498
17 38539 49499
17 38539 49500
17 38539 49501
17 38539 49502
17 38539 49503
17 38539 49504
17 38539 49505
17 38539 49506
17 38539 49507
17 38539 49508
17 38539 49509
17 38539 49510
17 38539 49511
17 38539 49512
17 38539 49513
17 38539 49514
17 38539 49515
17 38539 49516
17 38539 49517
17 38539 49518
17 38539 49519
17 38539 49520
17 38539 49521
17 38539 49522
17 38539 49523
17 38539 49524
17 38539 49525
17 38539 49526
17 38539 49527
17 38539 49528
17 38539 49529
17 38539 49530
17 38539 49531
17 38539 49532
17 38539 49533
17 38539 49534
17 38539 49535
17 38539 49536
17 38539 49537
17 38539 49538
17 38539 49539
17 38539 49540
17 38539 49541
17 38539 49542
17 38539 49543
17 38539 49544
17 38539 49545
17 38539 49546
17 38539 49547
17 38539 49548
17 38539 49549
17 38539 49550
17 38539 49551
17 38539 49552
17 38539 49553
17 38539 49554
17 38539 49555
17 38539 49556
17 38539 49557
17 38539 49558
17 38539 49559
17 38539 49560
17 38539 49561
17 38539 49562
17 38539 49563
17 38539 49564
17 38539 49565
17 38539 49566
17 38539 49567
17 38539 49568
17 38539 49569
17 38539 49570
17 38539 49571
17 38539 49572
17 38539 49573
17 38539 49574
17 38539 49575
17 38539 49576
17 38539 49577
17 38539 49578
17 38539 49579
17 38539 49580
17 38539 49581
17 38539 49582
17 38539 49583
17 38539 49584
17 38539 49585
17 38539 49586
17 38539 49587
17 38539 49588
17 38539 49589
17 38539 49590
17 38539 49591
17 38539 49592
17 38539 49593
17 38539 49594
17 38539 49595
17 38539 49596
17 38539 49597
17 38539 49598
17 38539 49599
17 38539 49600
17 38539 49601
17 38539 49602
17 38539 49603
17 38539 49604
17 38539 49605
17 38539 49606
17 38539 49607
17 38539 49608
17 38539 49609
17 38539 49610
17 38539 49611
17 38539 49612
17 38539 49613
17 38539 49614
17 38539 49615
17 38539 49616
17 38539 49617
17 38539 49618
17 38539 49619
17 38539 49620
17 38539 49621
17 38539 49622
17 38539 49623
17 38539 49624
17 38539 49625
17 38539 49626
17 38539 49627
17 38539 49628
17 38539 49629
17 38539 49630
17 38539 49631
17 38539 49632
17 38539 49633
17 38539 49634
17 38539 49635
17 38539 49636
17 38539 49637
17 38539 49638
17 38539 49639
17 38539 49640
17 38539 49641
18 77078 98757
3 2 3
4 4 6
4 4 6
5 9 12
5 9 12
6 18 24
6 18 24
7 37 48
7 37 48
