12 1221 1530
12 1221 1530
12 1221 1533
12 1221 1533
12 1222 1530
12 1222 1530
12 1222 1533
12 1222 1533
12 1223 1530
12 1223 1530
12 1223 1533
12 1223 1533
13 2442 3061
13 2442 3061
13 2442 3066
13 2442 3066
13 2443 3061
13 2443 3061
13 2443 3066
13 2443 3066
13 2444 3061
13 2444 3061
13 2444 3066
13 2444 3066
13 2445 3061
13 2445 3061
13 2445 3066
13 2445 3066
13 2446 3061
13 2446 3061
13 2446 3066
13 2446 3066
13 2447 3061
13 2447 3061
13 2447 3066
13 2447 3066
14 4885 6123
14 4885 6132
14 4895 6124
14 4895 6125
14 4895 6126
14 4895 6127
14 4895 6128
14 4895 6129
14 4895 6130
14 4895 6131
15 9770 12247
15 9770 12248
15 9770 12264
15 9790 12249
15 9790 12250
15 9790 12251
15 9790 12252
15 9790 12253
15 9790 12254
15 9790 12255
15 9790 12256
15 9790 12257
15 9790 12258
15 9790 12259
15 9790 12260
15 9790 12261
15 9790 12262
15 9790 12263
16 19540 24495
16 19540 24496
16 19540 24497
16 19540 24498
16 19540 24499
16 19540 24500
16 19540 24501
16 19540 24502
16 19540 24503
16 19540 24504
16 19540 24505
16 19540 24506
16 19540 24507
16 19540 24508
16 19540 24509
16 19540 24510
16 19540 24511
16 19540 24512
16 19540 24513
16 19540 24514
16 19540 24515
16 19540 24516
16 19540 24517
16 19540 24518
16 19540 24519
16 19540 24520
16 19540 24521
16 19540 24522
16 19540 24523
16 19540 24524
16 19540 24525
16 19540 24526
16 19540 24527
16 19540 24528
16 19540 24529
17 39081 48991
18 78163 97983
3 2 2
4 4 5
4 4 5
5 9 11
5 9 11
6 19 23
6 19 23
7 38 47
7 38 47
8 76 95
8 76 95
