11 562 851
12 1124 1698
12 1124 1698
12 1124 1699
12 1124 1699
12 1124 1700
12 1124 1700
12 1124 1701
12 1124 1701
12 1124 1702
12 1124 1702
12 1125 1701
12 1125 1701
12 1125 1702
12 1125 1702
12 1126 1696
12 1126 1696
12 1127 1696
12 1127 1696
12 1127 1697
12 1127 1697
12 1127 1698
12 1127 1698
12 1127 1699
12 1127 1699
13 2248 3394
13 2248 3394
13 2248 3395
13 2248 3395
13 2248 3396
13 2248 3396
13 2248 3397
13 2248 3397
13 2248 3398
13 2248 3398
13 2248 3399
13 2248 3399
13 2248 3400
13 2248 3400
13 2248 3401
13 2248 3401
13 2248 3402
13 2248 3402
13 2248 3403
13 2248 3403
13 2248 3404
13 2248 3404
13 2248 3405
13 2248 3405
13 2249 3396
13 2249 3396
13 2249 3397
13 2249 3397
13 2249 3398
13 2249 3398
13 2249 3399
13 2249 3399
13 2249 3400
13 2249 3400
13 2249 3401
13 2249 3401
13 2249 3402
13 2249 3402
13 2249 3403
13 2249 3403
13 2249 3404
13 2249 3404
13 2249 3405
13 2249 3405
13 2250 3398
13 2250 3398
13 2250 3399
13 2250 3399
13 2250 3400
13 2250 3400
13 2250 3401
13 2250 3401
13 2250 3402
13 2250 3402
13 2250 3403
13 2250 3403
13 2250 3404
13 2250 3404
13 2250 3405
13 2250 3405
13 2251 3392
13 2251 3392
13 2251 3401
13 2251 3401
13 2251 3402
13 2251 3402
13 2251 3403
13 2251 3403
13 2251 3404
13 2251 3404
13 2251 3405
13 2251 3405
13 2252 3392
13 2252 3392
13 2252 3393
13 2252 3393
13 2252 3394
13 2252 3394
13 2252 3403
13 2252 3403
13 2252 3404
13 2252 3404
13 2252 3405
13 2252 3405
13 2253 3392
13 2253 3392
13 2253 3393
13 2253 3393
13 2253 3394
13 2253 3394
13 2253 3395
13 2253 3395
13 2253 3396
13 2253 3396
13 2253 3397
13 2253 3397
13 2253 3405
13 2253 3405
13 2254 3392
13 2254 3392
13 2254 3393
13 2254 3393
13 2254 3394
13 2254 3394
13 2254 3395
13 2254 3395
13 2254 3396
13 2254 3396
13 2254 3397
13 2254 3397
13 2254 3398
13 2254 3398
13 2254 3399
13 2254 3399
13 2255 3392
13 2255 3392
13 2255 3393
13 2255 3393
13 2255 3394
13 2255 3394
13 2255 3395
13 2255 3395
13 2255 3396
13 2255 3396
13 2255 3397
13 2255 3397
13 2255 3398
13 2255 3398
13 2255 3399
13 2255 3399
13 2255 3400
13 2255 3400
13 2255 3401
13 2255 3401
13 2255 3402
13 2255 3402
14 4497 6784
14 4497 6792
14 4497 6802
14 4497 6806
14 4498 6800
14 4498 6802
14 4498 6803
14 4499 6798
14 4499 6801
14 4499 6803
14 4502 6799
14 4502 6802
14 4503 6801
14 4503 6803
14 4504 6803
14 4504 6804
14 4506 6810
14 4510 6811
15 8995 13568
15 8995 13585
15 8995 13604
15 8995 13612
15 8996 13605
15 8997 13601
15 8997 13606
15 8997 13607
15 8998 13606
15 8999 13596
15 8999 13602
15 9005 13599
15 9005 13604
15 9006 13602
15 9007 13606
15 9008 13606
15 9009 13608
15 9013 13621
15 9020 13622
16 17990 27137
16 17990 27171
16 17991 27208
16 17991 27224
16 17992 27210
16 17992 27211
16 17994 27212
16 17994 27215
16 17995 27203
16 17996 27212
16 17996 27213
16 17997 27212
16 17998 27204
16 17999 27193
16 18002 27173
16 18011 27199
16 18011 27209
16 18012 27205
16 18014 27203
16 18015 27212
16 18017 27213
16 18018 27210
16 18019 27216
16 18027 27242
16 18040 27245
17 35980 54274
18 71960 108548
3 2 3
4 4 6
4 4 6
5 8 13
5 8 13
6 17 26
6 17 26
7 35 53
7 35 53
8 70 106
8 70 106
14 4501 6785
14 4501 6786
14 4497 6787
14 4497 6788
14 4497 6789
14 4497 6790
14 4497 6791
14 4497 6793
14 4497 6794
14 4497 6795
14 4497 6796
14 4497 6797
14 4497 6798
14 4497 6799
14 4497 6800
14 4497 6801
14 4497 6803
14 4497 6804
14 4497 6805
14 4497 6807
14 4497 6808
14 4497 6809
14 4497 6810
14 4497 6811
15 8995 13569
15 8995 13570
15 9001 13571
15 9001 13572
15 8995 13573
15 8995 13574
15 8995 13575
15 8995 13576
15 8995 13577
15 8995 13578
15 8995 13579
15 8995 13580
15 8995 13581
15 8995 13582
15 8995 13583
15 8995 13584
15 8995 13586
15 8995 13587
15 8995 13588
15 8995 13589
15 8995 13590
15 8995 13591
15 8995 13592
15 8995 13593
15 8995 13594
15 8995 13595
15 8995 13596
15 8995 13597
15 8995 13598
15 8995 13599
15 8995 13600
15 8995 13601
15 8995 13602
15 8995 13603
15 8995 13605
15 8995 13606
15 8995 13607
15 8995 13608
15 8995 13609
15 8995 13610
15 8995 13611
15 8995 13613
15 8995 13614
15 8995 13615
15 8995 13616
15 8995 13617
15 8995 13618
15 8995 13619
15 8995 13620
15 8995 13621
15 8995 13622
