10 266 420
11 532 841
12 1056 1685
12 1056 1685
12 1060 1683
12 1060 1683
12 1064 1683
12 1064 1683
13 2113 3366
13 2113 3366
13 2113 3369
13 2113 3369
13 2113 3370
13 2113 3370
13 2113 3371
13 2113 3371
13 2114 3366
13 2114 3366
13 2114 3371
13 2114 3371
13 2115 3366
13 2115 3366
13 2115 3371
13 2115 3371
13 2116 3366
13 2116 3366
13 2116 3371
13 2116 3371
13 2117 3366
13 2117 3366
13 2117 3371
13 2117 3371
13 2118 3366
13 2118 3366
13 2118 3371
13 2118 3371
13 2119 3366
13 2119 3366
13 2119 3371
13 2119 3371
13 2120 3366
13 2120 3366
13 2120 3367
13 2120 3367
13 2120 3371
13 2120 3371
13 2121 3366
13 2121 3366
13 2121 3367
13 2121 3367
13 2121 3371
13 2121 3371
13 2122 3366
13 2122 3366
13 2122 3371
13 2122 3371
13 2123 3366
13 2123 3366
13 2123 3371
13 2123 3371
13 2124 3366
13 2124 3366
13 2124 3371
13 2124 3371
13 2125 3371
13 2125 3371
13 2126 3371
13 2126 3371
13 2127 3371
13 2127 3371
13 2128 3366
13 2128 3366
13 2128 3367
13 2128 3367
13 2128 3368
13 2128 3368
13 2128 3371
13 2128 3371
14 4227 6733
14 4227 6737
14 4227 6738
14 4227 6739
14 4227 6740
14 4227 6741
14 4227 6742
14 4234 6733
14 4239 6734
14 4239 6735
14 4239 6736
14 4242 6733
14 4243 6736
15 8455 13467
15 8455 13468
15 8455 13474
15 8455 13475
15 8455 13476
15 8455 13477
15 8455 13478
15 8455 13479
15 8455 13480
15 8455 13481
15 8455 13482
15 8455 13483
15 8455 13484
15 8456 13468
15 8468 13467
15 8470 13468
15 8475 13468
15 8478 13469
15 8478 13470
15 8478 13471
15 8478 13472
15 8478 13473
15 8482 13474
15 8484 13467
15 8486 13473
16 16911 26934
16 16911 26935
16 16911 26936
16 16911 26937
16 16911 26938
16 16911 26947
16 16911 26948
16 16911 26949
16 16911 26950
16 16911 26951
16 16911 26952
16 16911 26953
16 16911 26954
16 16911 26955
16 16911 26956
16 16911 26957
16 16911 26958
16 16911 26959
16 16911 26960
16 16911 26961
16 16911 26962
16 16911 26963
16 16911 26964
16 16911 26965
16 16911 26966
16 16911 26967
16 16911 26968
16 16912 26936
16 16937 26935
16 16941 26937
16 16950 26937
16 16956 26939
16 16956 26940
16 16956 26941
16 16956 26942
16 16956 26943
16 16956 26944
16 16956 26945
16 16956 26946
16 16965 26948
16 16969 26935
16 16973 26947
17 33822 53869
17 33822 53870
17 33822 53871
17 33822 53872
17 33822 53873
17 33822 53874
17 33822 53875
17 33822 53876
17 33822 53877
17 33822 53878
17 33822 53879
17 33822 53880
17 33822 53881
17 33822 53882
17 33822 53883
17 33822 53884
17 33822 53885
17 33822 53886
17 33822 53887
17 33822 53888
17 33822 53889
17 33822 53890
17 33822 53891
17 33822 53892
17 33822 53893
17 33822 53894
17 33822 53895
17 33822 53896
17 33822 53897
17 33822 53898
17 33822 53899
17 33822 53900
17 33822 53901
17 33822 53902
17 33822 53903
17 33822 53904
17 33822 53905
17 33822 53906
17 33822 53907
17 33822 53908
17 33822 53909
17 33822 53910
17 33822 53911
17 33822 53912
17 33822 53913
17 33822 53914
17 33822 53915
17 33822 53916
17 33822 53917
17 33822 53918
17 33822 53919
17 33822 53920
17 33822 53921
17 33822 53922
17 33822 53923
17 33822 53924
17 33822 53925
17 33822 53926
17 33822 53927
17 33822 53928
17 33822 53929
17 33822 53930
17 33822 53931
17 33822 53932
17 33822 53933
17 33822 53934
17 33822 53935
17 33822 53936
18 67644 107739
3 2 3
4 4 6
4 4 6
5 8 13
5 8 13
6 16 26
6 16 26
7 33 52
7 33 52
8 66 105
8 66 105
