10 293 407
11 587 814
12 1174 1628
12 1174 1628
12 1175 1628
12 1175 1628
12 1176 1628
12 1176 1628
12 1177 1628
12 1177 1628
12 1178 1627
12 1178 1627
12 1178 1628
12 1178 1628
12 1179 1626
12 1179 1626
12 1179 1627
12 1179 1627
12 1179 1628
12 1179 1628
13 2348 3256
13 2348 3256
13 2349 3256
13 2349 3256
13 2350 3256
13 2350 3256
13 2351 3256
13 2351 3256
13 2352 3256
13 2352 3256
13 2353 3256
13 2353 3256
13 2354 3256
13 2354 3256
13 2355 3256
13 2355 3256
13 2356 3254
13 2356 3254
13 2356 3255
13 2356 3255
13 2356 3256
13 2356 3256
13 2357 3252
13 2357 3252
13 2357 3253
13 2357 3253
13 2357 3254
13 2357 3254
13 2357 3255
13 2357 3255
13 2357 3256
13 2357 3256
13 2358 3252
13 2358 3252
13 2358 3253
13 2358 3253
13 2358 3254
13 2358 3254
13 2358 3255
13 2358 3255
13 2358 3256
13 2358 3256
13 2359 3252
13 2359 3252
13 2359 3253
13 2359 3253
13 2359 3254
13 2359 3254
13 2359 3255
13 2359 3255
13 2359 3256
13 2359 3256
14 4696 6495
14 4696 6496
14 4696 6497
14 4696 6498
14 4696 6499
14 4696 6500
14 4696 6501
14 4696 6502
14 4696 6503
14 4696 6504
14 4696 6505
14 4696 6506
14 4696 6507
14 4696 6508
14 4696 6509
14 4696 6510
14 4696 6511
14 4696 6512
15 9393 12990
15 9393 12991
15 9393 12992
15 9393 12993
15 9393 12994
15 9393 12995
15 9393 12996
15 9393 12997
15 9393 12998
15 9393 12999
15 9393 13000
15 9393 13001
15 9393 13002
15 9393 13003
15 9393 13004
15 9393 13005
15 9393 13006
15 9393 13007
15 9393 13008
15 9393 13009
15 9393 13010
15 9393 13011
15 9393 13012
15 9393 13013
15 9393 13014
15 9393 13015
15 9393 13016
15 9393 13017
15 9393 13018
15 9393 13019
15 9393 13020
15 9393 13021
15 9393 13022
15 9393 13023
15 9393 13024
16 18787 25980
16 18787 25981
16 18787 25982
16 18787 25983
16 18787 25984
16 18787 25985
16 18787 25986
16 18787 25987
16 18787 25988
16 18787 25989
16 18787 25990
16 18787 25991
16 18787 25992
16 18787 25993
16 18787 25994
16 18787 25995
16 18787 25996
16 18787 25997
16 18787 25998
16 18787 25999
16 18787 26000
16 18787 26001
16 18787 26002
16 18787 26003
16 18787 26004
16 18787 26005
16 18787 26006
16 18787 26007
16 18787 26008
16 18787 26009
16 18787 26010
16 18787 26011
16 18787 26012
16 18787 26013
16 18787 26014
16 18787 26015
16 18787 26016
16 18787 26017
16 18787 26018
16 18787 26019
16 18787 26020
16 18787 26021
16 18787 26022
16 18787 26023
16 18787 26024
16 18787 26025
16 18787 26026
16 18787 26027
16 18787 26028
16 18787 26029
16 18787 26030
16 18787 26031
16 18787 26032
16 18787 26033
16 18787 26034
16 18787 26035
16 18787 26036
16 18787 26037
16 18787 26038
16 18787 26039
16 18787 26040
16 18787 26041
16 18787 26042
16 18787 26043
16 18787 26044
16 18787 26045
16 18787 26046
16 18787 26047
16 18787 26048
16 18787 26049
16 18843 26019
17 37575 51961
17 37575 51962
17 37575 51963
17 37575 51964
17 37575 51965
17 37575 51966
17 37575 51967
17 37575 51968
17 37575 51969
17 37575 51970
17 37575 51971
17 37575 51972
17 37575 51973
17 37575 51974
17 37575 51975
17 37575 51976
17 37575 51977
17 37575 51978
17 37575 51979
17 37575 51980
17 37575 51981
17 37575 51982
17 37575 51983
17 37575 51984
17 37575 51985
17 37575 51986
17 37575 51987
17 37575 51988
17 37575 51989
17 37575 51990
17 37575 51991
17 37575 51992
17 37575 51993
17 37575 51994
17 37575 51995
17 37575 51996
17 37575 51997
17 37575 51998
17 37575 51999
17 37575 52000
17 37575 52001
17 37575 52002
17 37575 52003
17 37575 52004
17 37575 52005
17 37575 52006
17 37575 52007
17 37575 52008
17 37575 52009
17 37575 52010
17 37575 52011
17 37575 52012
17 37575 52013
17 37575 52014
17 37575 52015
17 37575 52016
17 37575 52017
17 37575 52018
17 37575 52019
17 37575 52020
17 37575 52021
17 37575 52022
17 37575 52023
17 37575 52024
17 37575 52025
17 37575 52026
17 37575 52027
17 37575 52028
17 37575 52029
17 37575 52030
17 37575 52031
17 37575 52032
17 37575 52033
17 37575 52034
17 37575 52035
17 37575 52036
17 37575 52037
17 37575 52038
17 37575 52039
17 37575 52040
17 37575 52041
17 37575 52042
17 37575 52043
17 37575 52044
17 37575 52045
17 37575 52046
17 37575 52047
17 37575 52048
17 37575 52049
17 37575 52050
17 37575 52051
17 37575 52052
17 37575 52053
17 37575 52054
17 37575 52055
17 37575 52056
17 37575 52057
17 37575 52058
17 37575 52059
17 37575 52060
17 37575 52061
17 37575 52062
17 37575 52063
17 37575 52064
17 37575 52065
17 37575 52066
17 37575 52067
17 37575 52068
17 37575 52069
17 37575 52070
17 37575 52071
17 37575 52072
17 37575 52073
17 37575 52074
17 37575 52075
17 37575 52076
17 37575 52077
17 37575 52078
17 37575 52079
17 37575 52080
17 37575 52081
17 37575 52082
17 37575 52083
17 37575 52084
17 37575 52085
17 37575 52086
17 37575 52087
17 37575 52088
17 37575 52089
17 37575 52090
17 37575 52091
17 37575 52092
17 37575 52093
17 37575 52094
17 37575 52095
17 37575 52096
17 37575 52097
17 37575 52098
17 37575 52099
17 37686 52039
18 75151 103923
18 75151 103924
18 75151 103925
18 75151 103926
18 75151 103927
18 75151 103928
18 75151 103929
18 75151 103930
18 75151 103931
18 75151 103932
18 75151 103933
18 75151 103934
18 75151 103935
18 75151 103936
18 75151 103937
18 75151 103938
18 75151 103939
18 75151 103940
18 75151 103941
18 75151 103942
18 75151 103943
18 75151 103944
18 75151 103945
18 75151 103946
18 75151 103947
18 75151 103948
18 75151 103949
18 75151 103950
18 75151 103951
18 75151 103952
18 75151 103953
18 75151 103954
18 75151 103955
18 75151 103956
18 75151 103957
18 75151 103958
18 75151 103959
18 75151 103960
18 75151 103961
18 75151 103962
18 75151 103963
18 75151 103964
18 75151 103965
18 75151 103966
18 75151 103967
18 75151 103968
18 75151 103969
18 75151 103970
18 75151 103971
18 75151 103972
18 75151 103973
18 75151 103974
18 75151 103975
18 75151 103976
18 75151 103977
18 75151 103978
18 75151 103979
18 75151 103980
18 75151 103981
18 75151 103982
18 75151 103983
18 75151 103984
18 75151 103985
18 75151 103986
18 75151 103987
18 75151 103988
18 75151 103989
18 75151 103990
18 75151 103991
18 75151 103992
18 75151 103993
18 75151 103994
18 75151 103995
18 75151 103996
18 75151 103997
18 75151 103998
18 75151 103999
18 75151 104000
18 75151 104001
18 75151 104002
18 75151 104003
18 75151 104004
18 75151 104005
18 75151 104006
18 75151 104007
18 75151 104008
18 75151 104009
18 75151 104010
18 75151 104011
18 75151 104012
18 75151 104013
18 75151 104014
18 75151 104015
18 75151 104016
18 75151 104017
18 75151 104018
18 75151 104019
18 75151 104020
18 75151 104021
18 75151 104022
18 75151 104023
18 75151 104024
18 75151 104025
18 75151 104026
18 75151 104027
18 75151 104028
18 75151 104029
18 75151 104030
18 75151 104031
18 75151 104032
18 75151 104033
18 75151 104034
18 75151 104035
18 75151 104036
18 75151 104037
18 75151 104038
18 75151 104039
18 75151 104040
18 75151 104041
18 75151 104042
18 75151 104043
18 75151 104044
18 75151 104045
18 75151 104046
18 75151 104047
18 75151 104048
18 75151 104049
18 75151 104050
18 75151 104051
18 75151 104052
18 75151 104053
18 75151 104054
18 75151 104055
18 75151 104056
18 75151 104057
18 75151 104058
18 75151 104059
18 75151 104060
18 75151 104061
18 75151 104062
18 75151 104063
18 75151 104064
18 75151 104065
18 75151 104066
18 75151 104067
18 75151 104068
18 75151 104069
18 75151 104070
18 75151 104071
18 75151 104072
18 75151 104073
18 75151 104074
18 75151 104075
18 75151 104076
18 75151 104077
18 75151 104078
18 75151 104079
18 75151 104080
18 75151 104081
18 75151 104082
18 75151 104083
18 75151 104084
18 75151 104085
18 75151 104086
18 75151 104087
18 75151 104088
18 75151 104089
18 75151 104090
18 75151 104091
18 75151 104092
18 75151 104093
18 75151 104094
18 75151 104095
18 75151 104096
18 75151 104097
18 75151 104098
18 75151 104099
18 75151 104100
18 75151 104101
18 75151 104102
18 75151 104103
18 75151 104104
18 75151 104105
18 75151 104106
18 75151 104107
18 75151 104108
18 75151 104109
18 75151 104110
18 75151 104111
18 75151 104112
18 75151 104113
18 75151 104114
18 75151 104115
18 75151 104116
18 75151 104117
18 75151 104118
18 75151 104119
18 75151 104120
18 75151 104121
18 75151 104122
18 75151 104123
18 75151 104124
18 75151 104125
18 75151 104126
18 75151 104127
18 75151 104128
18 75151 104129
18 75151 104130
18 75151 104131
18 75151 104132
18 75151 104133
18 75151 104134
18 75151 104135
18 75151 104136
18 75151 104137
18 75151 104138
18 75151 104139
18 75151 104140
18 75151 104141
18 75151 104142
18 75151 104143
18 75151 104144
18 75151 104145
18 75151 104146
18 75151 104147
18 75151 104148
18 75151 104149
18 75151 104150
18 75151 104151
18 75151 104152
18 75151 104153
18 75151 104154
18 75151 104155
18 75151 104156
18 75151 104157
18 75151 104158
18 75151 104159
18 75151 104160
18 75151 104161
18 75151 104162
18 75151 104163
18 75151 104164
18 75151 104165
18 75151 104166
18 75151 104167
18 75151 104168
18 75151 104169
18 75151 104170
18 75151 104171
18 75151 104172
18 75151 104173
18 75151 104174
18 75151 104175
18 75151 104176
18 75151 104177
18 75151 104178
18 75151 104179
18 75151 104180
18 75151 104181
18 75151 104182
18 75151 104183
18 75151 104184
18 75151 104185
18 75151 104186
18 75151 104187
18 75151 104188
18 75151 104189
18 75151 104190
18 75151 104191
18 75151 104192
18 75151 104193
18 75151 104194
18 75151 104195
18 75151 104196
18 75151 104197
18 75151 104198
18 75151 104199
18 75372 104078
3 2 3
4 4 6
4 4 6
5 9 12
5 9 12
6 18 25
6 18 25
7 36 50
7 36 50
