13 1316 2856
13 1316 2857
13 1316 2858
13 1316 2859
13 1317 2858
13 1317 2859
14 2632 5715
14 2632 5716
14 2632 5717
14 2632 5718
14 2633 5717
15 5263 11432
15 5263 11433
15 5263 11434
15 5263 11435
15 5264 11432
15 5264 11433
15 5264 11434
15 5264 11435
15 5265 11433
15 5265 11434
15 5265 11435
16 10527 22867
16 10527 22868
16 10528 22867
16 10528 22868
16 10528 22869
17 21027 45737
17 21027 45738
17 21027 45739
17 21027 45740
17 21028 45737
17 21028 45738
17 21028 45739
17 21028 45740
17 21029 45737
17 21029 45738
17 21029 45739
17 21029 45740
17 21055 45734
17 21055 45735
17 21055 45736
17 21055 45737
17 21056 45734
17 21056 45735
17 21056 45736
17 21056 45737
17 21057 45735
17 21057 45736
17 21057 45737
