10 252 422
11 501 846
11 501 846
11 503 844
12 1002 1688
12 1002 1688
12 1002 1690
12 1002 1690
12 1002 1691
12 1002 1691
12 1002 1692
12 1002 1692
12 1002 1693
12 1002 1693
12 1003 1691
12 1003 1691
12 1003 1692
12 1003 1692
12 1003 1693
12 1003 1693
12 1004 1692
12 1004 1692
12 1004 1693
12 1004 1693
12 1005 1688
12 1005 1688
12 1005 1693
12 1005 1693
12 1006 1688
12 1006 1688
12 1006 1689
12 1006 1689
12 1007 1688
12 1007 1688
12 1007 1689
12 1007 1689
12 1007 1690
12 1007 1690
12 1008 1688
12 1008 1688
12 1008 1689
12 1008 1689
12 1008 1690
12 1008 1690
12 1008 1691
12 1008 1691
12 1008 1693
12 1008 1693
13 2005 3376
13 2005 3376
13 2005 3377
13 2005 3377
13 2005 3380
13 2005 3380
13 2005 3381
13 2005 3381
13 2005 3382
13 2005 3382
13 2005 3383
13 2005 3383
13 2005 3384
13 2005 3384
13 2005 3385
13 2005 3385
13 2005 3386
13 2005 3386
13 2006 3381
13 2006 3381
13 2006 3382
13 2006 3382
13 2006 3383
13 2006 3383
13 2006 3384
13 2006 3384
13 2006 3385
13 2006 3385
13 2006 3386
13 2006 3386
13 2007 3382
13 2007 3382
13 2007 3383
13 2007 3383
13 2007 3384
13 2007 3384
13 2007 3385
13 2007 3385
13 2007 3386
13 2007 3386
13 2008 3376
13 2008 3376
13 2008 3382
13 2008 3382
13 2008 3383
13 2008 3383
13 2008 3384
13 2008 3384
13 2008 3385
13 2008 3385
13 2008 3386
13 2008 3386
13 2009 3376
13 2009 3376
13 2009 3377
13 2009 3377
13 2009 3383
13 2009 3383
13 2009 3384
13 2009 3384
13 2009 3385
13 2009 3385
13 2009 3386
13 2009 3386
13 2010 3376
13 2010 3376
13 2010 3377
13 2010 3377
13 2010 3378
13 2010 3378
13 2010 3384
13 2010 3384
13 2010 3385
13 2010 3385
13 2010 3386
13 2010 3386
13 2011 3376
13 2011 3376
13 2011 3377
13 2011 3377
13 2011 3378
13 2011 3378
13 2011 3379
13 2011 3379
13 2011 3385
13 2011 3385
13 2011 3386
13 2011 3386
13 2012 3376
13 2012 3376
13 2012 3377
13 2012 3377
13 2012 3378
13 2012 3378
13 2012 3379
13 2012 3379
13 2012 3386
13 2012 3386
13 2013 3376
13 2013 3376
13 2013 3377
13 2013 3377
13 2013 3378
13 2013 3378
13 2013 3379
13 2013 3379
13 2013 3380
13 2013 3380
13 2014 3376
13 2014 3376
13 2014 3377
13 2014 3377
13 2014 3378
13 2014 3378
13 2014 3379
13 2014 3379
13 2014 3380
13 2014 3380
13 2014 3381
13 2014 3381
13 2015 3376
13 2015 3376
13 2015 3377
13 2015 3377
13 2015 3378
13 2015 3378
13 2015 3379
13 2015 3379
13 2015 3380
13 2015 3380
13 2015 3381
13 2015 3381
13 2015 3382
13 2015 3382
13 2015 3386
13 2015 3386
13 2016 3376
13 2016 3376
13 2016 3377
13 2016 3377
13 2016 3378
13 2016 3378
13 2016 3379
13 2016 3379
13 2016 3380
13 2016 3380
13 2016 3381
13 2016 3381
13 2016 3382
13 2016 3382
13 2016 3383
13 2016 3383
13 2016 3385
13 2016 3385
13 2016 3386
13 2016 3386
14 4010 6753
15 8020 13506
16 16041 27013
17 32083 54026
18 64167 108053
3 1 3
4 3 6
4 3 6
5 7 13
5 7 13
6 15 26
6 15 26
7 31 52
7 31 52
14 4010 6754
14 4010 6755
14 4010 6756
14 4020 6757
14 4010 6758
14 4010 6759
14 4010 6760
14 4010 6761
14 4010 6762
14 4010 6763
14 4010 6764
14 4010 6765
14 4010 6766
14 4010 6767
14 4010 6768
14 4010 6769
14 4010 6770
14 4010 6771
14 4010 6772
15 8020 13507
15 8020 13508
15 8020 13509
15 8020 13510
15 8020 13511
15 8020 13512
15 8020 13513
15 8020 13514
15 8020 13515
15 8020 13516
15 8020 13517
15 8020 13518
15 8020 13519
15 8020 13520
15 8020 13521
15 8020 13522
15 8020 13523
15 8020 13524
15 8020 13525
15 8020 13526
15 8020 13527
15 8020 13528
15 8020 13529
15 8020 13530
15 8020 13531
15 8020 13532
15 8020 13533
15 8020 13534
15 8020 13535
15 8020 13536
15 8020 13537
15 8020 13538
15 8020 13539
15 8020 13540
15 8020 13541
15 8020 13542
15 8020 13543
15 8020 13544
15 8020 13545
