10 295 393
11 591 786
12 1182 1572
12 1182 1572
12 1183 1572
12 1183 1572
12 1184 1572
12 1184 1572
12 1185 1572
12 1185 1572
13 2364 3132
13 2364 3132
13 2364 3144
13 2364 3144
13 2365 3132
13 2365 3132
13 2365 3144
13 2365 3144
13 2366 3132
13 2366 3132
13 2366 3144
13 2366 3144
13 2367 3132
13 2367 3132
13 2367 3144
13 2367 3144
13 2368 3132
13 2368 3132
13 2368 3144
13 2368 3144
13 2369 3132
13 2369 3132
13 2369 3144
13 2369 3144
13 2370 3132
13 2370 3132
13 2370 3144
13 2370 3144
13 2371 3132
13 2371 3132
13 2371 3144
13 2371 3144
14 4728 6265
15 9456 12531
16 18913 25062
17 37826 50124
18 75652 100249
3 2 3
4 4 6
4 4 6
5 9 12
5 9 12
6 18 24
6 18 24
7 36 48
7 36 48
7 36 49
7 36 49
7 37 48
7 37 48
7 37 49
7 37 49
14 4728 6288
15 9456 12532
15 9456 12533
15 9456 12534
15 9456 12535
15 9456 12536
15 9456 12537
15 9456 12538
15 9456 12539
15 9456 12540
15 9456 12541
15 9456 12542
15 9456 12543
15 9456 12544
15 9456 12545
15 9456 12546
15 9456 12547
15 9456 12548
15 9456 12549
15 9456 12550
15 9456 12551
15 9456 12552
15 9456 12553
15 9456 12554
15 9456 12555
15 9456 12556
15 9456 12557
15 9456 12558
15 9456 12559
15 9456 12560
15 9456 12561
15 9456 12562
15 9456 12563
15 9456 12564
15 9456 12565
15 9456 12566
15 9456 12567
15 9456 12568
15 9456 12569
15 9456 12570
15 9456 12571
15 9456 12572
15 9456 12573
15 9456 12574
15 9456 12575
15 9456 12576
15 9456 12577
