12 1133 1723
12 1133 1723
13 2267 3444
13 2267 3444
13 2267 3446
13 2267 3446
13 2269 3444
13 2269 3444
13 2269 3446
13 2269 3446
14 4535 6889
14 4535 6892
15 9071 13779
15 9071 13783
15 9071 13784
15 9076 13780
16 18142 27558
16 18142 27559
16 18142 27560
16 18142 27563
16 18142 27564
16 18142 27565
16 18142 27566
16 18142 27567
16 18142 27568
16 18142 27569
16 18152 27561
16 18153 27562
17 36284 55117
18 72569 110235
3 2 3
4 4 6
4 4 6
5 8 13
5 8 13
6 17 26
6 17 26
7 35 53
7 35 53
8 70 107
8 70 107
