12 1218 1530
12 1218 1530
12 1218 1533
12 1218 1533
12 1219 1530
12 1219 1530
12 1219 1533
12 1219 1533
12 1220 1530
12 1220 1530
12 1220 1533
12 1220 1533
12 1221 1530
12 1221 1530
12 1221 1533
12 1221 1533
13 2437 3061
13 2437 3061
13 2437 3066
13 2437 3066
13 2438 3061
13 2438 3061
13 2438 3066
13 2438 3066
13 2439 3061
13 2439 3061
13 2439 3066
13 2439 3066
13 2440 3061
13 2440 3061
13 2440 3066
13 2440 3066
13 2441 3061
13 2441 3061
13 2441 3066
13 2441 3066
13 2442 3061
13 2442 3061
13 2442 3066
13 2442 3066
13 2443 3061
13 2443 3061
13 2443 3066
13 2443 3066
14 4875 6123
14 4875 6132
15 9751 12247
15 9751 12248
15 9751 12264
16 19502 24495
16 19502 24496
16 19502 24497
16 19502 24498
16 19502 24499
16 19502 24500
16 19502 24501
16 19502 24502
16 19502 24503
16 19502 24504
16 19502 24505
16 19502 24506
16 19502 24507
16 19502 24508
16 19502 24509
16 19502 24510
16 19502 24511
16 19502 24512
16 19502 24513
16 19502 24514
16 19502 24515
16 19502 24516
16 19502 24517
16 19502 24518
16 19502 24519
16 19502 24520
16 19502 24521
16 19502 24522
16 19502 24523
16 19502 24524
16 19502 24525
16 19502 24526
16 19502 24527
16 19502 24528
16 19502 24529
17 39004 48990
18 78008 97980
3 2 2
4 4 5
4 4 5
5 9 11
5 9 11
6 19 23
6 19 23
7 38 47
7 38 47
8 76 95
8 76 95
