13 2248 3501
13 2248 3502
13 2248 3503
13 2248 3504
13 2248 3505
13 2248 3506
13 2248 3507
13 2248 3508
13 2248 3509
13 2248 3510
13 2248 3511
13 2248 3512
13 2248 3513
13 2248 3514
13 2248 3515
13 2248 3516
13 2248 3517
13 2248 3518
13 2248 3519
13 2248 3520
13 2248 3521
13 2249 3501
13 2249 3521
13 2250 3501
13 2250 3521
13 2251 3501
13 2251 3521
13 2252 3501
13 2252 3521
13 2253 3501
13 2253 3521
13 2254 3501
13 2254 3521
13 2255 3501
13 2255 3521
13 2256 3501
13 2256 3521
13 2257 3501
13 2257 3521
13 2258 3501
13 2258 3521
13 2259 3501
13 2259 3521
13 2260 3501
13 2260 3521
13 2261 3501
13 2261 3521
13 2262 3501
13 2262 3521
13 2263 3501
13 2263 3521
13 2264 3501
13 2264 3521
