10 152 350
10 152 379
10 153 379
10 154 379
10 155 379
10 155 380
10 155 381
10 155 382
10 156 379
10 156 380
10 156 381
10 156 382
10 157 379
10 157 380
10 157 381
10 157 382
10 158 379
10 158 380
10 158 381
10 158 382
10 159 379
10 159 380
10 159 381
10 160 379
11 314 761
11 314 762
12 628 1470
12 628 1471
12 629 1471
12 653 1430
12 653 1431
12 653 1432
12 654 1430
12 654 1431
12 654 1432
12 655 1430
12 655 1431
12 655 1432
12 656 1430
12 656 1431
12 656 1432
12 657 1430
12 657 1431
12 657 1432
12 658 1428
12 658 1430
12 658 1431
12 658 1432
13 1306 2865
13 1306 2866
13 1306 2867
13 1306 2868
13 1306 2869
13 1306 2870
13 1307 2854
13 1307 2855
13 1307 2865
13 1307 2866
13 1307 2867
13 1307 2868
13 1307 2869
13 1307 2870
13 1307 2871
13 1308 2862
13 1308 2863
13 1308 2864
13 1308 2865
13 1308 2866
13 1308 2867
13 1308 2868
13 1308 2869
13 1308 2870
13 1308 2871
13 1309 2862
13 1309 2863
13 1309 2864
13 1309 2865
13 1309 2866
13 1309 2867
13 1309 2868
13 1309 2869
13 1309 2870
13 1309 2871
13 1310 2862
13 1310 2863
13 1310 2864
13 1310 2865
13 1310 2866
13 1310 2867
13 1310 2868
13 1310 2869
13 1310 2870
13 1310 2871
13 1311 2862
13 1311 2863
13 1311 2864
13 1311 2865
13 1311 2866
13 1311 2867
13 1311 2868
13 1311 2869
13 1311 2870
13 1311 2871
13 1312 2862
13 1312 2863
13 1312 2864
13 1312 2865
13 1312 2866
13 1312 2867
13 1312 2868
13 1312 2869
13 1312 2870
13 1312 2871
13 1313 2862
13 1313 2863
13 1313 2864
13 1313 2865
13 1313 2866
13 1313 2867
13 1313 2868
13 1313 2869
13 1313 2870
13 1313 2871
13 1314 2868
13 1314 2869
13 1314 2870
13 1316 2859
14 2443 5978
14 2443 5979
14 2444 5978
14 2444 5979
14 2445 5978
14 2612 5709
14 2613 5708
14 2613 5709
14 2613 5710
14 2613 5711
14 2614 5707
14 2614 5708
14 2614 5709
14 2614 5710
14 2614 5711
14 2614 5712
14 2614 5716
14 2614 5717
14 2614 5718
14 2614 5719
14 2614 5720
14 2615 5707
14 2615 5708
14 2615 5709
14 2615 5710
14 2615 5711
14 2615 5712
14 2615 5713
14 2615 5714
14 2615 5715
14 2615 5716
14 2615 5717
14 2615 5718
14 2615 5719
14 2615 5720
14 2615 5721
14 2615 5722
14 2615 5723
14 2615 5724
14 2616 5707
14 2616 5708
14 2616 5709
14 2616 5710
14 2616 5711
14 2616 5712
14 2616 5713
14 2616 5714
14 2616 5715
14 2616 5716
14 2616 5717
14 2616 5718
14 2616 5719
14 2616 5720
14 2616 5721
14 2616 5722
14 2616 5723
14 2616 5724
14 2616 5725
14 2616 5726
14 2616 5727
14 2616 5728
14 2617 5707
14 2617 5708
14 2617 5709
14 2617 5710
14 2617 5711
14 2617 5712
14 2617 5713
14 2617 5714
14 2617 5715
14 2617 5716
14 2617 5717
14 2617 5718
14 2617 5719
14 2617 5720
14 2617 5721
14 2617 5722
14 2617 5723
14 2617 5724
14 2617 5725
14 2617 5726
14 2617 5727
14 2617 5728
14 2617 5729
14 2617 5730
14 2617 5731
14 2617 5733
14 2617 5741
14 2618 5708
14 2618 5709
14 2618 5710
14 2618 5711
14 2618 5712
14 2618 5713
14 2618 5714
14 2618 5715
14 2618 5716
14 2618 5717
14 2618 5718
14 2618 5719
14 2618 5720
14 2618 5721
14 2618 5722
14 2618 5723
14 2618 5724
14 2618 5725
14 2618 5726
14 2618 5727
14 2618 5728
14 2618 5729
14 2618 5730
14 2618 5731
14 2618 5732
14 2618 5733
14 2618 5740
14 2618 5741
14 2618 5742
14 2619 5708
14 2619 5709
14 2619 5710
14 2619 5711
14 2619 5712
14 2619 5713
14 2619 5714
14 2619 5715
14 2619 5716
14 2619 5717
14 2619 5718
14 2619 5719
14 2619 5720
14 2619 5721
14 2619 5722
14 2619 5723
14 2619 5724
14 2619 5725
14 2619 5726
14 2619 5727
14 2619 5728
14 2619 5729
14 2619 5730
14 2619 5731
14 2619 5732
14 2619 5741
14 2620 5708
14 2620 5709
14 2620 5710
14 2620 5711
14 2620 5712
14 2620 5713
14 2620 5714
14 2620 5715
14 2620 5716
14 2620 5717
14 2620 5718
14 2620 5719
14 2620 5720
14 2620 5721
14 2620 5722
14 2620 5723
14 2620 5724
14 2620 5725
14 2620 5726
14 2620 5727
14 2620 5728
14 2620 5729
14 2620 5730
14 2620 5731
14 2621 5708
14 2621 5709
14 2621 5710
14 2621 5711
14 2621 5712
14 2621 5713
14 2621 5714
14 2621 5715
14 2621 5716
14 2621 5717
14 2621 5720
14 2621 5721
14 2621 5722
14 2621 5723
14 2621 5724
14 2621 5725
14 2621 5726
14 2621 5727
14 2621 5728
14 2621 5729
14 2621 5730
14 2621 5731
14 2622 5712
14 2622 5713
14 2622 5714
14 2622 5715
14 2622 5716
14 2622 5720
14 2622 5721
14 2622 5722
14 2622 5723
14 2622 5724
14 2622 5725
14 2622 5726
14 2622 5727
14 2622 5728
14 2622 5729
14 2622 5730
14 2622 5731
14 2623 5724
14 2623 5725
14 2623 5726
14 2623 5727
14 2623 5728
14 2623 5729
14 2624 5725
14 2624 5726
14 2624 5727
15 5228 11418
15 5228 11419
15 5229 11417
15 5229 11418
15 5229 11419
15 5230 11418
15 5230 11419
16 10454 22838
16 10455 22837
16 10455 22838
16 10456 22836
16 10456 22837
16 10456 22838
16 10456 22839
16 10457 22836
16 10457 22837
16 10457 22838
16 10457 22839
16 10458 22836
16 10458 22837
16 10458 22838
16 10459 22836
16 10459 22837
6 11 21
6 20 23
6 20 24
6 21 23
6 21 24
7 17 42
7 17 43
7 17 44
7 17 45
7 17 46
7 17 47
7 17 48
7 17 49
7 17 50
7 18 42
7 18 48
7 18 49
7 18 50
7 18 51
7 19 41
7 19 42
7 19 48
7 19 49
7 19 50
7 19 51
7 20 41
7 20 42
7 20 48
7 20 49
7 20 50
7 20 51
7 20 52
7 21 42
7 21 48
7 21 49
7 21 50
7 21 51
7 21 52
7 21 53
7 22 42
7 22 43
7 22 44
7 22 45
7 22 46
7 22 47
7 22 48
7 22 49
7 22 50
7 22 51
7 22 52
7 23 43
7 23 44
7 23 45
7 23 46
7 23 47
7 23 48
7 23 49
7 23 50
7 23 51
7 23 52
7 24 43
7 24 44
7 24 45
7 24 47
7 24 48
7 24 49
7 24 50
7 24 51
7 25 44
7 25 45
7 26 44
7 26 45
7 27 44
7 27 45
7 29 52
7 29 53
7 29 54
7 30 51
7 30 52
7 30 53
7 30 54
7 31 52
7 31 53
7 35 46
7 35 47
7 35 48
7 35 49
7 35 50
7 36 46
7 36 47
7 36 48
7 36 49
7 36 50
7 37 47
7 37 48
7 37 49
7 37 50
7 38 46
7 38 47
7 38 48
7 38 49
7 39 45
7 39 46
7 39 47
7 39 48
7 40 45
7 40 46
7 40 47
7 40 48
7 41 46
8 36 95
8 37 85
8 37 86
8 37 95
8 38 85
8 38 86
8 39 101
8 39 102
8 39 103
8 39 85
8 39 86
8 40 102
8 40 103
8 40 85
8 40 86
8 41 102
8 41 103
8 41 85
8 41 86
8 43 87
8 43 88
8 43 89
8 43 90
8 44 87
8 44 88
8 44 89
8 44 90
8 45 87
8 45 88
8 45 89
8 45 90
8 46 87
8 46 88
8 46 89
8 46 90
8 47 88
8 47 89
8 47 90
8 48 88
8 48 89
8 48 90
8 48 91
8 49 88
8 49 89
8 49 90
8 49 91
8 49 92
8 50 90
8 50 91
8 50 92
8 50 93
8 51 90
8 51 91
8 51 92
8 51 93
8 52 91
8 52 92
8 52 93
8 53 91
8 53 92
8 53 93
8 53 94
8 54 92
8 54 93
8 54 94
8 55 92
8 55 93
8 55 94
8 56 92
8 56 93
8 56 94
8 57 92
8 57 93
8 57 94
8 58 106
8 58 107
8 58 108
8 58 92
8 58 93
8 58 94
8 59 106
8 59 107
8 59 108
8 59 91
8 59 92
8 59 93
8 59 94
8 60 107
8 60 108
8 60 91
8 60 92
8 60 93
8 60 94
8 61 107
8 61 92
8 61 93
8 61 94
8 62 92
8 62 93
8 62 94
8 63 92
8 63 93
8 63 94
8 64 92
8 64 93
8 64 94
8 65 92
8 65 93
8 65 94
8 66 91
8 66 92
8 66 93
8 66 94
8 67 91
8 67 92
8 67 93
8 67 94
8 68 91
8 68 92
8 68 93
8 68 94
8 69 92
8 69 93
8 69 94
8 69 95
8 70 92
8 70 93
8 70 94
8 70 95
8 71 93
8 71 94
8 71 95
8 72 93
8 72 94
8 72 95
8 79 92
8 79 93
8 80 91
8 80 92
8 80 93
8 80 94
8 81 92
8 81 93
9 72 187
9 72 188
9 72 189
9 75 190
9 76 190
9 76 194
9 76 195
9 76 196
9 76 197
9 76 198
9 76 203
9 76 204
9 76 205
9 77 190
9 77 191
9 77 192
9 77 194
9 77 195
9 77 196
9 77 197
9 77 198
9 77 199
9 77 201
9 77 202
9 77 203
9 77 204
9 77 205
9 78 190
9 78 191
9 78 192
9 78 193
9 78 194
9 78 195
9 78 196
9 78 197
9 78 198
9 78 199
9 78 200
9 78 201
9 78 202
9 78 203
9 78 204
9 78 205
9 78 206
9 79 190
9 79 191
9 79 192
9 79 193
9 79 194
9 79 195
9 79 196
9 79 197
9 79 198
9 79 199
9 79 200
9 79 201
9 79 202
9 79 203
9 79 204
9 79 205
9 79 206
9 80 190
9 80 191
9 80 192
9 80 193
9 80 194
9 80 195
9 80 196
9 80 197
9 80 198
9 80 199
9 80 200
9 80 201
9 80 202
9 80 203
9 80 204
9 80 205
9 80 206
9 81 190
9 81 191
9 81 192
9 81 193
9 81 194
9 81 195
9 81 196
9 81 197
9 81 198
9 81 199
9 81 200
9 81 201
9 81 202
9 81 203
9 81 204
9 81 205
9 81 206
9 82 190
9 82 191
9 82 192
9 82 193
9 82 194
9 82 195
9 82 196
9 82 197
9 82 198
9 82 200
9 82 201
9 82 202
9 82 203
9 82 204
9 82 205
9 83 190
9 83 191
9 83 192
9 83 193
9 83 194
9 83 195
9 83 196
9 83 197
9 83 198
9 83 201
9 83 202
9 83 203
9 83 204
9 83 205
9 84 201
9 84 202
9 84 203
