13 2270 3479
13 2270 3479
13 2270 3480
13 2270 3480
13 2272 3481
13 2272 3481
14 4541 6958
14 4541 6959
14 4541 6960
14 4541 6961
14 4541 6963
14 4542 6959
14 4544 6962
14 4544 6963
14 4545 6963
15 9083 13917
15 9083 13918
15 9083 13919
15 9083 13920
15 9083 13921
15 9083 13922
15 9083 13923
15 9083 13926
15 9083 13927
15 9084 13918
15 9084 13919
15 9084 13926
15 9086 13918
15 9088 13924
15 9088 13925
15 9089 13924
15 9089 13926
15 9090 13921
15 9090 13926
16 18166 27835
16 18166 27836
16 18166 27837
16 18166 27838
16 18166 27839
16 18166 27840
16 18166 27841
16 18166 27842
16 18166 27843
16 18166 27844
16 18166 27845
16 18166 27846
16 18166 27847
16 18166 27848
16 18166 27849
16 18166 27850
16 18166 27851
16 18166 27852
16 18166 27853
16 18166 27854
16 18167 27846
16 18167 27851
16 18169 27837
16 18169 27838
16 18169 27853
16 18172 27837
16 18172 27838
16 18178 27843
16 18178 27849
16 18178 27852
16 18179 27837
16 18179 27852
16 18180 27842
16 18181 27852
17 36333 55671
17 36333 55672
17 36333 55673
17 36333 55674
17 36333 55675
17 36333 55676
17 36333 55677
17 36333 55678
17 36333 55679
17 36333 55680
17 36333 55681
17 36333 55682
17 36333 55683
17 36333 55684
17 36333 55685
17 36333 55686
17 36333 55687
17 36333 55688
17 36333 55689
17 36333 55690
17 36333 55691
17 36333 55692
17 36333 55693
17 36333 55694
17 36333 55695
17 36333 55696
17 36333 55697
17 36333 55698
17 36333 55699
17 36333 55700
17 36333 55701
17 36333 55702
17 36333 55703
17 36333 55704
17 36333 55705
17 36333 55706
17 36333 55707
17 36333 55708
18 72666 111343
3 2 3
4 4 6
4 4 6
5 8 13
5 8 13
6 17 27
6 17 27
7 35 54
7 35 54
8 70 108
8 70 108
8 71 108
8 71 108
