13 1889 3418
13 1889 3419
13 1889 3420
13 1889 3421
13 1889 3422
13 1889 3423
13 1889 3424
13 1889 3425
13 1889 3426
13 1889 3427
13 1889 3428
13 1889 3429
13 1889 3430
13 1890 3418
13 1890 3419
13 1890 3420
13 1890 3421
13 1890 3422
13 1890 3423
13 1890 3424
13 1890 3425
13 1890 3429
13 1890 3430
13 1891 3418
13 1891 3419
13 1891 3420
13 1891 3421
13 1891 3422
13 1891 3423
13 1891 3424
13 1891 3425
13 1892 3418
13 1892 3419
13 1892 3420
13 1892 3421
13 1892 3422
13 1892 3423
13 1892 3424
13 1893 3418
13 1893 3419
13 1893 3420
13 1893 3421
13 1893 3422
13 1893 3423
13 1893 3430
13 1894 3418
13 1894 3419
13 1894 3420
13 1894 3421
13 1894 3422
13 1894 3429
13 1894 3430
13 1895 3418
13 1895 3419
13 1895 3420
13 1895 3421
13 1895 3422
13 1895 3429
13 1895 3430
13 1896 3418
13 1896 3419
13 1896 3420
13 1896 3421
13 1896 3428
13 1896 3429
13 1896 3430
13 1897 3418
13 1897 3419
13 1897 3420
13 1897 3427
13 1897 3428
13 1897 3429
13 1897 3430
13 1898 3418
13 1898 3419
13 1898 3420
13 1898 3426
13 1898 3427
13 1898 3428
13 1898 3429
13 1898 3430
13 1899 3418
13 1899 3419
13 1899 3426
13 1899 3427
13 1899 3428
13 1899 3429
13 1899 3430
13 1900 3418
13 1900 3419
13 1900 3425
13 1900 3426
13 1900 3427
13 1900 3428
13 1900 3429
13 1900 3430
13 1901 3418
13 1901 3419
13 1901 3420
13 1901 3424
13 1901 3425
13 1901 3426
13 1901 3427
13 1901 3428
13 1901 3429
13 1901 3430
13 1902 3418
13 1902 3419
13 1902 3420
13 1902 3421
13 1902 3422
13 1902 3423
13 1902 3424
13 1902 3425
13 1902 3426
13 1902 3427
13 1902 3428
13 1902 3429
13 1902 3430
13 1903 3418
13 1903 3419
13 1903 3420
13 1903 3421
13 1903 3422
13 1903 3423
13 1903 3424
13 1903 3425
13 1903 3426
13 1903 3427
13 1903 3428
13 1903 3429
13 1903 3430
