13 2370 3168
13 2370 3168
14 4740 6337
14 4740 6338
14 4740 6339
15 9481 12675
15 9481 12676
15 9481 12677
15 9481 12678
15 9481 12679
16 18963 25350
16 18963 25351
16 18963 25352
16 18963 25353
16 18963 25354
16 18963 25355
16 18963 25356
16 18963 25357
16 18963 25358
16 18963 25359
17 37927 50700
17 37927 50701
17 37927 50702
17 37927 50703
17 37927 50704
17 37927 50705
17 37927 50706
17 37927 50707
17 37927 50708
17 37927 50709
17 37927 50710
17 37927 50711
17 37927 50712
17 37927 50713
17 37927 50714
17 37927 50715
17 37927 50716
17 37927 50717
17 37927 50718
17 37927 50719
18 75855 101400
3 2 3
4 4 6
4 4 6
5 9 12
5 9 12
6 18 24
6 18 24
7 37 49
7 37 49
