12 1050 1684
12 1050 1684
12 1050 1685
12 1050 1685
13 2101 3369
13 2101 3369
13 2101 3370
13 2101 3370
13 2101 3371
13 2101 3371
13 2102 3371
13 2102 3371
14 4203 6739
14 4203 6741
14 4203 6742
14 4204 6739
15 8407 13479
15 8407 13481
15 8407 13482
15 8407 13483
15 8407 13484
15 8408 13479
16 16815 26959
16 16815 26961
16 16815 26962
16 16815 26963
16 16815 26964
16 16815 26965
16 16815 26966
16 16815 26967
16 16815 26968
16 16816 26959
16 16823 26960
17 33631 53918
17 33631 53919
17 33631 53920
17 33631 53921
17 33631 53922
17 33631 53923
17 33631 53924
17 33631 53925
17 33631 53926
17 33631 53927
17 33631 53928
17 33631 53929
17 33631 53930
17 33631 53931
17 33631 53932
17 33631 53933
17 33631 53934
17 33631 53935
17 33631 53936
18 67262 107837
3 2 3
4 4 6
4 4 6
5 8 13
5 8 13
6 16 26
6 16 26
7 32 52
7 32 52
8 65 105
8 65 105
