10 276 438
11 553 877
12 1107 1755
12 1107 1755
12 1108 1755
12 1108 1755
12 1109 1755
12 1109 1755
12 1110 1755
12 1110 1755
12 1111 1755
12 1111 1755
12 1112 1755
12 1112 1755
12 1113 1755
12 1113 1755
12 1114 1755
12 1114 1755
12 1115 1755
12 1115 1755
12 1116 1755
12 1116 1755
13 2214 3510
13 2214 3510
13 2214 3511
13 2214 3511
13 2215 3510
13 2215 3510
13 2215 3511
13 2215 3511
13 2216 3510
13 2216 3510
13 2216 3511
13 2216 3511
13 2217 3510
13 2217 3510
13 2217 3511
13 2217 3511
13 2218 3510
13 2218 3510
13 2218 3511
13 2218 3511
13 2219 3510
13 2219 3510
13 2219 3511
13 2219 3511
13 2220 3510
13 2220 3510
13 2220 3511
13 2220 3511
13 2221 3510
13 2221 3510
13 2221 3511
13 2221 3511
13 2222 3510
13 2222 3510
13 2222 3511
13 2222 3511
13 2223 3510
13 2223 3510
13 2223 3511
13 2223 3511
13 2224 3510
13 2224 3510
13 2224 3511
13 2224 3511
13 2225 3510
13 2225 3510
13 2225 3511
13 2225 3511
13 2226 3510
13 2226 3510
13 2226 3511
13 2226 3511
13 2227 3510
13 2227 3510
13 2227 3511
13 2227 3511
13 2228 3510
13 2228 3510
13 2228 3511
13 2228 3511
13 2229 3510
13 2229 3510
13 2229 3511
13 2229 3511
13 2230 3510
13 2230 3510
13 2230 3511
13 2230 3511
13 2231 3510
13 2231 3510
13 2231 3511
13 2231 3511
13 2232 3510
13 2232 3510
13 2232 3511
13 2232 3511
13 2233 3510
13 2233 3510
13 2233 3511
13 2233 3511
14 4428 7021
15 8857 14042
16 17715 28084
16 17755 28153
16 17806 28173
16 17817 28155
16 17822 28175
16 17846 28160
16 17854 28144
16 17854 28156
16 17860 28153
16 17861 28157
17 35431 56169
18 70862 112339
3 2 3
4 4 6
4 4 6
5 8 13
5 8 13
6 17 27
6 17 27
7 34 54
7 34 54
7 34 55
7 34 55
14 4428 7022
14 4428 7023
14 4428 7024
14 4428 7025
14 4428 7026
14 4428 7027
14 4428 7028
14 4428 7029
14 4428 7030
14 4428 7031
14 4428 7032
14 4428 7033
14 4428 7034
14 4428 7035
14 4428 7036
14 4428 7037
14 4428 7038
14 4428 7039
14 4428 7040
14 4428 7041
14 4428 7042
14 4428 7043
14 4428 7044
14 4428 7045
14 4428 7046
14 4428 7047
14 4428 7048
14 4428 7049
14 4428 7050
14 4428 7051
14 4428 7052
14 4428 7053
15 8857 14043
15 8857 14044
15 8857 14045
15 8857 14046
15 8857 14047
15 8857 14048
15 8857 14049
15 8857 14050
15 8857 14051
15 8857 14052
15 8857 14053
15 8857 14054
15 8857 14055
15 8857 14056
15 8857 14057
15 8857 14058
15 8857 14059
15 8857 14060
15 8857 14061
15 8857 14062
15 8857 14063
15 8857 14064
15 8857 14065
15 8857 14066
15 8857 14067
15 8857 14068
15 8857 14069
15 8857 14070
15 8857 14071
15 8857 14072
15 8857 14073
15 8857 14074
15 8857 14075
15 8857 14076
15 8857 14077
15 8857 14078
15 8857 14079
15 8857 14080
15 8857 14081
15 8857 14082
15 8857 14083
15 8857 14084
15 8857 14085
15 8857 14086
15 8857 14087
15 8857 14088
15 8857 14089
15 8857 14090
15 8857 14091
15 8857 14092
15 8857 14093
15 8857 14094
15 8857 14095
15 8857 14096
15 8857 14097
15 8857 14098
15 8857 14099
15 8857 14100
15 8857 14101
15 8857 14102
15 8857 14103
15 8857 14104
15 8857 14105
15 8857 14106
