10 160 355
10 161 356
10 161 357
10 161 358
10 161 359
10 162 358
10 162 359
10 163 358
10 163 359
10 164 358
10 164 359
10 165 356
10 165 357
10 165 358
10 165 359
10 166 356
10 166 357
10 166 358
10 166 359
11 323 714
11 325 716
11 325 717
11 326 716
11 326 717
11 327 716
11 327 717
11 328 716
11 328 717
11 329 716
11 329 717
11 330 713
11 330 714
11 330 715
11 330 716
11 330 717
12 647 1426
12 653 1431
12 653 1432
12 653 1433
12 654 1432
12 654 1433
12 655 1432
12 655 1433
12 656 1431
12 656 1432
12 656 1433
12 657 1431
12 657 1432
12 657 1433
12 658 1431
12 658 1432
12 658 1433
12 659 1428
12 659 1429
12 659 1430
12 659 1431
13 1296 2851
13 1310 2863
13 1310 2864
14 2596 5658
15 5190 11418
15 5226 11433
15 5226 11434
15 5226 11435
15 5226 11436
15 5227 11433
15 5227 11434
15 5227 11435
15 5227 11436
15 5228 11433
15 5228 11434
15 5228 11435
15 5228 11436
15 5229 11433
15 5229 11434
15 5229 11435
15 5229 11436
15 5230 11433
15 5230 11434
15 5230 11435
15 5230 11436
16 10448 22842
17 20963 45783
4 2 5
5 5 11
6 10 22
