10 253 425
11 507 850
11 507 850
12 1015 1700
12 1015 1700
12 1015 1701
12 1015 1701
12 1016 1698
12 1016 1698
12 1017 1698
12 1017 1698
12 1017 1699
12 1017 1699
13 2031 3396
13 2031 3396
13 2031 3400
13 2031 3400
13 2031 3401
13 2031 3401
13 2031 3402
13 2031 3402
13 2031 3403
13 2031 3403
13 2032 3396
13 2032 3396
13 2032 3397
13 2032 3397
13 2032 3401
13 2032 3401
13 2032 3402
13 2032 3402
13 2032 3403
13 2032 3403
13 2033 3396
13 2033 3396
13 2033 3397
13 2033 3397
13 2033 3398
13 2033 3398
13 2033 3403
13 2033 3403
13 2034 3396
13 2034 3396
13 2034 3397
13 2034 3397
13 2034 3398
13 2034 3398
13 2034 3399
13 2034 3399
13 2035 3396
13 2035 3396
13 2035 3397
13 2035 3397
13 2035 3398
13 2035 3398
13 2035 3399
13 2035 3399
13 2035 3400
13 2035 3400
13 2035 3401
13 2035 3401
14 4062 6793
14 4062 6797
14 4062 6798
14 4062 6799
14 4062 6800
14 4062 6801
14 4062 6802
14 4062 6803
14 4062 6804
14 4062 6805
14 4062 6806
14 4062 6807
14 4064 6794
14 4064 6795
14 4065 6796
15 8124 13587
15 8124 13588
15 8124 13591
15 8124 13592
15 8124 13593
15 8124 13594
15 8124 13595
15 8124 13596
15 8124 13597
15 8124 13598
15 8124 13599
15 8124 13600
15 8124 13601
15 8124 13602
15 8124 13603
15 8124 13604
15 8124 13605
15 8124 13606
15 8124 13607
15 8124 13608
15 8124 13609
15 8124 13610
15 8124 13611
15 8124 13612
15 8124 13613
15 8124 13614
15 8124 13615
15 8127 13589
15 8128 13590
16 16248 27175
16 16248 27176
16 16248 27177
16 16248 27178
16 16248 27179
16 16248 27180
16 16248 27181
16 16248 27182
16 16248 27183
16 16248 27184
16 16248 27185
16 16248 27186
16 16248 27187
16 16248 27188
16 16248 27189
16 16248 27190
16 16248 27191
16 16248 27192
16 16248 27193
16 16248 27194
16 16248 27195
16 16248 27196
16 16248 27197
16 16248 27198
16 16248 27199
16 16248 27200
16 16248 27201
16 16248 27202
16 16248 27203
16 16248 27204
16 16248 27205
16 16248 27206
16 16248 27207
16 16248 27208
16 16248 27209
16 16248 27210
16 16248 27211
16 16248 27212
16 16248 27213
16 16248 27214
16 16248 27215
16 16248 27216
16 16248 27217
16 16248 27218
16 16248 27219
16 16248 27220
16 16248 27221
16 16248 27222
16 16248 27223
16 16248 27224
16 16248 27225
16 16248 27226
16 16248 27227
16 16248 27228
16 16248 27229
16 16248 27230
16 16248 27231
17 32497 54351
17 32497 54352
17 32497 54353
17 32497 54354
17 32497 54355
17 32497 54356
17 32497 54357
17 32497 54358
17 32497 54359
17 32497 54360
17 32497 54361
17 32497 54362
17 32497 54363
17 32497 54364
17 32497 54365
17 32497 54366
17 32497 54367
17 32497 54368
17 32497 54369
17 32497 54370
17 32497 54371
17 32497 54372
17 32497 54373
17 32497 54374
17 32497 54375
17 32497 54376
17 32497 54377
17 32497 54378
17 32497 54379
17 32497 54380
17 32497 54381
17 32497 54382
17 32497 54383
17 32497 54384
17 32497 54385
17 32497 54386
17 32497 54387
17 32497 54388
17 32497 54389
17 32497 54390
17 32497 54391
17 32497 54392
17 32497 54393
17 32497 54394
17 32497 54395
17 32497 54396
17 32497 54397
17 32497 54398
17 32497 54399
17 32497 54400
17 32497 54401
17 32497 54402
17 32497 54403
17 32497 54404
17 32497 54405
17 32497 54406
17 32497 54407
17 32497 54408
17 32497 54409
17 32497 54410
17 32497 54411
17 32497 54412
17 32497 54413
17 32497 54414
17 32497 54415
17 32497 54416
17 32497 54417
17 32497 54418
17 32497 54419
17 32497 54420
17 32497 54421
17 32497 54422
17 32497 54423
17 32497 54424
17 32497 54425
17 32497 54426
17 32497 54427
17 32497 54428
17 32497 54429
17 32497 54430
17 32497 54431
17 32497 54432
17 32497 54433
17 32497 54434
17 32497 54435
17 32497 54436
17 32497 54437
17 32497 54438
17 32497 54439
17 32497 54440
17 32497 54441
17 32497 54442
17 32497 54443
17 32497 54444
17 32497 54445
17 32497 54446
17 32497 54447
17 32497 54448
17 32497 54449
17 32497 54450
17 32497 54451
17 32497 54452
17 32497 54453
17 32497 54454
17 32497 54455
17 32497 54456
17 32497 54457
17 32497 54458
17 32497 54459
17 32497 54460
17 32497 54461
17 32497 54462
17 32497 54463
18 64994 108703
3 1 3
4 3 6
4 3 6
5 7 13
5 7 13
6 15 26
6 15 26
7 31 53
7 31 53
8 63 106
8 63 106
