13 2254 3404
13 2254 3408
13 2254 3409
13 2254 3410
13 2254 3411
13 2254 3412
13 2254 3413
13 2254 3414
13 2254 3415
13 2254 3416
13 2254 3417
13 2255 3409
13 2255 3410
13 2255 3411
13 2255 3412
13 2255 3413
13 2255 3414
13 2255 3415
13 2255 3416
13 2255 3417
13 2256 3404
13 2256 3411
13 2256 3412
13 2256 3413
13 2256 3414
13 2256 3415
13 2256 3416
13 2256 3417
13 2257 3404
13 2257 3405
13 2257 3406
13 2257 3413
13 2257 3414
13 2257 3415
13 2257 3416
13 2257 3417
13 2258 3404
13 2258 3405
13 2258 3406
13 2258 3407
13 2258 3415
13 2258 3416
13 2258 3417
13 2259 3404
13 2259 3405
13 2259 3406
13 2259 3407
13 2259 3408
13 2259 3409
13 2259 3415
13 2259 3416
13 2259 3417
13 2260 3404
13 2260 3405
13 2260 3406
13 2260 3407
13 2260 3408
13 2260 3409
13 2260 3410
13 2260 3411
13 2260 3416
13 2260 3417
13 2261 3404
13 2261 3405
13 2261 3406
13 2261 3407
13 2261 3408
13 2261 3409
13 2261 3410
13 2261 3411
13 2261 3412
13 2261 3413
13 2261 3415
13 2261 3416
13 2261 3417
13 2262 3404
13 2262 3405
13 2262 3406
13 2262 3407
13 2262 3408
13 2262 3409
13 2262 3410
13 2262 3411
13 2262 3412
13 2262 3413
13 2262 3414
13 2262 3415
13 2262 3416
13 2262 3417
13 2263 3404
13 2263 3405
13 2263 3406
13 2263 3407
13 2263 3408
13 2263 3409
13 2263 3410
13 2263 3411
13 2263 3412
13 2263 3413
13 2263 3414
13 2263 3415
13 2263 3416
13 2263 3417
