13 1927 3399
13 1927 3399
13 1929 3397
13 1929 3397
13 1929 3398
13 1929 3398
14 3855 6797
14 3855 6798
14 3855 6799
14 3857 6795
14 3858 6796
14 3858 6797
15 7710 13590
15 7710 13591
15 7710 13592
15 7710 13593
15 7710 13594
15 7710 13595
15 7710 13596
15 7710 13597
15 7710 13598
15 7713 13590
15 7713 13591
15 7715 13592
15 7715 13593
15 7716 13594
16 15421 27180
16 15421 27181
16 15421 27182
16 15421 27183
16 15421 27184
16 15421 27185
16 15421 27186
16 15421 27187
16 15421 27188
16 15421 27189
16 15421 27190
16 15421 27191
16 15421 27192
16 15421 27193
16 15421 27194
16 15421 27195
16 15421 27196
16 15421 27197
16 15427 27181
16 15427 27182
16 15430 27185
16 15431 27187
16 15432 27188
16 15433 27192
16 15433 27193
17 30843 54361
17 30843 54362
17 30843 54363
17 30843 54364
17 30843 54365
17 30843 54366
17 30843 54367
17 30843 54368
17 30843 54369
17 30843 54370
17 30843 54371
17 30843 54372
17 30843 54373
17 30843 54374
17 30843 54375
17 30843 54376
17 30843 54377
17 30843 54378
17 30843 54379
17 30843 54380
17 30843 54381
17 30843 54382
17 30843 54383
17 30843 54384
17 30843 54385
17 30843 54386
17 30843 54387
17 30843 54388
17 30843 54389
17 30843 54390
17 30843 54391
17 30843 54392
17 30843 54393
17 30843 54394
17 30843 54395
17 30846 54372
17 30848 54370
17 30850 54374
17 30852 54368
17 30855 54363
17 30855 54364
17 30861 54370
17 30862 54384
17 30862 54389
17 30862 54393
17 30863 54375
17 30864 54393
17 30865 54376
17 30867 54384
17 30867 54386
18 61687 108723
18 61687 108724
18 61687 108725
18 61687 108726
18 61687 108727
18 61687 108728
18 61687 108729
18 61687 108730
18 61687 108731
18 61687 108732
18 61687 108733
18 61687 108734
18 61687 108735
18 61687 108736
18 61687 108737
18 61687 108738
18 61687 108739
18 61687 108740
18 61687 108741
18 61687 108742
18 61687 108743
18 61687 108744
18 61687 108745
18 61687 108746
18 61687 108747
18 61687 108748
18 61687 108749
18 61687 108750
18 61687 108751
18 61687 108752
18 61687 108753
18 61687 108754
18 61687 108755
18 61687 108756
18 61687 108757
18 61687 108758
18 61687 108759
18 61687 108760
18 61687 108761
18 61687 108762
18 61687 108763
18 61687 108764
18 61687 108765
18 61687 108766
18 61687 108767
18 61687 108768
18 61687 108769
18 61687 108770
18 61687 108771
18 61687 108772
18 61687 108773
18 61687 108774
18 61687 108775
18 61687 108776
18 61687 108777
18 61687 108778
18 61687 108779
18 61687 108780
18 61687 108781
18 61687 108782
18 61687 108783
18 61687 108784
18 61687 108785
18 61687 108786
18 61687 108787
18 61687 108788
18 61687 108789
18 61687 108790
18 61687 108791
3 1 3
4 3 6
4 3 6
5 7 13
5 7 13
6 15 26
6 15 26
7 30 53
7 30 53
8 60 106
8 60 106
