12 1068 1685
12 1068 1685
12 1068 1686
12 1068 1686
13 2137 3370
13 2137 3370
13 2137 3371
13 2137 3371
13 2137 3372
13 2137 3372
13 2142 3370
13 2142 3370
13 2143 3370
13 2143 3370
14 4275 6741
14 4275 6742
14 4275 6743
14 4275 6744
14 4275 6745
14 4276 6744
14 4285 6741
15 8551 13482
15 8551 13483
15 8551 13484
15 8551 13485
15 8551 13486
15 8551 13487
15 8551 13488
15 8551 13489
15 8551 13490
15 8551 13491
15 8553 13489
15 8571 13482
16 17103 26964
16 17103 26965
16 17103 26966
16 17103 26967
16 17103 26968
16 17103 26969
16 17103 26970
16 17103 26971
16 17103 26972
16 17103 26973
16 17103 26974
16 17103 26975
16 17103 26976
16 17103 26977
16 17103 26978
16 17103 26979
16 17103 26980
16 17103 26981
16 17103 26982
16 17106 26978
16 17143 26964
17 34207 53928
18 68414 107856
3 2 3
4 4 6
4 4 6
5 8 13
5 8 13
6 16 26
6 16 26
7 33 52
7 33 52
8 66 105
8 66 105
