11 574 819
12 1148 1639
12 1148 1639
12 1148 1640
12 1148 1640
12 1148 1641
12 1148 1641
12 1148 1642
12 1149 1639
12 1149 1639
12 1149 1642
12 1149 1643
12 1150 1638
12 1150 1641
12 1150 1641
12 1150 1642
12 1150 1643
12 1151 1638
12 1151 1641
12 1151 1641
12 1152 1638
12 1152 1639
12 1152 1640
13 2297 3278
13 2297 3278
13 2297 3279
13 2297 3279
13 2297 3280
13 2297 3280
13 2297 3281
13 2297 3281
13 2297 3282
13 2297 3282
13 2297 3283
13 2297 3283
13 2298 3278
13 2298 3278
13 2298 3279
13 2298 3279
13 2298 3283
13 2298 3283
13 2299 3278
13 2299 3278
13 2299 3279
13 2299 3279
13 2299 3283
13 2299 3283
13 2300 3278
13 2300 3278
13 2300 3282
13 2300 3282
13 2300 3283
13 2300 3283
13 2301 3282
13 2301 3282
13 2301 3283
13 2301 3283
13 2302 3277
13 2302 3281
13 2302 3281
13 2302 3282
13 2302 3282
13 2302 3283
13 2302 3283
13 2303 3277
13 2303 3278
13 2303 3278
13 2303 3281
13 2303 3281
13 2303 3282
13 2303 3282
13 2303 3283
13 2303 3283
13 2304 3277
13 2304 3278
13 2304 3279
13 2304 3280
14 4594 6557
14 4594 6558
14 4594 6559
14 4594 6560
14 4594 6561
14 4594 6562
14 4594 6563
14 4594 6564
14 4594 6565
14 4594 6566
14 4594 6567
14 4605 6557
15 9188 13114
15 9188 13115
15 9188 13116
15 9188 13117
15 9188 13118
15 9188 13119
15 9188 13120
15 9188 13121
15 9188 13122
15 9188 13123
15 9188 13124
15 9188 13125
15 9188 13126
15 9188 13127
15 9188 13128
15 9188 13129
15 9188 13130
15 9188 13131
15 9188 13132
15 9188 13133
15 9188 13134
15 9188 13135
15 9211 13115
15 9211 13116
16 18377 26228
16 18377 26229
16 18377 26230
16 18377 26231
16 18377 26232
16 18377 26233
16 18377 26234
16 18377 26235
16 18377 26236
16 18377 26237
16 18377 26238
16 18377 26239
16 18377 26240
16 18377 26241
16 18377 26242
16 18377 26243
16 18377 26244
16 18377 26245
16 18377 26246
16 18377 26247
16 18377 26248
16 18377 26249
16 18377 26250
16 18377 26251
16 18377 26252
16 18377 26253
16 18377 26254
16 18377 26255
16 18377 26256
16 18377 26257
16 18377 26258
16 18377 26259
16 18377 26260
16 18377 26261
16 18377 26262
16 18377 26263
16 18377 26264
16 18377 26265
16 18377 26266
16 18377 26267
16 18377 26268
16 18377 26269
16 18377 26270
16 18377 26271
16 18423 26230
16 18423 26233
17 36755 52456
17 36755 52457
17 36755 52458
17 36755 52459
17 36755 52460
17 36755 52461
17 36755 52462
17 36755 52463
17 36755 52464
17 36755 52465
17 36755 52466
17 36755 52467
17 36755 52468
17 36755 52469
17 36755 52470
17 36755 52471
17 36755 52472
17 36755 52473
17 36755 52474
17 36755 52475
17 36755 52476
17 36755 52477
17 36755 52478
17 36755 52479
17 36755 52480
17 36755 52481
17 36755 52482
17 36755 52483
17 36755 52484
17 36755 52485
17 36755 52486
17 36755 52487
17 36755 52488
17 36755 52489
17 36755 52490
17 36755 52491
17 36755 52492
17 36755 52493
17 36755 52494
17 36755 52495
17 36755 52496
17 36755 52497
17 36755 52498
17 36755 52499
17 36755 52500
17 36755 52501
17 36755 52502
17 36755 52503
17 36755 52504
17 36755 52505
17 36755 52506
17 36755 52507
17 36755 52508
17 36755 52509
17 36755 52510
17 36755 52511
17 36755 52512
17 36755 52513
17 36755 52514
17 36755 52515
17 36755 52516
17 36755 52517
17 36755 52518
17 36755 52519
17 36755 52520
17 36755 52521
17 36755 52522
17 36755 52523
17 36755 52524
17 36755 52525
17 36755 52526
17 36755 52527
17 36755 52528
17 36755 52529
17 36755 52530
17 36755 52531
17 36755 52532
17 36755 52533
17 36755 52534
17 36755 52535
17 36755 52536
17 36755 52537
17 36755 52538
17 36755 52539
17 36755 52540
17 36755 52541
17 36755 52542
17 36755 52543
18 73510 104912
3 2 3
4 4 6
4 4 6
5 8 12
5 8 12
6 17 25
6 17 25
7 35 51
7 35 51
