5 10 10
6 15 21
7 34 44
8 82 91
9 146 182
11 645 734
12 1287 1471
13 2527 2956
14 5056 5914
15 10114 11830
13 2343 2921
13 2343 2922
13 2343 2923
13 2343 2924
13 2343 2925
13 2343 2926
13 2343 2927
13 2343 2928
13 2343 2929
13 2343 2930
13 2343 2931
13 2343 2932
13 2343 2933
13 2343 2934
13 2343 2935
13 2343 2936
13 2343 2937
13 2343 2938
13 2343 2939
13 2343 2940
13 2343 2941
13 2343 2942
13 2343 2943
13 2343 2944
13 2343 2945
13 2343 2946
13 2343 2947
13 2343 2948
13 2343 2949
13 2343 2950
13 2343 2951
13 2343 2952
13 2343 2953
13 2343 2954
13 2343 2955
13 2343 2956
13 2343 2957
13 2343 2958
13 2343 2959
13 2343 2960
13 2343 2961
13 2343 2962
13 2343 2963
13 2343 2964
13 2343 2965
13 2343 2966
13 2343 2967
13 2343 2968
13 2343 2969
13 2343 2970
13 2343 2971
13 2343 2972
13 2343 2973
13 2343 2974
13 2343 2975
13 2343 2976
13 2343 2977
13 2343 2978
13 2343 2979
13 2343 2980
13 2343 2981
13 2343 2982
13 2343 2983
13 2343 2984
13 2343 2985
13 2343 2986
13 2343 2987
13 2343 2988
13 2343 2989
13 2343 2990
13 2343 2991
13 2343 2992
13 2343 2993
13 2343 2994
13 2343 2995
13 2343 2996
13 2343 2997
13 2343 2998
13 2343 2999
13 2343 3000
13 2343 3001
13 2343 3002
13 2343 3003
13 2343 3004
13 2343 3005
13 2343 3006
13 2343 3007
13 2343 3008
13 2343 3009
13 2343 3010
13 2343 3011
13 2343 3012
13 2343 3013
13 2343 3014
13 2343 3015
13 2343 3016
13 2343 3017
13 2343 3018
13 2343 3019
13 2343 3020
13 2343 3021
13 2343 3022
13 2343 3023
13 2343 3024
13 2343 3025
13 2343 3026
13 2343 3027
13 2343 3028
13 2343 3029
13 2343 3030
13 2343 3031
13 2343 3032
13 2343 3033
13 2343 3034
13 2343 3035
13 2343 3036
13 2343 3037
13 2343 3038
13 2343 3039
13 2343 3040
13 2343 3041
13 2343 3042
13 2343 3043
13 2343 3044
13 2343 3045
13 2343 3046
13 2343 3047
13 2343 3048
13 2343 3049
13 2343 3050
13 2343 3051
13 2343 3052
13 2343 3053
13 2343 3054
13 2343 3055
13 2343 3056
13 2343 3057
13 2343 3058
13 2343 3059
13 2343 3060
13 2343 3061
13 2343 3062
13 2343 3063
13 2343 3064
13 2343 3065
13 2343 3066
13 2343 3067
13 2343 3068
13 2343 3069
13 2343 3070
13 2343 3071
13 2343 3072
13 2343 3073
13 2343 3074
13 2343 3075
13 2343 3076
13 2343 3077
13 2343 3078
13 2343 3079
13 2343 3080
13 2343 3081
13 2343 3082
13 2343 3083
13 2343 3084
13 2343 3085
13 2343 3086
13 2343 3087
13 2343 3088
13 2343 3089
13 2343 3090
13 2343 3091
13 2343 3092
13 2343 3093
13 2343 3094
13 2343 3095
13 2343 3096
13 2343 3097
13 2343 3098
13 2343 3099
13 2343 3100
13 2343 3101
13 2343 3102
13 2343 3103
13 2343 3104
13 2343 3105
13 2343 3106
13 2343 3107
13 2343 3108
13 2343 3109
13 2343 3110
13 2343 3111
13 2343 3112
13 2343 3113
13 2343 3114
13 2343 3115
13 2343 3116
13 2343 3117
13 2343 3118
13 2343 3119
13 2343 3120
13 2343 3121
13 2343 3122
13 2343 3123
13 2343 3124
13 2343 3125
13 2343 3126
13 2343 3127
13 2343 3128
13 2343 3129
13 2343 3130
13 2343 3131
13 2343 3132
13 2343 3133
13 2343 3134
13 2343 3135
13 2343 3136
13 2343 3137
13 2343 3138
13 2343 3139
13 2343 3140
13 2343 3141
13 2343 3142
13 2343 3143
13 2343 3144
13 2343 3145
13 2343 3146
13 2343 3147
13 2343 3148
13 2343 3149
13 2343 3150
13 2343 3151
13 2343 3152
13 2343 3153
13 2343 3154
13 2343 3155
13 2343 3156
13 2343 3157
13 2343 3158
13 2343 3159
13 2343 3160
13 2343 3161
13 2343 3162
13 2343 3163
13 2343 3164
13 2343 3165
13 2343 3166
13 2343 3167
13 2343 3168
13 2343 3169
13 2343 3170
13 2343 3171
13 2343 3172
13 2343 3173
13 2343 3174
13 2343 3175
13 2343 3176
13 2343 3177
13 2343 3178
13 2343 3179
13 2343 3180
13 2343 3181
13 2343 3182
13 2343 3183
13 2343 3184
13 2343 3185
13 2343 3186
13 2343 3187
13 2343 3188
13 2343 3189
13 2343 3190
13 2343 3191
13 2343 3192
13 2343 3193
13 2343 3194
13 2343 3195
13 2343 3196
13 2343 3197
13 2343 3198
13 2343 3199
13 2343 3200
13 2343 3201
13 2343 3202
13 2343 3203
13 2343 3204
13 2343 3205
13 2343 3206
13 2343 3207
13 2343 3208
13 2343 3209
13 2343 3210
13 2343 3211
13 2343 3212
13 2343 3213
13 2343 3214
13 2343 3215
13 2343 3216
13 2343 3217
13 2343 3218
13 2343 3219
13 2343 3220
13 2343 3221
13 2343 3222
13 2343 3223
13 2343 3224
13 2343 3225
13 2343 3226
13 2343 3227
13 2343 3228
13 2343 3229
13 2343 3230
13 2343 3231
13 2343 3232
13 2343 3233
13 2343 3234
13 2343 3235
13 2343 3236
13 2343 3237
13 2343 3238
13 2343 3239
13 2343 3240
13 2343 3241
13 2343 3242
13 2343 3243
13 2343 3244
13 2343 3245
13 2343 3246
13 2343 3247
13 2343 3248
13 2343 3249
13 2343 3250
13 2343 3251
13 2343 3252
13 2343 3253
13 2343 3254
13 2343 3255
13 2343 3256
13 2343 3257
13 2343 3258
13 2343 3259
13 2343 3260
13 2343 3261
13 2343 3262
13 2343 3263
13 2343 3264
13 2343 3265
13 2343 3266
13 2343 3267
13 2343 3268
13 2344 2921
13 2344 2922
13 2344 2923
13 2344 2924
13 2344 2925
13 2344 2926
13 2344 2927
13 2344 2928
13 2344 2929
13 2344 2930
13 2344 2931
13 2344 2932
13 2344 2933
13 2344 2934
13 2344 2935
13 2344 2936
13 2344 2937
13 2344 2938
13 2344 2939
13 2344 2940
13 2344 2941
13 2344 2942
13 2344 2943
13 2344 2944
13 2344 2945
13 2344 2946
13 2344 2947
13 2344 2948
13 2344 2949
13 2344 2950
13 2344 2951
13 2344 2952
13 2344 2953
13 2344 2954
13 2344 2955
13 2344 2956
13 2344 2957
13 2344 2958
13 2344 2959
13 2344 2960
13 2344 2961
13 2344 2962
13 2344 2963
13 2344 2964
13 2344 2965
13 2344 2966
13 2344 2967
13 2344 2968
13 2344 2969
13 2344 2970
13 2344 2971
13 2344 2972
13 2344 2973
13 2344 2974
13 2344 2975
13 2344 2976
13 2344 2977
13 2344 2978
13 2344 2979
13 2344 2980
13 2344 2981
13 2344 2982
13 2344 2983
13 2344 2984
13 2344 2985
13 2344 2986
13 2344 2987
13 2344 2988
13 2344 2989
13 2344 2990
13 2344 2991
13 2344 2992
13 2344 2993
13 2344 2994
13 2344 2995
13 2344 2996
13 2344 2997
13 2344 2998
13 2344 2999
13 2344 3000
13 2344 3001
13 2344 3002
13 2344 3003
13 2344 3004
13 2344 3005
13 2344 3006
13 2344 3007
13 2344 3008
13 2344 3009
13 2344 3010
13 2344 3011
13 2344 3012
13 2344 3013
13 2344 3014
13 2344 3015
13 2344 3016
13 2344 3017
13 2344 3018
13 2344 3019
13 2344 3020
13 2344 3021
13 2344 3022
13 2344 3023
13 2344 3024
13 2344 3025
13 2344 3026
13 2344 3027
13 2344 3028
13 2344 3029
13 2344 3030
13 2344 3031
13 2344 3032
13 2344 3033
13 2344 3034
13 2344 3035
13 2344 3036
13 2344 3037
13 2344 3038
13 2344 3039
13 2344 3040
13 2344 3041
13 2344 3042
13 2344 3043
13 2344 3044
13 2344 3045
13 2344 3046
13 2344 3047
13 2344 3048
13 2344 3049
13 2344 3050
13 2344 3051
13 2344 3052
13 2344 3053
13 2344 3054
13 2344 3055
13 2344 3056
13 2344 3057
13 2344 3058
13 2344 3059
13 2344 3060
13 2344 3061
13 2344 3062
13 2344 3063
13 2344 3064
13 2344 3065
13 2344 3066
13 2344 3067
13 2344 3068
13 2344 3069
13 2344 3070
13 2344 3071
13 2344 3072
13 2344 3073
13 2344 3074
13 2344 3075
13 2344 3076
13 2344 3077
13 2344 3078
13 2344 3079
13 2344 3080
13 2344 3081
13 2344 3082
13 2344 3083
13 2344 3084
13 2344 3085
13 2344 3086
13 2344 3087
13 2344 3088
13 2344 3089
13 2344 3090
13 2344 3091
13 2344 3092
13 2344 3093
13 2344 3094
13 2344 3095
13 2344 3096
13 2344 3097
13 2344 3098
13 2344 3099
13 2344 3100
13 2344 3101
13 2344 3102
13 2344 3103
13 2344 3104
13 2344 3105
13 2344 3106
13 2344 3107
13 2344 3108
13 2344 3109
13 2344 3110
13 2344 3111
13 2344 3112
13 2344 3113
13 2344 3114
13 2344 3115
13 2344 3116
13 2344 3117
13 2344 3118
13 2344 3119
13 2344 3120
13 2344 3121
13 2344 3122
13 2344 3123
13 2344 3124
13 2344 3125
13 2344 3126
13 2344 3127
13 2344 3128
13 2344 3129
13 2344 3130
13 2344 3131
13 2344 3132
13 2344 3133
13 2344 3134
13 2344 3135
13 2344 3136
13 2344 3137
13 2344 3138
13 2344 3139
13 2344 3140
13 2344 3141
13 2344 3142
13 2344 3143
13 2344 3144
13 2344 3145
13 2344 3146
13 2344 3147
13 2344 3148
13 2344 3149
13 2344 3150
13 2344 3151
13 2344 3152
13 2344 3153
13 2344 3154
13 2344 3155
13 2344 3156
13 2344 3157
13 2344 3158
13 2344 3159
13 2344 3160
13 2344 3161
13 2344 3162
13 2344 3163
13 2344 3164
13 2344 3165
13 2344 3166
13 2344 3167
13 2344 3168
13 2344 3169
13 2344 3170
13 2344 3171
13 2344 3172
13 2344 3173
13 2344 3174
13 2344 3175
13 2344 3176
13 2344 3177
13 2344 3178
13 2344 3179
13 2344 3180
13 2344 3181
13 2344 3182
13 2344 3183
13 2344 3184
13 2344 3185
13 2344 3186
13 2344 3187
13 2344 3188
13 2344 3189
13 2344 3190
13 2344 3191
13 2344 3192
13 2344 3193
13 2344 3194
13 2344 3195
13 2344 3196
13 2344 3197
13 2344 3198
13 2344 3199
13 2344 3200
13 2344 3201
13 2344 3202
13 2344 3203
13 2344 3204
13 2344 3205
13 2344 3206
13 2344 3207
13 2344 3208
13 2344 3209
13 2344 3210
13 2344 3211
13 2344 3212
13 2344 3213
13 2344 3214
13 2344 3215
13 2344 3216
13 2344 3217
13 2344 3218
13 2344 3219
13 2344 3220
13 2344 3221
13 2344 3222
13 2344 3223
13 2344 3224
13 2344 3225
13 2344 3226
13 2344 3227
13 2344 3228
13 2344 3229
13 2344 3230
13 2344 3231
13 2344 3232
13 2344 3233
13 2344 3234
13 2344 3235
13 2344 3236
13 2344 3237
13 2344 3238
13 2344 3239
13 2344 3240
13 2344 3241
13 2344 3242
13 2344 3243
13 2344 3244
13 2344 3245
13 2344 3246
13 2344 3247
13 2344 3248
13 2344 3249
13 2344 3250
13 2344 3251
13 2344 3252
13 2344 3253
13 2344 3254
13 2344 3255
13 2344 3256
13 2344 3257
13 2344 3258
13 2344 3259
13 2344 3260
13 2344 3261
13 2344 3262
13 2344 3263
13 2344 3264
13 2344 3265
13 2344 3266
13 2344 3267
13 2344 3268
13 2345 2921
13 2345 2922
13 2345 2923
13 2345 2924
13 2345 2925
13 2345 2926
13 2345 2927
13 2345 2928
13 2345 2929
13 2345 2930
13 2345 2931
13 2345 2932
13 2345 2933
13 2345 2934
13 2345 2935
13 2345 2936
13 2345 2937
13 2345 2938
13 2345 2939
13 2345 2940
13 2345 2941
13 2345 2942
13 2345 2943
13 2345 2944
13 2345 2945
13 2345 2946
13 2345 2947
13 2345 2948
13 2345 2949
13 2345 2950
13 2345 2951
13 2345 2952
13 2345 2953
13 2345 2954
13 2345 2955
13 2345 2956
13 2345 2957
13 2345 2958
13 2345 2959
13 2345 2960
13 2345 2961
13 2345 2962
13 2345 2963
13 2345 2964
13 2345 2965
13 2345 2966
13 2345 2967
13 2345 2968
13 2345 2969
13 2345 2970
13 2345 2971
13 2345 2972
13 2345 2973
13 2345 2974
13 2345 2975
13 2345 2976
13 2345 2977
13 2345 2978
13 2345 2979
13 2345 2980
13 2345 2981
13 2345 2982
13 2345 2983
13 2345 2984
13 2345 2985
13 2345 2986
13 2345 2987
13 2345 2988
13 2345 2989
13 2345 2990
13 2345 2991
13 2345 2992
13 2345 2993
13 2345 2994
13 2345 2995
13 2345 2996
13 2345 2997
13 2345 2998
13 2345 2999
13 2345 3000
13 2345 3001
13 2345 3002
13 2345 3003
13 2345 3004
13 2345 3005
13 2345 3006
13 2345 3007
13 2345 3008
13 2345 3009
13 2345 3010
13 2345 3011
13 2345 3012
13 2345 3013
13 2345 3014
13 2345 3015
13 2345 3016
13 2345 3017
13 2345 3018
13 2345 3019
13 2345 3020
13 2345 3021
13 2345 3022
13 2345 3023
13 2345 3024
13 2345 3025
13 2345 3026
13 2345 3027
13 2345 3028
13 2345 3029
13 2345 3030
13 2345 3031
13 2345 3032
13 2345 3033
13 2345 3034
13 2345 3035
13 2345 3036
13 2345 3037
13 2345 3038
13 2345 3039
13 2345 3040
13 2345 3041
13 2345 3042
13 2345 3043
13 2345 3044
13 2345 3045
13 2345 3046
13 2345 3047
13 2345 3048
13 2345 3049
13 2345 3050
13 2345 3051
13 2345 3052
13 2345 3053
13 2345 3054
13 2345 3055
13 2345 3056
13 2345 3057
13 2345 3058
13 2345 3059
13 2345 3060
13 2345 3061
13 2345 3062
13 2345 3063
13 2345 3064
13 2345 3065
13 2345 3066
13 2345 3067
13 2345 3068
13 2345 3069
13 2345 3070
13 2345 3071
13 2345 3072
13 2345 3073
13 2345 3074
13 2345 3075
13 2345 3076
13 2345 3077
13 2345 3078
13 2345 3079
13 2345 3080
13 2345 3081
13 2345 3082
13 2345 3083
13 2345 3084
13 2345 3085
13 2345 3086
13 2345 3087
13 2345 3088
13 2345 3089
13 2345 3090
13 2345 3091
13 2345 3092
13 2345 3093
13 2345 3094
13 2345 3095
13 2345 3096
13 2345 3097
13 2345 3098
13 2345 3099
13 2345 3100
13 2345 3101
13 2345 3102
13 2345 3103
13 2345 3104
13 2345 3105
13 2345 3106
13 2345 3107
13 2345 3108
13 2345 3109
13 2345 3110
13 2345 3111
13 2345 3112
13 2345 3113
13 2345 3114
13 2345 3115
13 2345 3116
13 2345 3117
13 2345 3118
13 2345 3119
13 2345 3120
13 2345 3121
13 2345 3122
13 2345 3123
13 2345 3124
13 2345 3125
13 2345 3126
13 2345 3127
13 2345 3128
13 2345 3129
13 2345 3130
13 2345 3131
13 2345 3132
13 2345 3133
13 2345 3134
13 2345 3135
13 2345 3136
13 2345 3137
13 2345 3138
13 2345 3139
13 2345 3140
13 2345 3141
13 2345 3142
13 2345 3143
13 2345 3144
13 2345 3145
13 2345 3146
13 2345 3147
13 2345 3148
13 2345 3149
13 2345 3150
13 2345 3151
13 2345 3152
13 2345 3153
13 2345 3154
13 2345 3155
13 2345 3156
13 2345 3157
13 2345 3158
13 2345 3159
13 2345 3160
13 2345 3161
13 2345 3162
13 2345 3163
13 2345 3164
13 2345 3165
13 2345 3166
13 2345 3167
13 2345 3168
13 2345 3169
13 2345 3170
13 2345 3171
13 2345 3172
13 2345 3173
13 2345 3174
13 2345 3175
13 2345 3176
13 2345 3177
13 2345 3178
13 2345 3179
13 2345 3180
13 2345 3181
13 2345 3182
13 2345 3183
13 2345 3184
13 2345 3185
13 2345 3186
13 2345 3187
13 2345 3188
13 2345 3189
13 2345 3190
13 2345 3191
13 2345 3192
13 2345 3193
13 2345 3194
13 2345 3195
13 2345 3196
13 2345 3197
13 2345 3198
13 2345 3199
13 2345 3200
13 2345 3201
13 2345 3202
13 2345 3203
13 2345 3204
13 2345 3205
13 2345 3206
13 2345 3207
13 2345 3208
13 2345 3209
13 2345 3210
13 2345 3211
13 2345 3212
13 2345 3213
13 2345 3214
13 2345 3215
13 2345 3216
13 2345 3217
13 2345 3218
13 2345 3219
13 2345 3220
13 2345 3221
13 2345 3222
13 2345 3223
13 2345 3224
13 2345 3225
13 2345 3226
13 2345 3227
13 2345 3228
13 2345 3229
13 2345 3230
13 2345 3231
13 2345 3232
13 2345 3233
13 2345 3234
13 2345 3235
13 2345 3236
13 2345 3237
13 2345 3238
13 2345 3239
13 2345 3240
13 2345 3241
13 2345 3242
13 2345 3243
13 2345 3244
13 2345 3245
13 2345 3246
13 2345 3247
13 2345 3248
13 2345 3249
13 2345 3250
13 2345 3251
13 2345 3252
13 2345 3253
13 2345 3254
13 2345 3255
13 2345 3256
13 2345 3257
13 2345 3258
13 2345 3259
13 2345 3260
13 2345 3261
13 2345 3262
13 2345 3263
13 2345 3264
13 2345 3265
13 2345 3266
13 2345 3267
13 2345 3268
13 2346 2921
13 2346 2922
13 2346 2923
13 2346 2924
13 2346 2925
13 2346 2926
13 2346 2927
13 2346 2928
13 2346 2929
13 2346 2930
13 2346 2931
13 2346 2932
13 2346 2933
13 2346 2934
13 2346 2935
13 2346 2936
13 2346 2937
13 2346 2938
13 2346 2939
13 2346 2940
13 2346 2941
13 2346 2942
13 2346 2943
13 2346 2944
13 2346 2945
13 2346 2946
13 2346 2947
13 2346 2948
13 2346 2949
13 2346 2950
13 2346 2951
13 2346 2952
13 2346 2953
13 2346 2954
13 2346 2955
13 2346 2956
13 2346 2957
13 2346 2958
13 2346 2959
13 2346 2960
13 2346 2961
13 2346 2962
13 2346 2963
13 2346 2964
13 2346 2965
13 2346 2966
13 2346 2967
13 2346 2968
13 2346 2969
13 2346 2970
13 2346 2971
13 2346 2972
13 2346 2973
13 2346 2974
13 2346 2975
13 2346 2976
13 2346 2977
13 2346 2978
13 2346 2979
13 2346 2980
13 2346 2981
13 2346 2982
13 2346 2983
13 2346 2984
13 2346 2985
13 2346 2986
13 2346 2987
13 2346 2988
13 2346 2989
13 2346 2990
13 2346 2991
13 2346 2992
13 2346 2993
13 2346 2994
13 2346 2995
13 2346 2996
13 2346 2997
13 2346 2998
13 2346 2999
13 2346 3000
13 2346 3001
13 2346 3002
13 2346 3003
13 2346 3004
13 2346 3005
13 2346 3006
13 2346 3007
13 2346 3008
13 2346 3009
13 2346 3010
13 2346 3011
13 2346 3012
13 2346 3013
13 2346 3014
13 2346 3015
13 2346 3016
13 2346 3017
13 2346 3018
13 2346 3019
13 2346 3020
13 2346 3021
13 2346 3022
13 2346 3023
13 2346 3024
13 2346 3025
13 2346 3026
13 2346 3027
13 2346 3028
13 2346 3029
13 2346 3030
13 2346 3031
13 2346 3032
13 2346 3033
13 2346 3034
13 2346 3035
13 2346 3036
13 2346 3037
13 2346 3038
13 2346 3039
13 2346 3040
13 2346 3041
13 2346 3042
13 2346 3043
13 2346 3044
13 2346 3045
13 2346 3046
13 2346 3047
13 2346 3048
13 2346 3049
13 2346 3050
13 2346 3051
13 2346 3052
13 2346 3053
13 2346 3054
13 2346 3055
13 2346 3056
13 2346 3057
13 2346 3058
13 2346 3059
13 2346 3060
13 2346 3061
13 2346 3062
13 2346 3063
13 2346 3064
13 2346 3065
13 2346 3066
13 2346 3067
13 2346 3068
13 2346 3069
13 2346 3070
13 2346 3071
13 2346 3072
13 2346 3073
13 2346 3074
13 2346 3075
13 2346 3076
13 2346 3077
13 2346 3078
13 2346 3079
13 2346 3080
13 2346 3081
13 2346 3082
13 2346 3083
13 2346 3084
13 2346 3085
13 2346 3086
13 2346 3087
13 2346 3088
13 2346 3089
13 2346 3090
13 2346 3091
13 2346 3092
13 2346 3093
13 2346 3094
13 2346 3095
13 2346 3096
13 2346 3097
13 2346 3098
13 2346 3099
13 2346 3100
13 2346 3101
13 2346 3102
13 2346 3103
13 2346 3104
13 2346 3105
13 2346 3106
13 2346 3107
13 2346 3108
13 2346 3109
13 2346 3110
13 2346 3111
13 2346 3112
13 2346 3113
13 2346 3114
13 2346 3115
13 2346 3116
13 2346 3117
13 2346 3118
13 2346 3119
13 2346 3120
13 2346 3121
13 2346 3122
13 2346 3123
13 2346 3124
13 2346 3125
13 2346 3126
13 2346 3127
13 2346 3128
13 2346 3129
13 2346 3130
13 2346 3131
13 2346 3132
13 2346 3133
13 2346 3134
13 2346 3135
13 2346 3136
13 2346 3137
13 2346 3138
13 2346 3139
13 2346 3140
13 2346 3141
13 2346 3142
13 2346 3143
13 2346 3144
13 2346 3145
13 2346 3146
13 2346 3147
13 2346 3148
13 2346 3149
13 2346 3150
13 2346 3151
13 2346 3152
13 2346 3153
13 2346 3154
13 2346 3155
13 2346 3156
13 2346 3157
13 2346 3158
13 2346 3159
13 2346 3160
13 2346 3161
13 2346 3162
13 2346 3163
13 2346 3164
13 2346 3165
13 2346 3166
13 2346 3167
13 2346 3168
13 2346 3169
13 2346 3170
13 2346 3171
13 2346 3172
13 2346 3173
13 2346 3174
13 2346 3175
13 2346 3176
13 2346 3177
13 2346 3178
13 2346 3179
13 2346 3180
13 2346 3181
13 2346 3182
13 2346 3183
13 2346 3184
13 2346 3185
13 2346 3186
13 2346 3187
13 2346 3188
13 2346 3189
13 2346 3190
13 2346 3191
13 2346 3192
13 2346 3193
13 2346 3194
13 2346 3195
13 2346 3196
13 2346 3197
13 2346 3198
13 2346 3199
13 2346 3200
13 2346 3201
13 2346 3202
13 2346 3203
13 2346 3204
13 2346 3205
13 2346 3206
13 2346 3207
13 2346 3208
13 2346 3209
13 2346 3210
13 2346 3211
13 2346 3212
13 2346 3213
13 2346 3214
13 2346 3215
13 2346 3216
13 2346 3217
13 2346 3218
13 2346 3219
13 2346 3220
13 2346 3221
13 2346 3222
13 2346 3223
13 2346 3224
13 2346 3225
13 2346 3226
13 2346 3227
13 2346 3228
13 2346 3229
13 2346 3230
13 2346 3231
13 2346 3232
13 2346 3233
13 2346 3234
13 2346 3235
13 2346 3236
13 2346 3237
13 2346 3238
13 2346 3239
13 2346 3240
13 2346 3241
13 2346 3242
13 2346 3243
13 2346 3244
13 2346 3245
13 2346 3246
13 2346 3247
13 2346 3248
13 2346 3249
13 2346 3250
13 2346 3251
13 2346 3252
13 2346 3253
13 2346 3254
13 2346 3255
13 2346 3256
13 2346 3257
13 2346 3258
13 2346 3259
13 2346 3260
13 2346 3261
13 2346 3262
13 2346 3263
13 2346 3264
13 2346 3265
13 2346 3266
13 2346 3267
13 2346 3268
13 2347 2921
13 2347 2922
13 2347 2923
13 2347 2924
13 2347 2925
13 2347 2926
13 2347 2927
13 2347 2928
13 2347 2929
13 2347 2930
13 2347 2931
13 2347 2932
13 2347 2933
13 2347 2934
13 2347 2935
13 2347 2936
13 2347 2937
13 2347 2938
13 2347 2939
13 2347 2940
13 2347 2941
13 2347 2942
13 2347 2943
13 2347 2944
13 2347 2945
13 2347 2946
13 2347 2947
13 2347 2948
13 2347 2949
13 2347 2950
13 2347 2951
13 2347 2952
13 2347 2953
13 2347 2954
13 2347 2955
13 2347 2956
13 2347 2957
13 2347 2958
13 2347 2959
13 2347 2960
13 2347 2961
13 2347 2962
13 2347 2963
13 2347 2964
13 2347 2965
13 2347 2966
13 2347 2967
13 2347 2968
13 2347 2969
13 2347 2970
13 2347 2971
13 2347 2972
13 2347 2973
13 2347 2974
13 2347 2975
13 2347 2976
13 2347 2977
13 2347 2978
13 2347 2979
13 2347 2980
13 2347 2981
13 2347 2982
13 2347 2983
13 2347 2984
13 2347 2985
13 2347 2986
13 2347 2987
13 2347 2988
13 2347 2989
13 2347 2990
13 2347 2991
13 2347 2992
13 2347 2993
13 2347 2994
13 2347 2995
13 2347 2996
13 2347 2997
13 2347 2998
13 2347 2999
13 2347 3000
13 2347 3001
13 2347 3002
13 2347 3003
13 2347 3004
13 2347 3005
13 2347 3006
13 2347 3007
13 2347 3008
13 2347 3009
13 2347 3010
13 2347 3011
13 2347 3012
13 2347 3013
13 2347 3014
13 2347 3015
13 2347 3016
13 2347 3017
13 2347 3018
13 2347 3019
13 2347 3020
13 2347 3021
13 2347 3022
13 2347 3023
13 2347 3024
13 2347 3025
13 2347 3026
13 2347 3027
13 2347 3028
13 2347 3029
13 2347 3030
13 2347 3031
13 2347 3032
13 2347 3033
13 2347 3034
13 2347 3035
13 2347 3036
13 2347 3037
13 2347 3038
13 2347 3039
13 2347 3040
13 2347 3041
13 2347 3042
13 2347 3043
13 2347 3044
13 2347 3045
13 2347 3046
13 2347 3047
13 2347 3048
13 2347 3049
13 2347 3050
13 2347 3051
13 2347 3052
13 2347 3053
13 2347 3054
13 2347 3055
13 2347 3056
13 2347 3057
13 2347 3058
13 2347 3059
13 2347 3060
13 2347 3061
13 2347 3062
13 2347 3063
13 2347 3064
13 2347 3065
13 2347 3066
13 2347 3067
13 2347 3068
13 2347 3069
13 2347 3070
13 2347 3071
13 2347 3072
13 2347 3073
13 2347 3074
13 2347 3075
13 2347 3076
13 2347 3077
13 2347 3078
13 2347 3079
13 2347 3080
13 2347 3081
13 2347 3082
13 2347 3083
13 2347 3084
13 2347 3085
13 2347 3086
13 2347 3087
13 2347 3088
13 2347 3089
13 2347 3090
13 2347 3091
13 2347 3092
13 2347 3093
13 2347 3094
13 2347 3095
13 2347 3096
13 2347 3097
13 2347 3098
13 2347 3099
13 2347 3100
13 2347 3101
13 2347 3102
13 2347 3103
13 2347 3104
13 2347 3105
13 2347 3106
13 2347 3107
13 2347 3108
13 2347 3109
13 2347 3110
13 2347 3111
13 2347 3112
13 2347 3113
13 2347 3114
13 2347 3115
13 2347 3116
13 2347 3117
13 2347 3118
13 2347 3119
13 2347 3120
13 2347 3121
13 2347 3122
13 2347 3123
13 2347 3124
13 2347 3125
13 2347 3126
13 2347 3127
13 2347 3128
13 2347 3129
13 2347 3130
13 2347 3131
13 2347 3132
13 2347 3133
13 2347 3134
13 2347 3135
13 2347 3136
13 2347 3137
13 2347 3138
13 2347 3139
13 2347 3140
13 2347 3141
13 2347 3142
13 2347 3143
13 2347 3144
13 2347 3145
13 2347 3146
13 2347 3147
13 2347 3148
13 2347 3149
13 2347 3150
13 2347 3151
13 2347 3152
13 2347 3153
13 2347 3154
13 2347 3155
13 2347 3156
13 2347 3157
13 2347 3158
13 2347 3159
13 2347 3160
13 2347 3161
13 2347 3162
13 2347 3163
13 2347 3164
13 2347 3165
13 2347 3166
13 2347 3167
13 2347 3168
13 2347 3169
13 2347 3170
13 2347 3171
13 2347 3172
13 2347 3173
13 2347 3174
13 2347 3175
13 2347 3176
13 2347 3177
13 2347 3178
13 2347 3179
13 2347 3180
13 2347 3181
13 2347 3182
13 2347 3183
13 2347 3184
13 2347 3185
13 2347 3186
13 2347 3187
13 2347 3188
13 2347 3189
13 2347 3190
13 2347 3191
13 2347 3192
13 2347 3193
13 2347 3194
13 2347 3195
13 2347 3196
13 2347 3197
13 2347 3198
13 2347 3199
13 2347 3200
13 2347 3201
13 2347 3202
13 2347 3203
13 2347 3204
13 2347 3205
13 2347 3206
13 2347 3207
13 2347 3208
13 2347 3209
13 2347 3210
13 2347 3211
13 2347 3212
13 2347 3213
13 2347 3214
13 2347 3215
13 2347 3216
13 2347 3217
13 2347 3218
13 2347 3219
13 2347 3220
13 2347 3221
13 2347 3222
13 2347 3223
13 2347 3224
13 2347 3225
13 2347 3226
13 2347 3227
13 2347 3228
13 2347 3229
13 2347 3230
13 2347 3231
13 2347 3232
13 2347 3233
13 2347 3234
13 2347 3235
13 2347 3236
13 2347 3237
13 2347 3238
13 2347 3239
13 2347 3240
13 2347 3241
13 2347 3242
13 2347 3243
13 2347 3244
13 2347 3245
13 2347 3246
13 2347 3247
13 2347 3248
13 2347 3249
13 2347 3250
13 2347 3251
13 2347 3252
13 2347 3253
13 2347 3254
13 2347 3255
13 2347 3256
13 2347 3257
13 2347 3258
13 2347 3259
13 2347 3260
13 2347 3261
13 2347 3262
13 2347 3263
13 2347 3264
13 2347 3265
13 2347 3266
13 2347 3267
13 2347 3268
13 2348 2921
13 2348 2922
13 2348 2923
13 2348 2924
13 2348 2925
13 2348 2926
13 2348 2927
13 2348 2928
13 2348 2929
13 2348 2930
13 2348 2931
13 2348 2932
13 2348 2933
13 2348 2934
13 2348 2935
13 2348 2936
13 2348 2937
13 2348 2938
13 2348 2939
13 2348 2940
13 2348 2941
13 2348 2942
13 2348 2943
13 2348 2944
13 2348 2945
13 2348 2946
13 2348 2947
13 2348 2948
13 2348 2949
13 2348 2950
13 2348 2951
13 2348 2952
13 2348 2953
13 2348 2954
13 2348 2955
13 2348 2956
13 2348 2957
13 2348 2958
13 2348 2959
13 2348 2960
13 2348 2961
13 2348 2962
13 2348 2963
13 2348 2964
13 2348 2965
13 2348 2966
13 2348 2967
13 2348 2968
13 2348 2969
13 2348 2970
13 2348 2971
13 2348 2972
13 2348 2973
13 2348 2974
13 2348 2975
13 2348 2976
13 2348 2977
13 2348 2978
13 2348 2979
13 2348 2980
13 2348 2981
13 2348 2982
13 2348 2983
13 2348 2984
13 2348 2985
13 2348 2986
13 2348 2987
13 2348 2988
13 2348 2989
13 2348 2990
13 2348 2991
13 2348 2992
13 2348 2993
13 2348 2994
13 2348 2995
13 2348 2996
13 2348 2997
13 2348 2998
13 2348 2999
13 2348 3000
13 2348 3001
13 2348 3002
13 2348 3003
13 2348 3004
13 2348 3005
13 2348 3006
13 2348 3007
13 2348 3008
13 2348 3009
13 2348 3010
13 2348 3011
13 2348 3012
13 2348 3013
13 2348 3014
13 2348 3015
13 2348 3016
13 2348 3017
13 2348 3018
13 2348 3019
13 2348 3020
13 2348 3021
13 2348 3022
13 2348 3023
13 2348 3024
13 2348 3025
13 2348 3026
13 2348 3027
13 2348 3028
13 2348 3029
13 2348 3030
13 2348 3031
13 2348 3032
13 2348 3033
13 2348 3034
13 2348 3035
13 2348 3036
13 2348 3037
13 2348 3038
13 2348 3039
13 2348 3040
13 2348 3041
13 2348 3042
13 2348 3043
13 2348 3044
13 2348 3045
13 2348 3046
13 2348 3047
13 2348 3048
13 2348 3049
13 2348 3050
13 2348 3051
13 2348 3052
13 2348 3053
13 2348 3054
13 2348 3055
13 2348 3056
13 2348 3057
13 2348 3058
13 2348 3059
13 2348 3060
13 2348 3061
13 2348 3062
13 2348 3063
13 2348 3064
13 2348 3065
13 2348 3066
13 2348 3067
13 2348 3068
13 2348 3069
13 2348 3070
13 2348 3071
13 2348 3072
13 2348 3073
13 2348 3074
13 2348 3075
13 2348 3076
13 2348 3077
13 2348 3078
13 2348 3079
13 2348 3080
13 2348 3081
13 2348 3082
13 2348 3083
13 2348 3084
13 2348 3085
13 2348 3086
13 2348 3087
13 2348 3088
13 2348 3089
13 2348 3090
13 2348 3091
13 2348 3092
13 2348 3093
13 2348 3094
13 2348 3095
13 2348 3096
13 2348 3097
13 2348 3098
13 2348 3099
13 2348 3100
13 2348 3101
13 2348 3102
13 2348 3103
13 2348 3104
13 2348 3105
13 2348 3106
13 2348 3107
13 2348 3108
13 2348 3109
13 2348 3110
13 2348 3111
13 2348 3112
13 2348 3113
13 2348 3114
13 2348 3115
13 2348 3116
13 2348 3117
13 2348 3118
13 2348 3119
13 2348 3120
13 2348 3121
13 2348 3122
13 2348 3123
13 2348 3124
13 2348 3125
13 2348 3126
13 2348 3127
13 2348 3128
13 2348 3129
13 2348 3130
13 2348 3131
13 2348 3132
13 2348 3133
13 2348 3134
13 2348 3135
13 2348 3136
13 2348 3137
13 2348 3138
13 2348 3139
13 2348 3140
13 2348 3141
13 2348 3142
13 2348 3143
13 2348 3144
13 2348 3145
13 2348 3146
13 2348 3147
13 2348 3148
13 2348 3149
13 2348 3150
13 2348 3151
13 2348 3152
13 2348 3153
13 2348 3154
13 2348 3155
13 2348 3156
13 2348 3157
13 2348 3158
13 2348 3159
13 2348 3160
13 2348 3161
13 2348 3162
13 2348 3163
13 2348 3164
13 2348 3165
13 2348 3166
13 2348 3167
13 2348 3168
13 2348 3169
13 2348 3170
13 2348 3171
13 2348 3172
13 2348 3173
13 2348 3174
13 2348 3175
13 2348 3176
13 2348 3177
13 2348 3178
13 2348 3179
13 2348 3180
13 2348 3181
13 2348 3182
13 2348 3183
13 2348 3184
13 2348 3185
13 2348 3186
13 2348 3187
13 2348 3188
13 2348 3189
13 2348 3190
13 2348 3191
13 2348 3192
13 2348 3193
13 2348 3194
13 2348 3195
13 2348 3196
13 2348 3197
13 2348 3198
13 2348 3199
13 2348 3200
13 2348 3201
13 2348 3202
13 2348 3203
13 2348 3204
13 2348 3205
13 2348 3206
13 2348 3207
13 2348 3208
13 2348 3209
13 2348 3210
13 2348 3211
13 2348 3212
13 2348 3213
13 2348 3214
13 2348 3215
13 2348 3216
13 2348 3217
13 2348 3218
13 2348 3219
13 2348 3220
13 2348 3221
13 2348 3222
13 2348 3223
13 2348 3224
13 2348 3225
13 2348 3226
13 2348 3227
13 2348 3228
13 2348 3229
13 2348 3230
13 2348 3231
13 2348 3232
13 2348 3233
13 2348 3234
13 2348 3235
13 2348 3236
13 2348 3237
13 2348 3238
13 2348 3239
13 2348 3240
13 2348 3241
13 2348 3242
13 2348 3243
13 2348 3244
13 2348 3245
13 2348 3246
13 2348 3247
13 2348 3248
13 2348 3249
13 2348 3250
13 2348 3251
13 2348 3252
13 2348 3253
13 2348 3254
13 2348 3255
13 2348 3256
13 2348 3257
13 2348 3258
13 2348 3259
13 2348 3260
13 2348 3261
13 2348 3262
13 2348 3263
13 2348 3264
13 2348 3265
13 2348 3266
13 2348 3267
13 2348 3268
13 2349 2921
13 2349 2922
13 2349 2923
13 2349 2924
13 2349 2925
13 2349 2926
13 2349 2927
13 2349 2928
13 2349 2929
13 2349 2930
13 2349 2931
13 2349 2932
13 2349 2933
13 2349 2934
13 2349 2935
13 2349 2936
13 2349 2937
13 2349 2938
13 2349 2939
13 2349 2940
13 2349 2941
13 2349 2942
13 2349 2943
13 2349 2944
13 2349 2945
13 2349 2946
13 2349 2947
13 2349 2948
13 2349 2949
13 2349 2950
13 2349 2951
13 2349 2952
13 2349 2953
13 2349 2954
13 2349 2955
13 2349 2956
13 2349 2957
13 2349 2958
13 2349 2959
13 2349 2960
13 2349 2961
13 2349 2962
13 2349 2963
13 2349 2964
13 2349 2965
13 2349 2966
13 2349 2967
13 2349 2968
13 2349 2969
13 2349 2970
13 2349 2971
13 2349 2972
13 2349 2973
13 2349 2974
13 2349 2975
13 2349 2976
13 2349 2977
13 2349 2978
13 2349 2979
13 2349 2980
13 2349 2981
13 2349 2982
13 2349 2983
13 2349 2984
13 2349 2985
13 2349 2986
13 2349 2987
13 2349 2988
13 2349 2989
13 2349 2990
13 2349 2991
13 2349 2992
13 2349 2993
13 2349 2994
13 2349 2995
13 2349 2996
13 2349 2997
13 2349 2998
13 2349 2999
13 2349 3000
13 2349 3001
13 2349 3002
13 2349 3003
13 2349 3004
13 2349 3005
13 2349 3006
13 2349 3007
13 2349 3008
13 2349 3009
13 2349 3010
13 2349 3011
13 2349 3012
13 2349 3013
13 2349 3014
13 2349 3015
13 2349 3016
13 2349 3017
13 2349 3018
13 2349 3019
13 2349 3020
13 2349 3021
13 2349 3022
13 2349 3023
13 2349 3024
13 2349 3025
13 2349 3026
13 2349 3027
13 2349 3028
13 2349 3029
13 2349 3030
13 2349 3031
13 2349 3032
13 2349 3033
13 2349 3034
13 2349 3035
13 2349 3036
13 2349 3037
13 2349 3038
13 2349 3039
13 2349 3040
13 2349 3041
13 2349 3042
13 2349 3043
13 2349 3044
13 2349 3045
13 2349 3046
13 2349 3047
13 2349 3048
13 2349 3049
13 2349 3050
13 2349 3051
13 2349 3052
13 2349 3053
13 2349 3054
13 2349 3055
13 2349 3056
13 2349 3057
13 2349 3058
13 2349 3059
13 2349 3060
13 2349 3061
13 2349 3062
13 2349 3063
13 2349 3064
13 2349 3065
13 2349 3066
13 2349 3067
13 2349 3068
13 2349 3069
13 2349 3070
13 2349 3071
13 2349 3072
13 2349 3073
13 2349 3074
13 2349 3075
13 2349 3076
13 2349 3077
13 2349 3078
13 2349 3079
13 2349 3080
13 2349 3081
13 2349 3082
13 2349 3083
13 2349 3084
13 2349 3085
13 2349 3086
13 2349 3087
13 2349 3088
13 2349 3089
13 2349 3090
13 2349 3091
13 2349 3092
13 2349 3093
13 2349 3094
13 2349 3095
13 2349 3096
13 2349 3097
13 2349 3098
13 2349 3099
13 2349 3100
13 2349 3101
13 2349 3102
13 2349 3103
13 2349 3104
13 2349 3105
13 2349 3106
13 2349 3107
13 2349 3108
13 2349 3109
13 2349 3110
13 2349 3111
13 2349 3112
13 2349 3113
13 2349 3114
13 2349 3115
13 2349 3116
13 2349 3117
13 2349 3118
13 2349 3119
13 2349 3120
13 2349 3121
13 2349 3122
13 2349 3123
13 2349 3124
13 2349 3125
13 2349 3126
13 2349 3127
13 2349 3128
13 2349 3129
13 2349 3130
13 2349 3131
13 2349 3132
13 2349 3133
13 2349 3134
13 2349 3135
13 2349 3136
13 2349 3137
13 2349 3138
13 2349 3139
13 2349 3140
13 2349 3141
13 2349 3142
13 2349 3143
13 2349 3144
13 2349 3145
13 2349 3146
13 2349 3147
13 2349 3148
13 2349 3149
13 2349 3150
13 2349 3151
13 2349 3152
13 2349 3153
13 2349 3154
13 2349 3155
13 2349 3156
13 2349 3157
13 2349 3158
13 2349 3159
13 2349 3160
13 2349 3161
13 2349 3162
13 2349 3163
13 2349 3164
13 2349 3165
13 2349 3166
13 2349 3167
13 2349 3168
13 2349 3169
13 2349 3170
13 2349 3171
13 2349 3172
13 2349 3173
13 2349 3174
13 2349 3175
13 2349 3176
13 2349 3177
13 2349 3178
13 2349 3179
13 2349 3180
13 2349 3181
13 2349 3182
13 2349 3183
13 2349 3184
13 2349 3185
13 2349 3186
13 2349 3187
13 2349 3188
13 2349 3189
13 2349 3190
13 2349 3191
13 2349 3192
13 2349 3193
13 2349 3194
13 2349 3195
13 2349 3196
13 2349 3197
13 2349 3198
13 2349 3199
13 2349 3200
13 2349 3201
13 2349 3202
13 2349 3203
13 2349 3204
13 2349 3205
13 2349 3206
13 2349 3207
13 2349 3208
13 2349 3209
13 2349 3210
13 2349 3211
13 2349 3212
13 2349 3213
13 2349 3214
13 2349 3215
13 2349 3216
13 2349 3217
13 2349 3218
13 2349 3219
13 2349 3220
13 2349 3221
13 2349 3222
13 2349 3223
13 2349 3224
13 2349 3225
13 2349 3226
13 2349 3227
13 2349 3228
13 2349 3229
13 2349 3230
13 2349 3231
13 2349 3232
13 2349 3233
13 2349 3234
13 2349 3235
13 2349 3236
13 2349 3237
13 2349 3238
13 2349 3239
13 2349 3240
13 2349 3241
13 2349 3242
13 2349 3243
13 2349 3244
13 2349 3245
13 2349 3246
13 2349 3247
13 2349 3248
13 2349 3249
13 2349 3250
13 2349 3251
13 2349 3252
13 2349 3253
13 2349 3254
13 2349 3255
13 2349 3256
13 2349 3257
13 2349 3258
13 2349 3259
13 2349 3260
13 2349 3261
13 2349 3262
13 2349 3263
13 2349 3264
13 2349 3265
13 2349 3266
13 2349 3267
13 2349 3268
13 2350 2921
13 2350 2922
13 2350 2923
13 2350 2924
13 2350 2925
13 2350 2926
13 2350 2927
13 2350 2928
13 2350 2929
13 2350 2930
13 2350 2931
13 2350 2932
13 2350 2933
13 2350 2934
13 2350 2935
13 2350 2936
13 2350 2937
13 2350 2938
13 2350 2939
13 2350 2940
13 2350 2941
13 2350 2942
13 2350 2943
13 2350 2944
13 2350 2945
13 2350 2946
13 2350 2947
13 2350 2948
13 2350 2949
13 2350 2950
13 2350 2951
13 2350 2952
13 2350 2953
13 2350 2954
13 2350 2955
13 2350 2956
13 2350 2957
13 2350 2958
13 2350 2959
13 2350 2960
13 2350 2961
13 2350 2962
13 2350 2963
13 2350 2964
13 2350 2965
13 2350 2966
13 2350 2967
13 2350 2968
13 2350 2969
13 2350 2970
13 2350 2971
13 2350 2972
13 2350 2973
13 2350 2974
13 2350 2975
13 2350 2976
13 2350 2977
13 2350 2978
13 2350 2979
13 2350 2980
13 2350 2981
13 2350 2982
13 2350 2983
13 2350 2984
13 2350 2985
13 2350 2986
13 2350 2987
13 2350 2988
13 2350 2989
13 2350 2990
13 2350 2991
13 2350 2992
13 2350 2993
13 2350 2994
13 2350 2995
13 2350 2996
13 2350 2997
13 2350 2998
13 2350 2999
13 2350 3000
13 2350 3001
13 2350 3002
13 2350 3003
13 2350 3004
13 2350 3005
13 2350 3006
13 2350 3007
13 2350 3008
13 2350 3009
13 2350 3010
13 2350 3011
13 2350 3012
13 2350 3013
13 2350 3014
13 2350 3015
13 2350 3016
13 2350 3017
13 2350 3018
13 2350 3019
13 2350 3020
13 2350 3021
13 2350 3022
13 2350 3023
13 2350 3024
13 2350 3025
13 2350 3026
13 2350 3027
13 2350 3028
13 2350 3029
13 2350 3030
13 2350 3031
13 2350 3032
13 2350 3033
13 2350 3034
13 2350 3035
13 2350 3036
13 2350 3037
13 2350 3038
13 2350 3039
13 2350 3040
13 2350 3041
13 2350 3042
13 2350 3043
13 2350 3044
13 2350 3045
13 2350 3046
13 2350 3047
13 2350 3048
13 2350 3049
13 2350 3050
13 2350 3051
13 2350 3052
13 2350 3053
13 2350 3054
13 2350 3055
13 2350 3056
13 2350 3057
13 2350 3058
13 2350 3059
13 2350 3060
13 2350 3061
13 2350 3062
13 2350 3063
13 2350 3064
13 2350 3065
13 2350 3066
13 2350 3067
13 2350 3068
13 2350 3069
13 2350 3070
13 2350 3071
13 2350 3072
13 2350 3073
13 2350 3074
13 2350 3075
13 2350 3076
13 2350 3077
13 2350 3078
13 2350 3079
13 2350 3080
13 2350 3081
13 2350 3082
13 2350 3083
13 2350 3084
13 2350 3085
13 2350 3086
13 2350 3087
13 2350 3088
13 2350 3089
13 2350 3090
13 2350 3091
13 2350 3092
13 2350 3093
13 2350 3094
13 2350 3095
13 2350 3096
13 2350 3097
13 2350 3098
13 2350 3099
13 2350 3100
13 2350 3101
13 2350 3102
13 2350 3103
13 2350 3104
13 2350 3105
13 2350 3106
13 2350 3107
13 2350 3108
13 2350 3109
13 2350 3110
13 2350 3111
13 2350 3112
13 2350 3113
13 2350 3114
13 2350 3115
13 2350 3116
13 2350 3117
13 2350 3118
13 2350 3119
13 2350 3120
13 2350 3121
13 2350 3122
13 2350 3123
13 2350 3124
13 2350 3125
13 2350 3126
13 2350 3127
13 2350 3128
13 2350 3129
13 2350 3130
13 2350 3131
13 2350 3132
13 2350 3133
13 2350 3134
13 2350 3135
13 2350 3136
13 2350 3137
13 2350 3138
13 2350 3139
13 2350 3140
13 2350 3141
13 2350 3142
13 2350 3143
13 2350 3144
13 2350 3145
13 2350 3146
13 2350 3147
13 2350 3148
13 2350 3149
13 2350 3150
13 2350 3151
13 2350 3152
13 2350 3153
13 2350 3154
13 2350 3155
13 2350 3156
13 2350 3157
13 2350 3158
13 2350 3159
13 2350 3160
13 2350 3161
13 2350 3162
13 2350 3163
13 2350 3164
13 2350 3165
13 2350 3166
13 2350 3167
13 2350 3168
13 2350 3169
13 2350 3170
13 2350 3171
13 2350 3172
13 2350 3173
13 2350 3174
13 2350 3175
13 2350 3176
13 2350 3177
13 2350 3178
13 2350 3179
13 2350 3180
13 2350 3181
13 2350 3182
13 2350 3183
13 2350 3184
13 2350 3185
13 2350 3186
13 2350 3187
13 2350 3188
13 2350 3189
13 2350 3190
13 2350 3191
13 2350 3192
13 2350 3193
13 2350 3194
13 2350 3195
13 2350 3196
13 2350 3197
13 2350 3198
13 2350 3199
13 2350 3200
13 2350 3201
13 2350 3202
13 2350 3203
13 2350 3204
13 2350 3205
13 2350 3206
13 2350 3207
13 2350 3208
13 2350 3209
13 2350 3210
13 2350 3211
13 2350 3212
13 2350 3213
13 2350 3214
13 2350 3215
13 2350 3216
13 2350 3217
13 2350 3218
13 2350 3219
13 2350 3220
13 2350 3221
13 2350 3222
13 2350 3223
13 2350 3224
13 2350 3225
13 2350 3226
13 2350 3227
13 2350 3228
13 2350 3229
13 2350 3230
13 2350 3231
13 2350 3232
13 2350 3233
13 2350 3234
13 2350 3235
13 2350 3236
13 2350 3237
13 2350 3238
13 2350 3239
13 2350 3240
13 2350 3241
13 2350 3242
13 2350 3243
13 2350 3244
13 2350 3245
13 2350 3246
13 2350 3247
13 2350 3248
13 2350 3249
13 2350 3250
13 2350 3251
13 2350 3252
13 2350 3253
13 2350 3254
13 2350 3255
13 2350 3256
13 2350 3257
13 2350 3258
13 2350 3259
13 2350 3260
13 2350 3261
13 2350 3262
13 2350 3263
13 2350 3264
13 2350 3265
13 2350 3266
13 2350 3267
13 2350 3268
13 2351 2921
13 2351 2922
13 2351 2923
13 2351 2924
13 2351 2925
13 2351 2926
13 2351 2927
13 2351 2928
13 2351 2929
13 2351 2930
13 2351 2931
13 2351 2932
13 2351 2933
13 2351 2934
13 2351 2935
13 2351 2936
13 2351 2937
13 2351 2938
13 2351 2939
13 2351 2940
13 2351 2941
13 2351 2942
13 2351 2943
13 2351 2944
13 2351 2945
13 2351 2946
13 2351 2947
13 2351 2948
13 2351 2949
13 2351 2950
13 2351 2951
13 2351 2952
13 2351 2953
13 2351 2954
13 2351 2955
13 2351 2956
13 2351 2957
13 2351 2958
13 2351 2959
13 2351 2960
13 2351 2961
13 2351 2962
13 2351 2963
13 2351 2964
13 2351 2965
13 2351 2966
13 2351 2967
13 2351 2968
13 2351 2969
13 2351 2970
13 2351 2971
13 2351 2972
13 2351 2973
13 2351 2974
13 2351 2975
13 2351 2976
13 2351 2977
13 2351 2978
13 2351 2979
13 2351 2980
13 2351 2981
13 2351 2982
13 2351 2983
13 2351 2984
13 2351 2985
13 2351 2986
13 2351 2987
13 2351 2988
13 2351 2989
13 2351 2990
13 2351 2991
13 2351 2992
13 2351 2993
13 2351 2994
13 2351 2995
13 2351 2996
13 2351 2997
13 2351 2998
13 2351 2999
13 2351 3000
13 2351 3001
13 2351 3002
13 2351 3003
13 2351 3004
13 2351 3005
13 2351 3006
13 2351 3007
13 2351 3008
13 2351 3009
13 2351 3010
13 2351 3011
13 2351 3012
13 2351 3013
13 2351 3014
13 2351 3015
13 2351 3016
13 2351 3017
13 2351 3018
13 2351 3019
13 2351 3020
13 2351 3021
13 2351 3022
13 2351 3023
13 2351 3024
13 2351 3025
13 2351 3026
13 2351 3027
13 2351 3028
13 2351 3029
13 2351 3030
13 2351 3031
13 2351 3032
13 2351 3033
13 2351 3034
13 2351 3035
13 2351 3036
13 2351 3037
13 2351 3038
13 2351 3039
13 2351 3040
13 2351 3041
13 2351 3042
13 2351 3043
13 2351 3044
13 2351 3045
13 2351 3046
13 2351 3047
13 2351 3048
13 2351 3049
13 2351 3050
13 2351 3051
13 2351 3052
13 2351 3053
13 2351 3054
13 2351 3055
13 2351 3056
13 2351 3057
13 2351 3058
13 2351 3059
13 2351 3060
13 2351 3061
13 2351 3062
13 2351 3063
13 2351 3064
13 2351 3065
13 2351 3066
13 2351 3067
13 2351 3068
13 2351 3069
13 2351 3070
13 2351 3071
13 2351 3072
13 2351 3073
13 2351 3074
13 2351 3075
13 2351 3076
13 2351 3077
13 2351 3078
13 2351 3079
13 2351 3080
13 2351 3081
13 2351 3082
13 2351 3083
13 2351 3084
13 2351 3085
13 2351 3086
13 2351 3087
13 2351 3088
13 2351 3089
13 2351 3090
13 2351 3091
13 2351 3092
13 2351 3093
13 2351 3094
13 2351 3095
13 2351 3096
13 2351 3097
13 2351 3098
13 2351 3099
13 2351 3100
13 2351 3101
13 2351 3102
13 2351 3103
13 2351 3104
13 2351 3105
13 2351 3106
13 2351 3107
13 2351 3108
13 2351 3109
13 2351 3110
13 2351 3111
13 2351 3112
13 2351 3113
13 2351 3114
13 2351 3115
13 2351 3116
13 2351 3117
13 2351 3118
13 2351 3119
13 2351 3120
13 2351 3121
13 2351 3122
13 2351 3123
13 2351 3124
13 2351 3125
13 2351 3126
13 2351 3127
13 2351 3128
13 2351 3129
13 2351 3130
13 2351 3131
13 2351 3132
13 2351 3133
13 2351 3134
13 2351 3135
13 2351 3136
13 2351 3137
13 2351 3138
13 2351 3139
13 2351 3140
13 2351 3141
13 2351 3142
13 2351 3143
13 2351 3144
13 2351 3145
13 2351 3146
13 2351 3147
13 2351 3148
13 2351 3149
13 2351 3150
13 2351 3151
13 2351 3152
13 2351 3153
13 2351 3154
13 2351 3155
13 2351 3156
13 2351 3157
13 2351 3158
13 2351 3159
13 2351 3160
13 2351 3161
13 2351 3162
13 2351 3163
13 2351 3164
13 2351 3165
13 2351 3166
13 2351 3167
13 2351 3168
13 2351 3169
13 2351 3170
13 2351 3171
13 2351 3172
13 2351 3173
13 2351 3174
13 2351 3175
13 2351 3176
13 2351 3177
13 2351 3178
13 2351 3179
13 2351 3180
13 2351 3181
13 2351 3182
13 2351 3183
13 2351 3184
13 2351 3185
13 2351 3186
13 2351 3187
13 2351 3188
13 2351 3189
13 2351 3190
13 2351 3191
13 2351 3192
13 2351 3193
13 2351 3194
13 2351 3195
13 2351 3196
13 2351 3197
13 2351 3198
13 2351 3199
13 2351 3200
13 2351 3201
13 2351 3202
13 2351 3203
13 2351 3204
13 2351 3205
13 2351 3206
13 2351 3207
13 2351 3208
13 2351 3209
13 2351 3210
13 2351 3211
13 2351 3212
13 2351 3213
13 2351 3214
13 2351 3215
13 2351 3216
13 2351 3217
13 2351 3218
13 2351 3219
13 2351 3220
13 2351 3221
13 2351 3222
13 2351 3223
13 2351 3224
13 2351 3225
13 2351 3226
13 2351 3227
13 2351 3228
13 2351 3229
13 2351 3230
13 2351 3231
13 2351 3232
13 2351 3233
13 2351 3234
13 2351 3235
13 2351 3236
13 2351 3237
13 2351 3238
13 2351 3239
13 2351 3240
13 2351 3241
13 2351 3242
13 2351 3243
13 2351 3244
13 2351 3245
13 2351 3246
13 2351 3247
13 2351 3248
13 2351 3249
13 2351 3250
13 2351 3251
13 2351 3252
13 2351 3253
13 2351 3254
13 2351 3255
13 2351 3256
13 2351 3257
13 2351 3258
13 2351 3259
13 2351 3260
13 2351 3261
13 2351 3262
13 2351 3263
13 2351 3264
13 2351 3265
13 2351 3266
13 2351 3267
13 2351 3268
13 2352 2921
13 2352 2922
13 2352 2923
13 2352 2924
13 2352 2925
13 2352 2926
13 2352 2927
13 2352 2928
13 2352 2929
13 2352 2930
13 2352 2931
13 2352 2932
13 2352 2933
13 2352 2934
13 2352 2935
13 2352 2936
13 2352 2937
13 2352 2938
13 2352 2939
13 2352 2940
13 2352 2941
13 2352 2942
13 2352 2943
13 2352 2944
13 2352 2945
13 2352 2946
13 2352 2947
13 2352 2948
13 2352 2949
13 2352 2950
13 2352 2951
13 2352 2952
13 2352 2953
13 2352 2954
13 2352 2955
13 2352 2956
13 2352 2957
13 2352 2958
13 2352 2959
13 2352 2960
13 2352 2961
13 2352 2962
13 2352 2963
13 2352 2964
13 2352 2965
13 2352 2966
13 2352 2967
13 2352 2968
13 2352 2969
13 2352 2970
13 2352 2971
13 2352 2972
13 2352 2973
13 2352 2974
13 2352 2975
13 2352 2976
13 2352 2977
13 2352 2978
13 2352 2979
13 2352 2980
13 2352 2981
13 2352 2982
13 2352 2983
13 2352 2984
13 2352 2985
13 2352 2986
13 2352 2987
13 2352 2988
13 2352 2989
13 2352 2990
13 2352 2991
13 2352 2992
13 2352 2993
13 2352 2994
13 2352 2995
13 2352 2996
13 2352 2997
13 2352 2998
13 2352 2999
13 2352 3000
13 2352 3001
13 2352 3002
13 2352 3003
13 2352 3004
13 2352 3005
13 2352 3006
13 2352 3007
13 2352 3008
13 2352 3009
13 2352 3010
13 2352 3011
13 2352 3012
13 2352 3013
13 2352 3014
13 2352 3015
13 2352 3016
13 2352 3017
13 2352 3018
13 2352 3019
13 2352 3020
13 2352 3021
13 2352 3022
13 2352 3023
13 2352 3024
13 2352 3025
13 2352 3026
13 2352 3027
13 2352 3028
13 2352 3029
13 2352 3030
13 2352 3031
13 2352 3032
13 2352 3033
13 2352 3034
13 2352 3035
13 2352 3036
13 2352 3037
13 2352 3038
13 2352 3039
13 2352 3040
13 2352 3041
13 2352 3042
13 2352 3043
13 2352 3044
13 2352 3045
13 2352 3046
13 2352 3047
13 2352 3048
13 2352 3049
13 2352 3050
13 2352 3051
13 2352 3052
13 2352 3053
13 2352 3054
13 2352 3055
13 2352 3056
13 2352 3057
13 2352 3058
13 2352 3059
13 2352 3060
13 2352 3061
13 2352 3062
13 2352 3063
13 2352 3064
13 2352 3065
13 2352 3066
13 2352 3067
13 2352 3068
13 2352 3069
13 2352 3070
13 2352 3071
13 2352 3072
13 2352 3073
13 2352 3074
13 2352 3075
13 2352 3076
13 2352 3077
13 2352 3078
13 2352 3079
13 2352 3080
13 2352 3081
13 2352 3082
13 2352 3083
13 2352 3084
13 2352 3085
13 2352 3086
13 2352 3087
13 2352 3088
13 2352 3089
13 2352 3090
13 2352 3091
13 2352 3092
13 2352 3093
13 2352 3094
13 2352 3095
13 2352 3096
13 2352 3097
13 2352 3098
13 2352 3099
13 2352 3100
13 2352 3101
13 2352 3102
13 2352 3103
13 2352 3104
13 2352 3105
13 2352 3106
13 2352 3107
13 2352 3108
13 2352 3109
13 2352 3110
13 2352 3111
13 2352 3112
13 2352 3113
13 2352 3114
13 2352 3115
13 2352 3116
13 2352 3117
13 2352 3118
13 2352 3119
13 2352 3120
13 2352 3121
13 2352 3122
13 2352 3123
13 2352 3124
13 2352 3125
13 2352 3126
13 2352 3127
13 2352 3128
13 2352 3129
13 2352 3130
13 2352 3131
13 2352 3132
13 2352 3133
13 2352 3134
13 2352 3135
13 2352 3136
13 2352 3137
13 2352 3138
13 2352 3139
13 2352 3140
13 2352 3141
13 2352 3142
13 2352 3143
13 2352 3144
13 2352 3145
13 2352 3146
13 2352 3147
13 2352 3148
13 2352 3149
13 2352 3150
13 2352 3151
13 2352 3152
13 2352 3153
13 2352 3154
13 2352 3155
13 2352 3156
13 2352 3157
13 2352 3158
13 2352 3159
13 2352 3160
13 2352 3161
13 2352 3162
13 2352 3163
13 2352 3164
13 2352 3165
13 2352 3166
13 2352 3167
13 2352 3168
13 2352 3169
13 2352 3170
13 2352 3171
13 2352 3172
13 2352 3173
13 2352 3174
13 2352 3175
13 2352 3176
13 2352 3177
13 2352 3178
13 2352 3179
13 2352 3180
13 2352 3181
13 2352 3182
13 2352 3183
13 2352 3184
13 2352 3185
13 2352 3186
13 2352 3187
13 2352 3188
13 2352 3189
13 2352 3190
13 2352 3191
13 2352 3192
13 2352 3193
13 2352 3194
13 2352 3195
13 2352 3196
13 2352 3197
13 2352 3198
13 2352 3199
13 2352 3200
13 2352 3201
13 2352 3202
13 2352 3203
13 2352 3204
13 2352 3205
13 2352 3206
13 2352 3207
13 2352 3208
13 2352 3209
13 2352 3210
13 2352 3211
13 2352 3212
13 2352 3213
13 2352 3214
13 2352 3215
13 2352 3216
13 2352 3217
13 2352 3218
13 2352 3219
13 2352 3220
13 2352 3221
13 2352 3222
13 2352 3223
13 2352 3224
13 2352 3225
13 2352 3226
13 2352 3227
13 2352 3228
13 2352 3229
13 2352 3230
13 2352 3231
13 2352 3232
13 2352 3233
13 2352 3234
13 2352 3235
13 2352 3236
13 2352 3237
13 2352 3238
13 2352 3239
13 2352 3240
13 2352 3241
13 2352 3242
13 2352 3243
13 2352 3244
13 2352 3245
13 2352 3246
13 2352 3247
13 2352 3248
13 2352 3249
13 2352 3250
13 2352 3251
13 2352 3252
13 2352 3253
13 2352 3254
13 2352 3255
13 2352 3256
13 2352 3257
13 2352 3258
13 2352 3259
13 2352 3260
13 2352 3261
13 2352 3262
13 2352 3263
13 2352 3264
13 2352 3265
13 2352 3266
13 2352 3267
13 2352 3268
13 2353 2921
13 2353 2922
13 2353 2923
13 2353 2924
13 2353 2925
13 2353 2926
13 2353 2927
13 2353 2928
13 2353 2929
13 2353 2930
13 2353 2931
13 2353 2932
13 2353 2933
13 2353 2934
13 2353 2935
13 2353 2936
13 2353 2937
13 2353 2938
13 2353 2939
13 2353 2940
13 2353 2941
13 2353 2942
13 2353 2943
13 2353 2944
13 2353 2945
13 2353 2946
13 2353 2947
13 2353 2948
13 2353 2949
13 2353 2950
13 2353 2951
13 2353 2952
13 2353 2953
13 2353 2954
13 2353 2955
13 2353 2956
13 2353 2957
13 2353 2958
13 2353 2959
13 2353 2960
13 2353 2961
13 2353 2962
13 2353 2963
13 2353 2964
13 2353 2965
13 2353 2966
13 2353 2967
13 2353 2968
13 2353 2969
13 2353 2970
13 2353 2971
13 2353 2972
13 2353 2973
13 2353 2974
13 2353 2975
13 2353 2976
13 2353 2977
13 2353 2978
13 2353 2979
13 2353 2980
13 2353 2981
13 2353 2982
13 2353 2983
13 2353 2984
13 2353 2985
13 2353 2986
13 2353 2987
13 2353 2988
13 2353 2989
13 2353 2990
13 2353 2991
13 2353 2992
13 2353 2993
13 2353 2994
13 2353 2995
13 2353 2996
13 2353 2997
13 2353 2998
13 2353 2999
13 2353 3000
13 2353 3001
13 2353 3002
13 2353 3003
13 2353 3004
13 2353 3005
13 2353 3006
13 2353 3007
13 2353 3008
13 2353 3009
13 2353 3010
13 2353 3011
13 2353 3012
13 2353 3013
13 2353 3014
13 2353 3015
13 2353 3016
13 2353 3017
13 2353 3018
13 2353 3019
13 2353 3020
13 2353 3021
13 2353 3022
13 2353 3023
13 2353 3024
13 2353 3025
13 2353 3026
13 2353 3027
13 2353 3028
13 2353 3029
13 2353 3030
13 2353 3031
13 2353 3032
13 2353 3033
13 2353 3034
13 2353 3035
13 2353 3036
13 2353 3037
13 2353 3038
13 2353 3039
13 2353 3040
13 2353 3041
13 2353 3042
13 2353 3043
13 2353 3044
13 2353 3045
13 2353 3046
13 2353 3047
13 2353 3048
13 2353 3049
13 2353 3050
13 2353 3051
13 2353 3052
13 2353 3053
13 2353 3054
13 2353 3055
13 2353 3056
13 2353 3057
13 2353 3058
13 2353 3059
13 2353 3060
13 2353 3061
13 2353 3062
13 2353 3063
13 2353 3064
13 2353 3065
13 2353 3066
13 2353 3067
13 2353 3068
13 2353 3069
13 2353 3070
13 2353 3071
13 2353 3072
13 2353 3073
13 2353 3074
13 2353 3075
13 2353 3076
13 2353 3077
13 2353 3078
13 2353 3079
13 2353 3080
13 2353 3081
13 2353 3082
13 2353 3083
13 2353 3084
13 2353 3085
13 2353 3086
13 2353 3087
13 2353 3088
13 2353 3089
13 2353 3090
13 2353 3091
13 2353 3092
13 2353 3093
13 2353 3094
13 2353 3095
13 2353 3096
13 2353 3097
13 2353 3098
13 2353 3099
13 2353 3100
13 2353 3101
13 2353 3102
13 2353 3103
13 2353 3104
13 2353 3105
13 2353 3106
13 2353 3107
13 2353 3108
13 2353 3109
13 2353 3110
13 2353 3111
13 2353 3112
13 2353 3113
13 2353 3114
13 2353 3115
13 2353 3116
13 2353 3117
13 2353 3118
13 2353 3119
13 2353 3120
13 2353 3121
13 2353 3122
13 2353 3123
13 2353 3124
13 2353 3125
13 2353 3126
13 2353 3127
13 2353 3128
13 2353 3129
13 2353 3130
13 2353 3131
13 2353 3132
13 2353 3133
13 2353 3134
13 2353 3135
13 2353 3136
13 2353 3137
13 2353 3138
13 2353 3139
13 2353 3140
13 2353 3141
13 2353 3142
13 2353 3143
13 2353 3144
13 2353 3145
13 2353 3146
13 2353 3147
13 2353 3148
13 2353 3149
13 2353 3150
13 2353 3151
13 2353 3152
13 2353 3153
13 2353 3154
13 2353 3155
13 2353 3156
13 2353 3157
13 2353 3158
13 2353 3159
13 2353 3160
13 2353 3161
13 2353 3162
13 2353 3163
13 2353 3164
13 2353 3165
13 2353 3166
13 2353 3167
13 2353 3168
13 2353 3169
13 2353 3170
13 2353 3171
13 2353 3172
13 2353 3173
13 2353 3174
13 2353 3175
13 2353 3176
13 2353 3177
13 2353 3178
13 2353 3179
13 2353 3180
13 2353 3181
13 2353 3182
13 2353 3183
13 2353 3184
13 2353 3185
13 2353 3186
13 2353 3187
13 2353 3188
13 2353 3189
13 2353 3190
13 2353 3191
13 2353 3192
13 2353 3193
13 2353 3194
13 2353 3195
13 2353 3196
13 2353 3197
13 2353 3198
13 2353 3199
13 2353 3200
13 2353 3201
13 2353 3202
13 2353 3203
13 2353 3204
13 2353 3205
13 2353 3206
13 2353 3207
13 2353 3208
13 2353 3209
13 2353 3210
13 2353 3211
13 2353 3212
13 2353 3213
13 2353 3214
13 2353 3215
13 2353 3216
13 2353 3217
13 2353 3218
13 2353 3219
13 2353 3220
13 2353 3221
13 2353 3222
13 2353 3223
13 2353 3224
13 2353 3225
13 2353 3226
13 2353 3227
13 2353 3228
13 2353 3229
13 2353 3230
13 2353 3231
13 2353 3232
13 2353 3233
13 2353 3234
13 2353 3235
13 2353 3236
13 2353 3237
13 2353 3238
13 2353 3239
13 2353 3240
13 2353 3241
13 2353 3242
13 2353 3243
13 2353 3244
13 2353 3245
13 2353 3246
13 2353 3247
13 2353 3248
13 2353 3249
13 2353 3250
13 2353 3251
13 2353 3252
13 2353 3253
13 2353 3254
13 2353 3255
13 2353 3256
13 2353 3257
13 2353 3258
13 2353 3259
13 2353 3260
13 2353 3261
13 2353 3262
13 2353 3263
13 2353 3264
13 2353 3265
13 2353 3266
13 2353 3267
13 2353 3268
13 2354 2921
13 2354 2922
13 2354 2923
13 2354 2924
13 2354 2925
13 2354 2926
13 2354 2927
13 2354 2928
13 2354 2929
13 2354 2930
13 2354 2931
13 2354 2932
13 2354 2933
13 2354 2934
13 2354 2935
13 2354 2936
13 2354 2937
13 2354 2938
13 2354 2939
13 2354 2940
13 2354 2941
13 2354 2942
13 2354 2943
13 2354 2944
13 2354 2945
13 2354 2946
13 2354 2947
13 2354 2948
13 2354 2949
13 2354 2950
13 2354 2951
13 2354 2952
13 2354 2953
13 2354 2954
13 2354 2955
13 2354 2956
13 2354 2957
13 2354 2958
13 2354 2959
13 2354 2960
13 2354 2961
13 2354 2962
13 2354 2963
13 2354 2964
13 2354 2965
13 2354 2966
13 2354 2967
13 2354 2968
13 2354 2969
13 2354 2970
13 2354 2971
13 2354 2972
13 2354 2973
13 2354 2974
13 2354 2975
13 2354 2976
13 2354 2977
13 2354 2978
13 2354 2979
13 2354 2980
13 2354 2981
13 2354 2982
13 2354 2983
13 2354 2984
13 2354 2985
13 2354 2986
13 2354 2987
13 2354 2988
13 2354 2989
13 2354 2990
13 2354 2991
13 2354 2992
13 2354 2993
13 2354 2994
13 2354 2995
13 2354 2996
13 2354 2997
13 2354 2998
13 2354 2999
13 2354 3000
13 2354 3001
13 2354 3002
13 2354 3003
13 2354 3004
13 2354 3005
13 2354 3006
13 2354 3007
13 2354 3008
13 2354 3009
13 2354 3010
13 2354 3011
13 2354 3012
13 2354 3013
13 2354 3014
13 2354 3015
13 2354 3016
13 2354 3017
13 2354 3018
13 2354 3019
13 2354 3020
13 2354 3021
13 2354 3022
13 2354 3023
13 2354 3024
13 2354 3025
13 2354 3026
13 2354 3027
13 2354 3028
13 2354 3029
13 2354 3030
13 2354 3031
13 2354 3032
13 2354 3033
13 2354 3034
13 2354 3035
13 2354 3036
13 2354 3037
13 2354 3038
13 2354 3039
13 2354 3040
13 2354 3041
13 2354 3042
13 2354 3043
13 2354 3044
13 2354 3045
13 2354 3046
13 2354 3047
13 2354 3048
13 2354 3049
13 2354 3050
13 2354 3051
13 2354 3052
13 2354 3053
13 2354 3054
13 2354 3055
13 2354 3056
13 2354 3057
13 2354 3058
13 2354 3059
13 2354 3060
13 2354 3061
13 2354 3062
13 2354 3063
13 2354 3064
13 2354 3065
13 2354 3066
13 2354 3067
13 2354 3068
13 2354 3069
13 2354 3070
13 2354 3071
13 2354 3072
13 2354 3073
13 2354 3074
13 2354 3075
13 2354 3076
13 2354 3077
13 2354 3078
13 2354 3079
13 2354 3080
13 2354 3081
13 2354 3082
13 2354 3083
13 2354 3084
13 2354 3085
13 2354 3086
13 2354 3087
13 2354 3088
13 2354 3089
13 2354 3090
13 2354 3091
13 2354 3092
13 2354 3093
13 2354 3094
13 2354 3095
13 2354 3096
13 2354 3097
13 2354 3098
13 2354 3099
13 2354 3100
13 2354 3101
13 2354 3102
13 2354 3103
13 2354 3104
13 2354 3105
13 2354 3106
13 2354 3107
13 2354 3108
13 2354 3109
13 2354 3110
13 2354 3111
13 2354 3112
13 2354 3113
13 2354 3114
13 2354 3115
13 2354 3116
13 2354 3117
13 2354 3118
13 2354 3119
13 2354 3120
13 2354 3121
13 2354 3122
13 2354 3123
13 2354 3124
13 2354 3125
13 2354 3126
13 2354 3127
13 2354 3128
13 2354 3129
13 2354 3130
13 2354 3131
13 2354 3132
13 2354 3133
13 2354 3134
13 2354 3135
13 2354 3136
13 2354 3137
13 2354 3138
13 2354 3139
13 2354 3140
13 2354 3141
13 2354 3142
13 2354 3143
13 2354 3144
13 2354 3145
13 2354 3146
13 2354 3147
13 2354 3148
13 2354 3149
13 2354 3150
13 2354 3151
13 2354 3152
13 2354 3153
13 2354 3154
13 2354 3155
13 2354 3156
13 2354 3157
13 2354 3158
13 2354 3159
13 2354 3160
13 2354 3161
13 2354 3162
13 2354 3163
13 2354 3164
13 2354 3165
13 2354 3166
13 2354 3167
13 2354 3168
13 2354 3169
13 2354 3170
13 2354 3171
13 2354 3172
13 2354 3173
13 2354 3174
13 2354 3175
13 2354 3176
13 2354 3177
13 2354 3178
13 2354 3179
13 2354 3180
13 2354 3181
13 2354 3182
13 2354 3183
13 2354 3184
13 2354 3185
13 2354 3186
13 2354 3187
13 2354 3188
13 2354 3189
13 2354 3190
13 2354 3191
13 2354 3192
13 2354 3193
13 2354 3194
13 2354 3195
13 2354 3196
13 2354 3197
13 2354 3198
13 2354 3199
13 2354 3200
13 2354 3201
13 2354 3202
13 2354 3203
13 2354 3204
13 2354 3205
13 2354 3206
13 2354 3207
13 2354 3208
13 2354 3209
13 2354 3210
13 2354 3211
13 2354 3212
13 2354 3213
13 2354 3214
13 2354 3215
13 2354 3216
13 2354 3217
13 2354 3218
13 2354 3219
13 2354 3220
13 2354 3221
13 2354 3222
13 2354 3223
13 2354 3224
13 2354 3225
13 2354 3226
13 2354 3227
13 2354 3228
13 2354 3229
13 2354 3230
13 2354 3231
13 2354 3232
13 2354 3233
13 2354 3234
13 2354 3235
13 2354 3236
13 2354 3237
13 2354 3238
13 2354 3239
13 2354 3240
13 2354 3241
13 2354 3242
13 2354 3243
13 2354 3244
13 2354 3245
13 2354 3246
13 2354 3247
13 2354 3248
13 2354 3249
13 2354 3250
13 2354 3251
13 2354 3252
13 2354 3253
13 2354 3254
13 2354 3255
13 2354 3256
13 2354 3257
13 2354 3258
13 2354 3259
13 2354 3260
13 2354 3261
13 2354 3262
13 2354 3263
13 2354 3264
13 2354 3265
13 2354 3266
13 2354 3267
13 2354 3268
13 2355 2921
13 2355 2922
13 2355 2923
13 2355 2924
13 2355 2925
13 2355 2926
13 2355 2927
13 2355 2928
13 2355 2929
13 2355 2930
13 2355 2931
13 2355 2932
13 2355 2933
13 2355 2934
13 2355 2935
13 2355 2936
13 2355 2937
13 2355 2938
13 2355 2939
13 2355 2940
13 2355 2941
13 2355 2942
13 2355 2943
13 2355 2944
13 2355 2945
13 2355 2946
13 2355 2947
13 2355 2948
13 2355 2949
13 2355 2950
13 2355 2951
13 2355 2952
13 2355 2953
13 2355 2954
13 2355 2955
13 2355 2956
13 2355 2957
13 2355 2958
13 2355 2959
13 2355 2960
13 2355 2961
13 2355 2962
13 2355 2963
13 2355 2964
13 2355 2965
13 2355 2966
13 2355 2967
13 2355 2968
13 2355 2969
13 2355 2970
13 2355 2971
13 2355 2972
13 2355 2973
13 2355 2974
13 2355 2975
13 2355 2976
13 2355 2977
13 2355 2978
13 2355 2979
13 2355 2980
13 2355 2981
13 2355 2982
13 2355 2983
13 2355 2984
13 2355 2985
13 2355 2986
13 2355 2987
13 2355 2988
13 2355 2989
13 2355 2990
13 2355 2991
13 2355 2992
13 2355 2993
13 2355 2994
13 2355 2995
13 2355 2996
13 2355 2997
13 2355 2998
13 2355 2999
13 2355 3000
13 2355 3001
13 2355 3002
13 2355 3003
13 2355 3004
13 2355 3005
13 2355 3006
13 2355 3007
13 2355 3008
13 2355 3009
13 2355 3010
13 2355 3011
13 2355 3012
13 2355 3013
13 2355 3014
13 2355 3015
13 2355 3016
13 2355 3017
13 2355 3018
13 2355 3019
13 2355 3020
13 2355 3021
13 2355 3022
13 2355 3023
13 2355 3024
13 2355 3025
13 2355 3026
13 2355 3027
13 2355 3028
13 2355 3029
13 2355 3030
13 2355 3031
13 2355 3032
13 2355 3033
13 2355 3034
13 2355 3035
13 2355 3036
13 2355 3037
13 2355 3038
13 2355 3039
13 2355 3040
13 2355 3041
13 2355 3042
13 2355 3043
13 2355 3044
13 2355 3045
13 2355 3046
13 2355 3047
13 2355 3048
13 2355 3049
13 2355 3050
13 2355 3051
13 2355 3052
13 2355 3053
13 2355 3054
13 2355 3055
13 2355 3056
13 2355 3057
13 2355 3058
13 2355 3059
13 2355 3060
13 2355 3061
13 2355 3062
13 2355 3063
13 2355 3064
13 2355 3065
13 2355 3066
13 2355 3067
13 2355 3068
13 2355 3069
13 2355 3070
13 2355 3071
13 2355 3072
13 2355 3073
13 2355 3074
13 2355 3075
13 2355 3076
13 2355 3077
13 2355 3078
13 2355 3079
13 2355 3080
13 2355 3081
13 2355 3082
13 2355 3083
13 2355 3084
13 2355 3085
13 2355 3086
13 2355 3087
13 2355 3088
13 2355 3089
13 2355 3090
13 2355 3091
13 2355 3092
13 2355 3093
13 2355 3094
13 2355 3095
13 2355 3096
13 2355 3097
13 2355 3098
13 2355 3099
13 2355 3100
13 2355 3101
13 2355 3102
13 2355 3103
13 2355 3104
13 2355 3105
13 2355 3106
13 2355 3107
13 2355 3108
13 2355 3109
13 2355 3110
13 2355 3111
13 2355 3112
13 2355 3113
13 2355 3114
13 2355 3115
13 2355 3116
13 2355 3117
13 2355 3118
13 2355 3119
13 2355 3120
13 2355 3121
13 2355 3122
13 2355 3123
13 2355 3124
13 2355 3125
13 2355 3126
13 2355 3127
13 2355 3128
13 2355 3129
13 2355 3130
13 2355 3131
13 2355 3132
13 2355 3133
13 2355 3134
13 2355 3135
13 2355 3136
13 2355 3137
13 2355 3138
13 2355 3139
13 2355 3140
13 2355 3141
13 2355 3142
13 2355 3143
13 2355 3144
13 2355 3145
13 2355 3146
13 2355 3147
13 2355 3148
13 2355 3149
13 2355 3150
13 2355 3151
13 2355 3152
13 2355 3153
13 2355 3154
13 2355 3155
13 2355 3156
13 2355 3157
13 2355 3158
13 2355 3159
13 2355 3160
13 2355 3161
13 2355 3162
13 2355 3163
13 2355 3164
13 2355 3165
13 2355 3166
13 2355 3167
13 2355 3168
13 2355 3169
13 2355 3170
13 2355 3171
13 2355 3172
13 2355 3173
13 2355 3174
13 2355 3175
13 2355 3176
13 2355 3177
13 2355 3178
13 2355 3179
13 2355 3180
13 2355 3181
13 2355 3182
13 2355 3183
13 2355 3184
13 2355 3185
13 2355 3186
13 2355 3187
13 2355 3188
13 2355 3189
13 2355 3190
13 2355 3191
13 2355 3192
13 2355 3193
13 2355 3194
13 2355 3195
13 2355 3196
13 2355 3197
13 2355 3198
13 2355 3199
13 2355 3200
13 2355 3201
13 2355 3202
13 2355 3203
13 2355 3204
13 2355 3205
13 2355 3206
13 2355 3207
13 2355 3208
13 2355 3209
13 2355 3210
13 2355 3211
13 2355 3212
13 2355 3213
13 2355 3214
13 2355 3215
13 2355 3216
13 2355 3217
13 2355 3218
13 2355 3219
13 2355 3220
13 2355 3221
13 2355 3222
13 2355 3223
13 2355 3224
13 2355 3225
13 2355 3226
13 2355 3227
13 2355 3228
13 2355 3229
13 2355 3230
13 2355 3231
13 2355 3232
13 2355 3233
13 2355 3234
13 2355 3235
13 2355 3236
13 2355 3237
13 2355 3238
13 2355 3239
13 2355 3240
13 2355 3241
13 2355 3242
13 2355 3243
13 2355 3244
13 2355 3245
13 2355 3246
13 2355 3247
13 2355 3248
13 2355 3249
13 2355 3250
13 2355 3251
13 2355 3252
13 2355 3253
13 2355 3254
13 2355 3255
13 2355 3256
13 2355 3257
13 2355 3258
13 2355 3259
13 2355 3260
13 2355 3261
13 2355 3262
13 2355 3263
13 2355 3264
13 2355 3265
13 2355 3266
13 2355 3267
13 2355 3268
13 2356 2921
13 2356 2922
13 2356 2923
13 2356 2924
13 2356 2925
13 2356 2926
13 2356 2927
13 2356 2928
13 2356 2929
13 2356 2930
13 2356 2931
13 2356 2932
13 2356 2933
13 2356 2934
13 2356 2935
13 2356 2936
13 2356 2937
13 2356 2938
13 2356 2939
13 2356 2940
13 2356 2941
13 2356 2942
13 2356 2943
13 2356 2944
13 2356 2945
13 2356 2946
13 2356 2947
13 2356 2948
13 2356 2949
13 2356 2950
13 2356 2951
13 2356 2952
13 2356 2953
13 2356 2954
13 2356 2955
13 2356 2956
13 2356 2957
13 2356 2958
13 2356 2959
13 2356 2960
13 2356 2961
13 2356 2962
13 2356 2963
13 2356 2964
13 2356 2965
13 2356 2966
13 2356 2967
13 2356 2968
13 2356 2969
13 2356 2970
13 2356 2971
13 2356 2972
13 2356 2973
13 2356 2974
13 2356 2975
13 2356 2976
13 2356 2977
13 2356 2978
13 2356 2979
13 2356 2980
13 2356 2981
13 2356 2982
13 2356 2983
13 2356 2984
13 2356 2985
13 2356 2986
13 2356 2987
13 2356 2988
13 2356 2989
13 2356 2990
13 2356 2991
13 2356 2992
13 2356 2993
13 2356 2994
13 2356 2995
13 2356 2996
13 2356 2997
13 2356 2998
13 2356 2999
13 2356 3000
13 2356 3001
13 2356 3002
13 2356 3003
13 2356 3004
13 2356 3005
13 2356 3006
13 2356 3007
13 2356 3008
13 2356 3009
13 2356 3010
13 2356 3011
13 2356 3012
13 2356 3013
13 2356 3014
13 2356 3015
13 2356 3016
13 2356 3017
13 2356 3018
13 2356 3019
13 2356 3020
13 2356 3021
13 2356 3022
13 2356 3023
13 2356 3024
13 2356 3025
13 2356 3026
13 2356 3027
13 2356 3028
13 2356 3029
13 2356 3030
13 2356 3031
13 2356 3032
13 2356 3033
13 2356 3034
13 2356 3035
13 2356 3036
13 2356 3037
13 2356 3038
13 2356 3039
13 2356 3040
13 2356 3041
13 2356 3042
13 2356 3043
13 2356 3044
13 2356 3045
13 2356 3046
13 2356 3047
13 2356 3048
13 2356 3049
13 2356 3050
13 2356 3051
13 2356 3052
13 2356 3053
13 2356 3054
13 2356 3055
13 2356 3056
13 2356 3057
13 2356 3058
13 2356 3059
13 2356 3060
13 2356 3061
13 2356 3062
13 2356 3063
13 2356 3064
13 2356 3065
13 2356 3066
13 2356 3067
13 2356 3068
13 2356 3069
13 2356 3070
13 2356 3071
13 2356 3072
13 2356 3073
13 2356 3074
13 2356 3075
13 2356 3076
13 2356 3077
13 2356 3078
13 2356 3079
13 2356 3080
13 2356 3081
13 2356 3082
13 2356 3083
13 2356 3084
13 2356 3085
13 2356 3086
13 2356 3087
13 2356 3088
13 2356 3089
13 2356 3090
13 2356 3091
13 2356 3092
13 2356 3093
13 2356 3094
13 2356 3095
13 2356 3096
13 2356 3097
13 2356 3098
13 2356 3099
13 2356 3100
13 2356 3101
13 2356 3102
13 2356 3103
13 2356 3104
13 2356 3105
13 2356 3106
13 2356 3107
13 2356 3108
13 2356 3109
13 2356 3110
13 2356 3111
13 2356 3112
13 2356 3113
13 2356 3114
13 2356 3115
13 2356 3116
13 2356 3117
13 2356 3118
13 2356 3119
13 2356 3120
13 2356 3121
13 2356 3122
13 2356 3123
13 2356 3124
13 2356 3125
13 2356 3126
13 2356 3127
13 2356 3128
13 2356 3129
13 2356 3130
13 2356 3131
13 2356 3132
13 2356 3133
13 2356 3134
13 2356 3135
13 2356 3136
13 2356 3137
13 2356 3138
13 2356 3139
13 2356 3140
13 2356 3141
13 2356 3142
13 2356 3143
13 2356 3144
13 2356 3145
13 2356 3146
13 2356 3147
13 2356 3148
13 2356 3149
13 2356 3150
13 2356 3151
13 2356 3152
13 2356 3153
13 2356 3154
13 2356 3155
13 2356 3156
13 2356 3157
13 2356 3158
13 2356 3159
13 2356 3160
13 2356 3161
13 2356 3162
13 2356 3163
13 2356 3164
13 2356 3165
13 2356 3166
13 2356 3167
13 2356 3168
13 2356 3169
13 2356 3170
13 2356 3171
13 2356 3172
13 2356 3173
13 2356 3174
13 2356 3175
13 2356 3176
13 2356 3177
13 2356 3178
13 2356 3179
13 2356 3180
13 2356 3181
13 2356 3182
13 2356 3183
13 2356 3184
13 2356 3185
13 2356 3186
13 2356 3187
13 2356 3188
13 2356 3189
13 2356 3190
13 2356 3191
13 2356 3192
13 2356 3193
13 2356 3194
13 2356 3195
13 2356 3196
13 2356 3197
13 2356 3198
13 2356 3199
13 2356 3200
13 2356 3201
13 2356 3202
13 2356 3203
13 2356 3204
13 2356 3205
13 2356 3206
13 2356 3207
13 2356 3208
13 2356 3209
13 2356 3210
13 2356 3211
13 2356 3212
13 2356 3213
13 2356 3214
13 2356 3215
13 2356 3216
13 2356 3217
13 2356 3218
13 2356 3219
13 2356 3220
13 2356 3221
13 2356 3222
13 2356 3223
13 2356 3224
13 2356 3225
13 2356 3226
13 2356 3227
13 2356 3228
13 2356 3229
13 2356 3230
13 2356 3231
13 2356 3232
13 2356 3233
13 2356 3234
13 2356 3235
13 2356 3236
13 2356 3237
13 2356 3238
13 2356 3239
13 2356 3240
13 2356 3241
13 2356 3242
13 2356 3243
13 2356 3244
13 2356 3245
13 2356 3246
13 2356 3247
13 2356 3248
13 2356 3249
13 2356 3250
13 2356 3251
13 2356 3252
13 2356 3253
13 2356 3254
13 2356 3255
13 2356 3256
13 2356 3257
13 2356 3258
13 2356 3259
13 2356 3260
13 2356 3261
13 2356 3262
13 2356 3263
13 2356 3264
13 2356 3265
13 2356 3266
13 2356 3267
13 2356 3268
13 2357 2921
13 2357 2922
13 2357 2923
13 2357 2924
13 2357 2925
13 2357 2926
13 2357 2927
13 2357 2928
13 2357 2929
13 2357 2930
13 2357 2931
13 2357 2932
13 2357 2933
13 2357 2934
13 2357 2935
13 2357 2936
13 2357 2937
13 2357 2938
13 2357 2939
13 2357 2940
13 2357 2941
13 2357 2942
13 2357 2943
13 2357 2944
13 2357 2945
13 2357 2946
13 2357 2947
13 2357 2948
13 2357 2949
13 2357 2950
13 2357 2951
13 2357 2952
13 2357 2953
13 2357 2954
13 2357 2955
13 2357 2956
13 2357 2957
13 2357 2958
13 2357 2959
13 2357 2960
13 2357 2961
13 2357 2962
13 2357 2963
13 2357 2964
13 2357 2965
13 2357 2966
13 2357 2967
13 2357 2968
13 2357 2969
13 2357 2970
13 2357 2971
13 2357 2972
13 2357 2973
13 2357 2974
13 2357 2975
13 2357 2976
13 2357 2977
13 2357 2978
13 2357 2979
13 2357 2980
13 2357 2981
13 2357 2982
13 2357 2983
13 2357 2984
13 2357 2985
13 2357 2986
13 2357 2987
13 2357 2988
13 2357 2989
13 2357 2990
13 2357 2991
13 2357 2992
13 2357 2993
13 2357 2994
13 2357 2995
13 2357 2996
13 2357 2997
13 2357 2998
13 2357 2999
13 2357 3000
13 2357 3001
13 2357 3002
13 2357 3003
13 2357 3004
13 2357 3005
13 2357 3006
13 2357 3007
13 2357 3008
13 2357 3009
13 2357 3010
13 2357 3011
13 2357 3012
13 2357 3013
13 2357 3014
13 2357 3015
13 2357 3016
13 2357 3017
13 2357 3018
13 2357 3019
13 2357 3020
13 2357 3021
13 2357 3022
13 2357 3023
13 2357 3024
13 2357 3025
13 2357 3026
13 2357 3027
13 2357 3028
13 2357 3029
13 2357 3030
13 2357 3031
13 2357 3032
13 2357 3033
13 2357 3034
13 2357 3035
13 2357 3036
13 2357 3037
13 2357 3038
13 2357 3039
13 2357 3040
13 2357 3041
13 2357 3042
13 2357 3043
13 2357 3044
13 2357 3045
13 2357 3046
13 2357 3047
13 2357 3048
13 2357 3049
13 2357 3050
13 2357 3051
13 2357 3052
13 2357 3053
13 2357 3054
13 2357 3055
13 2357 3056
13 2357 3057
13 2357 3058
13 2357 3059
13 2357 3060
13 2357 3061
13 2357 3062
13 2357 3063
13 2357 3064
13 2357 3065
13 2357 3066
13 2357 3067
13 2357 3068
13 2357 3069
13 2357 3070
13 2357 3071
13 2357 3072
13 2357 3073
13 2357 3074
13 2357 3075
13 2357 3076
13 2357 3077
13 2357 3078
13 2357 3079
13 2357 3080
13 2357 3081
13 2357 3082
13 2357 3083
13 2357 3084
13 2357 3085
13 2357 3086
13 2357 3087
13 2357 3088
13 2357 3089
13 2357 3090
13 2357 3091
13 2357 3092
13 2357 3093
13 2357 3094
13 2357 3095
13 2357 3096
13 2357 3097
13 2357 3098
13 2357 3099
13 2357 3100
13 2357 3101
13 2357 3102
13 2357 3103
13 2357 3104
13 2357 3105
13 2357 3106
13 2357 3107
13 2357 3108
13 2357 3109
13 2357 3110
13 2357 3111
13 2357 3112
13 2357 3113
13 2357 3114
13 2357 3115
13 2357 3116
13 2357 3117
13 2357 3118
13 2357 3119
13 2357 3120
13 2357 3121
13 2357 3122
13 2357 3123
13 2357 3124
13 2357 3125
13 2357 3126
13 2357 3127
13 2357 3128
13 2357 3129
13 2357 3130
13 2357 3131
13 2357 3132
13 2357 3133
13 2357 3134
13 2357 3135
13 2357 3136
13 2357 3137
13 2357 3138
13 2357 3139
13 2357 3140
13 2357 3141
13 2357 3142
13 2357 3143
13 2357 3144
13 2357 3145
13 2357 3146
13 2357 3147
13 2357 3148
13 2357 3149
13 2357 3150
13 2357 3151
13 2357 3152
13 2357 3153
13 2357 3154
13 2357 3155
13 2357 3156
13 2357 3157
13 2357 3158
13 2357 3159
13 2357 3160
13 2357 3161
13 2357 3162
13 2357 3163
13 2357 3164
13 2357 3165
13 2357 3166
13 2357 3167
13 2357 3168
13 2357 3169
13 2357 3170
13 2357 3171
13 2357 3172
13 2357 3173
13 2357 3174
13 2357 3175
13 2357 3176
13 2357 3177
13 2357 3178
13 2357 3179
13 2357 3180
13 2357 3181
13 2357 3182
13 2357 3183
13 2357 3184
13 2357 3185
13 2357 3186
13 2357 3187
13 2357 3188
13 2357 3189
13 2357 3190
13 2357 3191
13 2357 3192
13 2357 3193
13 2357 3194
13 2357 3195
13 2357 3196
13 2357 3197
13 2357 3198
13 2357 3199
13 2357 3200
13 2357 3201
13 2357 3202
13 2357 3203
13 2357 3204
13 2357 3205
13 2357 3206
13 2357 3207
13 2357 3208
13 2357 3209
13 2357 3210
13 2357 3211
13 2357 3212
13 2357 3213
13 2357 3214
13 2357 3215
13 2357 3216
13 2357 3217
13 2357 3218
13 2357 3219
13 2357 3220
13 2357 3221
13 2357 3222
13 2357 3223
13 2357 3224
13 2357 3225
13 2357 3226
13 2357 3227
13 2357 3228
13 2357 3229
13 2357 3230
13 2357 3231
13 2357 3232
13 2357 3233
13 2357 3234
13 2357 3235
13 2357 3236
13 2357 3237
13 2357 3238
13 2357 3239
13 2357 3240
13 2357 3241
13 2357 3242
13 2357 3243
13 2357 3244
13 2357 3245
13 2357 3246
13 2357 3247
13 2357 3248
13 2357 3249
13 2357 3250
13 2357 3251
13 2357 3252
13 2357 3253
13 2357 3254
13 2357 3255
13 2357 3256
13 2357 3257
13 2357 3258
13 2357 3259
13 2357 3260
13 2357 3261
13 2357 3262
13 2357 3263
13 2357 3264
13 2357 3265
13 2357 3266
13 2357 3267
13 2357 3268
13 2358 2921
13 2358 2922
13 2358 2923
13 2358 2924
13 2358 2925
13 2358 2926
13 2358 2927
13 2358 2928
13 2358 2929
13 2358 2930
13 2358 2931
13 2358 2932
13 2358 2933
13 2358 2934
13 2358 2935
13 2358 2936
13 2358 2937
13 2358 2938
13 2358 2939
13 2358 2940
13 2358 2941
13 2358 2942
13 2358 2943
13 2358 2944
13 2358 2945
13 2358 2946
13 2358 2947
13 2358 2948
13 2358 2949
13 2358 2950
13 2358 2951
13 2358 2952
13 2358 2953
13 2358 2954
13 2358 2955
13 2358 2956
13 2358 2957
13 2358 2958
13 2358 2959
13 2358 2960
13 2358 2961
13 2358 2962
13 2358 2963
13 2358 2964
13 2358 2965
13 2358 2966
13 2358 2967
13 2358 2968
13 2358 2969
13 2358 2970
13 2358 2971
13 2358 2972
13 2358 2973
13 2358 2974
13 2358 2975
13 2358 2976
13 2358 2977
13 2358 2978
13 2358 2979
13 2358 2980
13 2358 2981
13 2358 2982
13 2358 2983
13 2358 2984
13 2358 2985
13 2358 2986
13 2358 2987
13 2358 2988
13 2358 2989
13 2358 2990
13 2358 2991
13 2358 2992
13 2358 2993
13 2358 2994
13 2358 2995
13 2358 2996
13 2358 2997
13 2358 2998
13 2358 2999
13 2358 3000
13 2358 3001
13 2358 3002
13 2358 3003
13 2358 3004
13 2358 3005
13 2358 3006
13 2358 3007
13 2358 3008
13 2358 3009
13 2358 3010
13 2358 3011
13 2358 3012
13 2358 3013
13 2358 3014
13 2358 3015
13 2358 3016
13 2358 3017
13 2358 3018
13 2358 3019
13 2358 3020
13 2358 3021
13 2358 3022
13 2358 3023
13 2358 3024
13 2358 3025
13 2358 3026
13 2358 3027
13 2358 3028
13 2358 3029
13 2358 3030
13 2358 3031
13 2358 3032
13 2358 3033
13 2358 3034
13 2358 3035
13 2358 3036
13 2358 3037
13 2358 3038
13 2358 3039
13 2358 3040
13 2358 3041
13 2358 3042
13 2358 3043
13 2358 3044
13 2358 3045
13 2358 3046
13 2358 3047
13 2358 3048
13 2358 3049
13 2358 3050
13 2358 3051
13 2358 3052
13 2358 3053
13 2358 3054
13 2358 3055
13 2358 3056
13 2358 3057
13 2358 3058
13 2358 3059
13 2358 3060
13 2358 3061
13 2358 3062
13 2358 3063
13 2358 3064
13 2358 3065
13 2358 3066
13 2358 3067
13 2358 3068
13 2358 3069
13 2358 3070
13 2358 3071
13 2358 3072
13 2358 3073
13 2358 3074
13 2358 3075
13 2358 3076
13 2358 3077
13 2358 3078
13 2358 3079
13 2358 3080
13 2358 3081
13 2358 3082
13 2358 3083
13 2358 3084
13 2358 3085
13 2358 3086
13 2358 3087
13 2358 3088
13 2358 3089
13 2358 3090
13 2358 3091
13 2358 3092
13 2358 3093
13 2358 3094
13 2358 3095
13 2358 3096
13 2358 3097
13 2358 3098
13 2358 3099
13 2358 3100
13 2358 3101
13 2358 3102
13 2358 3103
13 2358 3104
13 2358 3105
13 2358 3106
13 2358 3107
13 2358 3108
13 2358 3109
13 2358 3110
13 2358 3111
13 2358 3112
13 2358 3113
13 2358 3114
13 2358 3115
13 2358 3116
13 2358 3117
13 2358 3118
13 2358 3119
13 2358 3120
13 2358 3121
13 2358 3122
13 2358 3123
13 2358 3124
13 2358 3125
13 2358 3126
13 2358 3127
13 2358 3128
13 2358 3129
13 2358 3130
13 2358 3131
13 2358 3132
13 2358 3133
13 2358 3134
13 2358 3135
13 2358 3136
13 2358 3137
13 2358 3138
13 2358 3139
13 2358 3140
13 2358 3141
13 2358 3142
13 2358 3143
13 2358 3144
13 2358 3145
13 2358 3146
13 2358 3147
13 2358 3148
13 2358 3149
13 2358 3150
13 2358 3151
13 2358 3152
13 2358 3153
13 2358 3154
13 2358 3155
13 2358 3156
13 2358 3157
13 2358 3158
13 2358 3159
13 2358 3160
13 2358 3161
13 2358 3162
13 2358 3163
13 2358 3164
13 2358 3165
13 2358 3166
13 2358 3167
13 2358 3168
13 2358 3169
13 2358 3170
13 2358 3171
13 2358 3172
13 2358 3173
13 2358 3174
13 2358 3175
13 2358 3176
13 2358 3177
13 2358 3178
13 2358 3179
13 2358 3180
13 2358 3181
13 2358 3182
13 2358 3183
13 2358 3184
13 2358 3185
13 2358 3186
13 2358 3187
13 2358 3188
13 2358 3189
13 2358 3190
13 2358 3191
13 2358 3192
13 2358 3193
13 2358 3194
13 2358 3195
13 2358 3196
13 2358 3197
13 2358 3198
13 2358 3199
13 2358 3200
13 2358 3201
13 2358 3202
13 2358 3203
13 2358 3204
13 2358 3205
13 2358 3206
13 2358 3207
13 2358 3208
13 2358 3209
13 2358 3210
13 2358 3211
13 2358 3212
13 2358 3213
13 2358 3214
13 2358 3215
13 2358 3216
13 2358 3217
13 2358 3218
13 2358 3219
13 2358 3220
13 2358 3221
13 2358 3222
13 2358 3223
13 2358 3224
13 2358 3225
13 2358 3226
13 2358 3227
13 2358 3228
13 2358 3229
13 2358 3230
13 2358 3231
13 2358 3232
13 2358 3233
13 2358 3234
13 2358 3235
13 2358 3236
13 2358 3237
13 2358 3238
13 2358 3239
13 2358 3240
13 2358 3241
13 2358 3242
13 2358 3243
13 2358 3244
13 2358 3245
13 2358 3246
13 2358 3247
13 2358 3248
13 2358 3249
13 2358 3250
13 2358 3251
13 2358 3252
13 2358 3253
13 2358 3254
13 2358 3255
13 2358 3256
13 2358 3257
13 2358 3258
13 2358 3259
13 2358 3260
13 2358 3261
13 2358 3262
13 2358 3263
13 2358 3264
13 2358 3265
13 2358 3266
13 2358 3267
13 2358 3268
13 2359 2921
13 2359 2922
13 2359 2923
13 2359 2924
13 2359 2925
13 2359 2926
13 2359 2927
13 2359 2928
13 2359 2929
13 2359 2930
13 2359 2931
13 2359 2932
13 2359 2933
13 2359 2934
13 2359 2935
13 2359 2936
13 2359 2937
13 2359 2938
13 2359 2939
13 2359 2940
13 2359 2941
13 2359 2942
13 2359 2943
13 2359 2944
13 2359 2945
13 2359 2946
13 2359 2947
13 2359 2948
13 2359 2949
13 2359 2950
13 2359 2951
13 2359 2952
13 2359 2953
13 2359 2954
13 2359 2955
13 2359 2956
13 2359 2957
13 2359 2958
13 2359 2959
13 2359 2960
13 2359 2961
13 2359 2962
13 2359 2963
13 2359 2964
13 2359 2965
13 2359 2966
13 2359 2967
13 2359 2968
13 2359 2969
13 2359 2970
13 2359 2971
13 2359 2972
13 2359 2973
13 2359 2974
13 2359 2975
13 2359 2976
13 2359 2977
13 2359 2978
13 2359 2979
13 2359 2980
13 2359 2981
13 2359 2982
13 2359 2983
13 2359 2984
13 2359 2985
13 2359 2986
13 2359 2987
13 2359 2988
13 2359 2989
13 2359 2990
13 2359 2991
13 2359 2992
13 2359 2993
13 2359 2994
13 2359 2995
13 2359 2996
13 2359 2997
13 2359 2998
13 2359 2999
13 2359 3000
13 2359 3001
13 2359 3002
13 2359 3003
13 2359 3004
13 2359 3005
13 2359 3006
13 2359 3007
13 2359 3008
13 2359 3009
13 2359 3010
13 2359 3011
13 2359 3012
13 2359 3013
13 2359 3014
13 2359 3015
13 2359 3016
13 2359 3017
13 2359 3018
13 2359 3019
13 2359 3020
13 2359 3021
13 2359 3022
13 2359 3023
13 2359 3024
13 2359 3025
13 2359 3026
13 2359 3027
13 2359 3028
13 2359 3029
13 2359 3030
13 2359 3031
13 2359 3032
13 2359 3033
13 2359 3034
13 2359 3035
13 2359 3036
13 2359 3037
13 2359 3038
13 2359 3039
13 2359 3040
13 2359 3041
13 2359 3042
13 2359 3043
13 2359 3044
13 2359 3045
13 2359 3046
13 2359 3047
13 2359 3048
13 2359 3049
13 2359 3050
13 2359 3051
13 2359 3052
13 2359 3053
13 2359 3054
13 2359 3055
13 2359 3056
13 2359 3057
13 2359 3058
13 2359 3059
13 2359 3060
13 2359 3061
13 2359 3062
13 2359 3063
13 2359 3064
13 2359 3065
13 2359 3066
13 2359 3067
13 2359 3068
13 2359 3069
13 2359 3070
13 2359 3071
13 2359 3072
13 2359 3073
13 2359 3074
13 2359 3075
13 2359 3076
13 2359 3077
13 2359 3078
13 2359 3079
13 2359 3080
13 2359 3081
13 2359 3082
13 2359 3083
13 2359 3084
13 2359 3085
13 2359 3086
13 2359 3087
13 2359 3088
13 2359 3089
13 2359 3090
13 2359 3091
13 2359 3092
13 2359 3093
13 2359 3094
13 2359 3095
13 2359 3096
13 2359 3097
13 2359 3098
13 2359 3099
13 2359 3100
13 2359 3101
13 2359 3102
13 2359 3103
13 2359 3104
13 2359 3105
13 2359 3106
13 2359 3107
13 2359 3108
13 2359 3109
13 2359 3110
13 2359 3111
13 2359 3112
13 2359 3113
13 2359 3114
13 2359 3115
13 2359 3116
13 2359 3117
13 2359 3118
13 2359 3119
13 2359 3120
13 2359 3121
13 2359 3122
13 2359 3123
13 2359 3124
13 2359 3125
13 2359 3126
13 2359 3127
13 2359 3128
13 2359 3129
13 2359 3130
13 2359 3131
13 2359 3132
13 2359 3133
13 2359 3134
13 2359 3135
13 2359 3136
13 2359 3137
13 2359 3138
13 2359 3139
13 2359 3140
13 2359 3141
13 2359 3142
13 2359 3143
13 2359 3144
13 2359 3145
13 2359 3146
13 2359 3147
13 2359 3148
13 2359 3149
13 2359 3150
13 2359 3151
13 2359 3152
13 2359 3153
13 2359 3154
13 2359 3155
13 2359 3156
13 2359 3157
13 2359 3158
13 2359 3159
13 2359 3160
13 2359 3161
13 2359 3162
13 2359 3163
13 2359 3164
13 2359 3165
13 2359 3166
13 2359 3167
13 2359 3168
13 2359 3169
13 2359 3170
13 2359 3171
13 2359 3172
13 2359 3173
13 2359 3174
13 2359 3175
13 2359 3176
13 2359 3177
13 2359 3178
13 2359 3179
13 2359 3180
13 2359 3181
13 2359 3182
13 2359 3183
13 2359 3184
13 2359 3185
13 2359 3186
13 2359 3187
13 2359 3188
13 2359 3189
13 2359 3190
13 2359 3191
13 2359 3192
13 2359 3193
13 2359 3194
13 2359 3195
13 2359 3196
13 2359 3197
13 2359 3198
13 2359 3199
13 2359 3200
13 2359 3201
13 2359 3202
13 2359 3203
13 2359 3204
13 2359 3205
13 2359 3206
13 2359 3207
13 2359 3208
13 2359 3209
13 2359 3210
13 2359 3211
13 2359 3212
13 2359 3213
13 2359 3214
13 2359 3215
13 2359 3216
13 2359 3217
13 2359 3218
13 2359 3219
13 2359 3220
13 2359 3221
13 2359 3222
13 2359 3223
13 2359 3224
13 2359 3225
13 2359 3226
13 2359 3227
13 2359 3228
13 2359 3229
13 2359 3230
13 2359 3231
13 2359 3232
13 2359 3233
13 2359 3234
13 2359 3235
13 2359 3236
13 2359 3237
13 2359 3238
13 2359 3239
13 2359 3240
13 2359 3241
13 2359 3242
13 2359 3243
13 2359 3244
13 2359 3245
13 2359 3246
13 2359 3247
13 2359 3248
13 2359 3249
13 2359 3250
13 2359 3251
13 2359 3252
13 2359 3253
13 2359 3254
13 2359 3255
13 2359 3256
13 2359 3257
13 2359 3258
13 2359 3259
13 2359 3260
13 2359 3261
13 2359 3262
13 2359 3263
13 2359 3264
13 2359 3265
13 2359 3266
13 2359 3267
13 2359 3268
13 2360 2921
13 2360 2922
13 2360 2923
13 2360 2924
13 2360 2925
13 2360 2926
13 2360 2927
13 2360 2928
13 2360 2929
13 2360 2930
13 2360 2931
13 2360 2932
13 2360 2933
13 2360 2934
13 2360 2935
13 2360 2936
13 2360 2937
13 2360 2938
13 2360 2939
13 2360 2940
13 2360 2941
13 2360 2942
13 2360 2943
13 2360 2944
13 2360 2945
13 2360 2946
13 2360 2947
13 2360 2948
13 2360 2949
13 2360 2950
13 2360 2951
13 2360 2952
13 2360 2953
13 2360 2954
13 2360 2955
13 2360 2956
13 2360 2957
13 2360 2958
13 2360 2959
13 2360 2960
13 2360 2961
13 2360 2962
13 2360 2963
13 2360 2964
13 2360 2965
13 2360 2966
13 2360 2967
13 2360 2968
13 2360 2969
13 2360 2970
13 2360 2971
13 2360 2972
13 2360 2973
13 2360 2974
13 2360 2975
13 2360 2976
13 2360 2977
13 2360 2978
13 2360 2979
13 2360 2980
13 2360 2981
13 2360 2982
13 2360 2983
13 2360 2984
13 2360 2985
13 2360 2986
13 2360 2987
13 2360 2988
13 2360 2989
13 2360 2990
13 2360 2991
13 2360 2992
13 2360 2993
13 2360 2994
13 2360 2995
13 2360 2996
13 2360 2997
13 2360 2998
13 2360 2999
13 2360 3000
13 2360 3001
13 2360 3002
13 2360 3003
13 2360 3004
13 2360 3005
13 2360 3006
13 2360 3007
13 2360 3008
13 2360 3009
13 2360 3010
13 2360 3011
13 2360 3012
13 2360 3013
13 2360 3014
13 2360 3015
13 2360 3016
13 2360 3017
13 2360 3018
13 2360 3019
13 2360 3020
13 2360 3021
13 2360 3022
13 2360 3023
13 2360 3024
13 2360 3025
13 2360 3026
13 2360 3027
13 2360 3028
13 2360 3029
13 2360 3030
13 2360 3031
13 2360 3032
13 2360 3033
13 2360 3034
13 2360 3035
13 2360 3036
13 2360 3037
13 2360 3038
13 2360 3039
13 2360 3040
13 2360 3041
13 2360 3042
13 2360 3043
13 2360 3044
13 2360 3045
13 2360 3046
13 2360 3047
13 2360 3048
13 2360 3049
13 2360 3050
13 2360 3051
13 2360 3052
13 2360 3053
13 2360 3054
13 2360 3055
13 2360 3056
13 2360 3057
13 2360 3058
13 2360 3059
13 2360 3060
13 2360 3061
13 2360 3062
13 2360 3063
13 2360 3064
13 2360 3065
13 2360 3066
13 2360 3067
13 2360 3068
13 2360 3069
13 2360 3070
13 2360 3071
13 2360 3072
13 2360 3073
13 2360 3074
13 2360 3075
13 2360 3076
13 2360 3077
13 2360 3078
13 2360 3079
13 2360 3080
13 2360 3081
13 2360 3082
13 2360 3083
13 2360 3084
13 2360 3085
13 2360 3086
13 2360 3087
13 2360 3088
13 2360 3089
13 2360 3090
13 2360 3091
13 2360 3092
13 2360 3093
13 2360 3094
13 2360 3095
13 2360 3096
13 2360 3097
13 2360 3098
13 2360 3099
13 2360 3100
13 2360 3101
13 2360 3102
13 2360 3103
13 2360 3104
13 2360 3105
13 2360 3106
13 2360 3107
13 2360 3108
13 2360 3109
13 2360 3110
13 2360 3111
13 2360 3112
13 2360 3113
13 2360 3114
13 2360 3115
13 2360 3116
13 2360 3117
13 2360 3118
13 2360 3119
13 2360 3120
13 2360 3121
13 2360 3122
13 2360 3123
13 2360 3124
13 2360 3125
13 2360 3126
13 2360 3127
13 2360 3128
13 2360 3129
13 2360 3130
13 2360 3131
13 2360 3132
13 2360 3133
13 2360 3134
13 2360 3135
13 2360 3136
13 2360 3137
13 2360 3138
13 2360 3139
13 2360 3140
13 2360 3141
13 2360 3142
13 2360 3143
13 2360 3144
13 2360 3145
13 2360 3146
13 2360 3147
13 2360 3148
13 2360 3149
13 2360 3150
13 2360 3151
13 2360 3152
13 2360 3153
13 2360 3154
13 2360 3155
13 2360 3156
13 2360 3157
13 2360 3158
13 2360 3159
13 2360 3160
13 2360 3161
13 2360 3162
13 2360 3163
13 2360 3164
13 2360 3165
13 2360 3166
13 2360 3167
13 2360 3168
13 2360 3169
13 2360 3170
13 2360 3171
13 2360 3172
13 2360 3173
13 2360 3174
13 2360 3175
13 2360 3176
13 2360 3177
13 2360 3178
13 2360 3179
13 2360 3180
13 2360 3181
13 2360 3182
13 2360 3183
13 2360 3184
13 2360 3185
13 2360 3186
13 2360 3187
13 2360 3188
13 2360 3189
13 2360 3190
13 2360 3191
13 2360 3192
13 2360 3193
13 2360 3194
13 2360 3195
13 2360 3196
13 2360 3197
13 2360 3198
13 2360 3199
13 2360 3200
13 2360 3201
13 2360 3202
13 2360 3203
13 2360 3204
13 2360 3205
13 2360 3206
13 2360 3207
13 2360 3208
13 2360 3209
13 2360 3210
13 2360 3211
13 2360 3212
13 2360 3213
13 2360 3214
13 2360 3215
13 2360 3216
13 2360 3217
13 2360 3218
13 2360 3219
13 2360 3220
13 2360 3221
13 2360 3222
13 2360 3223
13 2360 3224
13 2360 3225
13 2360 3226
13 2360 3227
13 2360 3228
13 2360 3229
13 2360 3230
13 2360 3231
13 2360 3232
13 2360 3233
13 2360 3234
13 2360 3235
13 2360 3236
13 2360 3237
13 2360 3238
13 2360 3239
13 2360 3240
13 2360 3241
13 2360 3242
13 2360 3243
13 2360 3244
13 2360 3245
13 2360 3246
13 2360 3247
13 2360 3248
13 2360 3249
13 2360 3250
13 2360 3251
13 2360 3252
13 2360 3253
13 2360 3254
13 2360 3255
13 2360 3256
13 2360 3257
13 2360 3258
13 2360 3259
13 2360 3260
13 2360 3261
13 2360 3262
13 2360 3263
13 2360 3264
13 2360 3265
13 2360 3266
13 2360 3267
13 2360 3268
13 2361 2921
13 2361 2922
13 2361 2923
13 2361 2924
13 2361 2925
13 2361 2926
13 2361 2927
13 2361 2928
13 2361 2929
13 2361 2930
13 2361 2931
13 2361 2932
13 2361 2933
13 2361 2934
13 2361 2935
13 2361 2936
13 2361 2937
13 2361 2938
13 2361 2939
13 2361 2940
13 2361 2941
13 2361 2942
13 2361 2943
13 2361 2944
13 2361 2945
13 2361 2946
13 2361 2947
13 2361 2948
13 2361 2949
13 2361 2950
13 2361 2951
13 2361 2952
13 2361 2953
13 2361 2954
13 2361 2955
13 2361 2956
13 2361 2957
13 2361 2958
13 2361 2959
13 2361 2960
13 2361 2961
13 2361 2962
13 2361 2963
13 2361 2964
13 2361 2965
13 2361 2966
13 2361 2967
13 2361 2968
13 2361 2969
13 2361 2970
13 2361 2971
13 2361 2972
13 2361 2973
13 2361 2974
13 2361 2975
13 2361 2976
13 2361 2977
13 2361 2978
13 2361 2979
13 2361 2980
13 2361 2981
13 2361 2982
13 2361 2983
13 2361 2984
13 2361 2985
13 2361 2986
13 2361 2987
13 2361 2988
13 2361 2989
13 2361 2990
13 2361 2991
13 2361 2992
13 2361 2993
13 2361 2994
13 2361 2995
13 2361 2996
13 2361 2997
13 2361 2998
13 2361 2999
13 2361 3000
13 2361 3001
13 2361 3002
13 2361 3003
13 2361 3004
13 2361 3005
13 2361 3006
13 2361 3007
13 2361 3008
13 2361 3009
13 2361 3010
13 2361 3011
13 2361 3012
13 2361 3013
13 2361 3014
13 2361 3015
13 2361 3016
13 2361 3017
13 2361 3018
13 2361 3019
13 2361 3020
13 2361 3021
13 2361 3022
13 2361 3023
13 2361 3024
13 2361 3025
13 2361 3026
13 2361 3027
13 2361 3028
13 2361 3029
13 2361 3030
13 2361 3031
13 2361 3032
13 2361 3033
13 2361 3034
13 2361 3035
13 2361 3036
13 2361 3037
13 2361 3038
13 2361 3039
13 2361 3040
13 2361 3041
13 2361 3042
13 2361 3043
13 2361 3044
13 2361 3045
13 2361 3046
13 2361 3047
13 2361 3048
13 2361 3049
13 2361 3050
13 2361 3051
13 2361 3052
13 2361 3053
13 2361 3054
13 2361 3055
13 2361 3056
13 2361 3057
13 2361 3058
13 2361 3059
13 2361 3060
13 2361 3061
13 2361 3062
13 2361 3063
13 2361 3064
13 2361 3065
13 2361 3066
13 2361 3067
13 2361 3068
13 2361 3069
13 2361 3070
13 2361 3071
13 2361 3072
13 2361 3073
13 2361 3074
13 2361 3075
13 2361 3076
13 2361 3077
13 2361 3078
13 2361 3079
13 2361 3080
13 2361 3081
13 2361 3082
13 2361 3083
13 2361 3084
13 2361 3085
13 2361 3086
13 2361 3087
13 2361 3088
13 2361 3089
13 2361 3090
13 2361 3091
13 2361 3092
13 2361 3093
13 2361 3094
13 2361 3095
13 2361 3096
13 2361 3097
13 2361 3098
13 2361 3099
13 2361 3100
13 2361 3101
13 2361 3102
13 2361 3103
13 2361 3104
13 2361 3105
13 2361 3106
13 2361 3107
13 2361 3108
13 2361 3109
13 2361 3110
13 2361 3111
13 2361 3112
13 2361 3113
13 2361 3114
13 2361 3115
13 2361 3116
13 2361 3117
13 2361 3118
13 2361 3119
13 2361 3120
13 2361 3121
13 2361 3122
13 2361 3123
13 2361 3124
13 2361 3125
13 2361 3126
13 2361 3127
13 2361 3128
13 2361 3129
13 2361 3130
13 2361 3131
13 2361 3132
13 2361 3133
13 2361 3134
13 2361 3135
13 2361 3136
13 2361 3137
13 2361 3138
13 2361 3139
13 2361 3140
13 2361 3141
13 2361 3142
13 2361 3143
13 2361 3144
13 2361 3145
13 2361 3146
13 2361 3147
13 2361 3148
13 2361 3149
13 2361 3150
13 2361 3151
13 2361 3152
13 2361 3153
13 2361 3154
13 2361 3155
13 2361 3156
13 2361 3157
13 2361 3158
13 2361 3159
13 2361 3160
13 2361 3161
13 2361 3162
13 2361 3163
13 2361 3164
13 2361 3165
13 2361 3166
13 2361 3167
13 2361 3168
13 2361 3169
13 2361 3170
13 2361 3171
13 2361 3172
13 2361 3173
13 2361 3174
13 2361 3175
13 2361 3176
13 2361 3177
13 2361 3178
13 2361 3179
13 2361 3180
13 2361 3181
13 2361 3182
13 2361 3183
13 2361 3184
13 2361 3185
13 2361 3186
13 2361 3187
13 2361 3188
13 2361 3189
13 2361 3190
13 2361 3191
13 2361 3192
13 2361 3193
13 2361 3194
13 2361 3195
13 2361 3196
13 2361 3197
13 2361 3198
13 2361 3199
13 2361 3200
13 2361 3201
13 2361 3202
13 2361 3203
13 2361 3204
13 2361 3205
13 2361 3206
13 2361 3207
13 2361 3208
13 2361 3209
13 2361 3210
13 2361 3211
13 2361 3212
13 2361 3213
13 2361 3214
13 2361 3215
13 2361 3216
13 2361 3217
13 2361 3218
13 2361 3219
13 2361 3220
13 2361 3221
13 2361 3222
13 2361 3223
13 2361 3224
13 2361 3225
13 2361 3226
13 2361 3227
13 2361 3228
13 2361 3229
13 2361 3230
13 2361 3231
13 2361 3232
13 2361 3233
13 2361 3234
13 2361 3235
13 2361 3236
13 2361 3237
13 2361 3238
13 2361 3239
13 2361 3240
13 2361 3241
13 2361 3242
13 2361 3243
13 2361 3244
13 2361 3245
13 2361 3246
13 2361 3247
13 2361 3248
13 2361 3249
13 2361 3250
13 2361 3251
13 2361 3252
13 2361 3253
13 2361 3254
13 2361 3255
13 2361 3256
13 2361 3257
13 2361 3258
13 2361 3259
13 2361 3260
13 2361 3261
13 2361 3262
13 2361 3263
13 2361 3264
13 2361 3265
13 2361 3266
13 2361 3267
13 2361 3268
13 2362 2921
13 2362 2922
13 2362 2923
13 2362 2924
13 2362 2925
13 2362 2926
13 2362 2927
13 2362 2928
13 2362 2929
13 2362 2930
13 2362 2931
13 2362 2932
13 2362 2933
13 2362 2934
13 2362 2935
13 2362 2936
13 2362 2937
13 2362 2938
13 2362 2939
13 2362 2940
13 2362 2941
13 2362 2942
13 2362 2943
13 2362 2944
13 2362 2945
13 2362 2946
13 2362 2947
13 2362 2948
13 2362 2949
13 2362 2950
13 2362 2951
13 2362 2952
13 2362 2953
13 2362 2954
13 2362 2955
13 2362 2956
13 2362 2957
13 2362 2958
13 2362 2959
13 2362 2960
13 2362 2961
13 2362 2962
13 2362 2963
13 2362 2964
13 2362 2965
13 2362 2966
13 2362 2967
13 2362 2968
13 2362 2969
13 2362 2970
13 2362 2971
13 2362 2972
13 2362 2973
13 2362 2974
13 2362 2975
13 2362 2976
13 2362 2977
13 2362 2978
13 2362 2979
13 2362 2980
13 2362 2981
13 2362 2982
13 2362 2983
13 2362 2984
13 2362 2985
13 2362 2986
13 2362 2987
13 2362 2988
13 2362 2989
13 2362 2990
13 2362 2991
13 2362 2992
13 2362 2993
13 2362 2994
13 2362 2995
13 2362 2996
13 2362 2997
13 2362 2998
13 2362 2999
13 2362 3000
13 2362 3001
13 2362 3002
13 2362 3003
13 2362 3004
13 2362 3005
13 2362 3006
13 2362 3007
13 2362 3008
13 2362 3009
13 2362 3010
13 2362 3011
13 2362 3012
13 2362 3013
13 2362 3014
13 2362 3015
13 2362 3016
13 2362 3017
13 2362 3018
13 2362 3019
13 2362 3020
13 2362 3021
13 2362 3022
13 2362 3023
13 2362 3024
13 2362 3025
13 2362 3026
13 2362 3027
13 2362 3028
13 2362 3029
13 2362 3030
13 2362 3031
13 2362 3032
13 2362 3033
13 2362 3034
13 2362 3035
13 2362 3036
13 2362 3037
13 2362 3038
13 2362 3039
13 2362 3040
13 2362 3041
13 2362 3042
13 2362 3043
13 2362 3044
13 2362 3045
13 2362 3046
13 2362 3047
13 2362 3048
13 2362 3049
13 2362 3050
13 2362 3051
13 2362 3052
13 2362 3053
13 2362 3054
13 2362 3055
13 2362 3056
13 2362 3057
13 2362 3058
13 2362 3059
13 2362 3060
13 2362 3061
13 2362 3062
13 2362 3063
13 2362 3064
13 2362 3065
13 2362 3066
13 2362 3067
13 2362 3068
13 2362 3069
13 2362 3070
13 2362 3071
13 2362 3072
13 2362 3073
13 2362 3074
13 2362 3075
13 2362 3076
13 2362 3077
13 2362 3078
13 2362 3079
13 2362 3080
13 2362 3081
13 2362 3082
13 2362 3083
13 2362 3084
13 2362 3085
13 2362 3086
13 2362 3087
13 2362 3088
13 2362 3089
13 2362 3090
13 2362 3091
13 2362 3092
13 2362 3093
13 2362 3094
13 2362 3095
13 2362 3096
13 2362 3097
13 2362 3098
13 2362 3099
13 2362 3100
13 2362 3101
13 2362 3102
13 2362 3103
13 2362 3104
13 2362 3105
13 2362 3106
13 2362 3107
13 2362 3108
13 2362 3109
13 2362 3110
13 2362 3111
13 2362 3112
13 2362 3113
13 2362 3114
13 2362 3115
13 2362 3116
13 2362 3117
13 2362 3118
13 2362 3119
13 2362 3120
13 2362 3121
13 2362 3122
13 2362 3123
13 2362 3124
13 2362 3125
13 2362 3126
13 2362 3127
13 2362 3128
13 2362 3129
13 2362 3130
13 2362 3131
13 2362 3132
13 2362 3133
13 2362 3134
13 2362 3135
13 2362 3136
13 2362 3137
13 2362 3138
13 2362 3139
13 2362 3140
13 2362 3141
13 2362 3142
13 2362 3143
13 2362 3144
13 2362 3145
13 2362 3146
13 2362 3147
13 2362 3148
13 2362 3149
13 2362 3150
13 2362 3151
13 2362 3152
13 2362 3153
13 2362 3154
13 2362 3155
13 2362 3156
13 2362 3157
13 2362 3158
13 2362 3159
13 2362 3160
13 2362 3161
13 2362 3162
13 2362 3163
13 2362 3164
13 2362 3165
13 2362 3166
13 2362 3167
13 2362 3168
13 2362 3169
13 2362 3170
13 2362 3171
13 2362 3172
13 2362 3173
13 2362 3174
13 2362 3175
13 2362 3176
13 2362 3177
13 2362 3178
13 2362 3179
13 2362 3180
13 2362 3181
13 2362 3182
13 2362 3183
13 2362 3184
13 2362 3185
13 2362 3186
13 2362 3187
13 2362 3188
13 2362 3189
13 2362 3190
13 2362 3191
13 2362 3192
13 2362 3193
13 2362 3194
13 2362 3195
13 2362 3196
13 2362 3197
13 2362 3198
13 2362 3199
13 2362 3200
13 2362 3201
13 2362 3202
13 2362 3203
13 2362 3204
13 2362 3205
13 2362 3206
13 2362 3207
13 2362 3208
13 2362 3209
13 2362 3210
13 2362 3211
13 2362 3212
13 2362 3213
13 2362 3214
13 2362 3215
13 2362 3216
13 2362 3217
13 2362 3218
13 2362 3219
13 2362 3220
13 2362 3221
13 2362 3222
13 2362 3223
13 2362 3224
13 2362 3225
13 2362 3226
13 2362 3227
13 2362 3228
13 2362 3229
13 2362 3230
13 2362 3231
13 2362 3232
13 2362 3233
13 2362 3234
13 2362 3235
13 2362 3236
13 2362 3237
13 2362 3238
13 2362 3239
13 2362 3240
13 2362 3241
13 2362 3242
13 2362 3243
13 2362 3244
13 2362 3245
13 2362 3246
13 2362 3247
13 2362 3248
13 2362 3249
13 2362 3250
13 2362 3251
13 2362 3252
13 2362 3253
13 2362 3254
13 2362 3255
13 2362 3256
13 2362 3257
13 2362 3258
13 2362 3259
13 2362 3260
13 2362 3261
13 2362 3262
13 2362 3263
13 2362 3264
13 2362 3265
13 2362 3266
13 2362 3267
13 2362 3268
13 2363 2921
13 2363 2922
13 2363 2923
13 2363 2924
13 2363 2925
13 2363 2926
13 2363 2927
13 2363 2928
13 2363 2929
13 2363 2930
13 2363 2931
13 2363 2932
13 2363 2933
13 2363 2934
13 2363 2935
13 2363 2936
13 2363 2937
13 2363 2938
13 2363 2939
13 2363 2940
13 2363 2941
13 2363 2942
13 2363 2943
13 2363 2944
13 2363 2945
13 2363 2946
13 2363 2947
13 2363 2948
13 2363 2949
13 2363 2950
13 2363 2951
13 2363 2952
13 2363 2953
13 2363 2954
13 2363 2955
13 2363 2956
13 2363 2957
13 2363 2958
13 2363 2959
13 2363 2960
13 2363 2961
13 2363 2962
13 2363 2963
13 2363 2964
13 2363 2965
13 2363 2966
13 2363 2967
13 2363 2968
13 2363 2969
13 2363 2970
13 2363 2971
13 2363 2972
13 2363 2973
13 2363 2974
13 2363 2975
13 2363 2976
13 2363 2977
13 2363 2978
13 2363 2979
13 2363 2980
13 2363 2981
13 2363 2982
13 2363 2983
13 2363 2984
13 2363 2985
13 2363 2986
13 2363 2987
13 2363 2988
13 2363 2989
13 2363 2990
13 2363 2991
13 2363 2992
13 2363 2993
13 2363 2994
13 2363 2995
13 2363 2996
13 2363 2997
13 2363 2998
13 2363 2999
13 2363 3000
13 2363 3001
