10 239 426
11 479 852
11 479 852
11 481 850
12 959 1700
12 959 1700
12 959 1703
12 959 1703
12 959 1704
12 959 1704
12 960 1700
12 960 1700
12 961 1700
12 961 1700
12 962 1700
12 962 1700
12 962 1701
12 962 1701
12 962 1704
12 962 1704
13 1918 3400
13 1918 3400
13 1918 3401
13 1918 3401
13 1918 3402
13 1918 3402
13 1918 3405
13 1918 3405
13 1918 3406
13 1918 3406
13 1918 3407
13 1918 3407
13 1918 3408
13 1918 3408
13 1919 3400
13 1919 3400
13 1919 3401
13 1919 3401
13 1919 3402
13 1919 3402
13 1919 3406
13 1919 3406
13 1919 3407
13 1919 3407
13 1919 3408
13 1919 3408
13 1920 3400
13 1920 3400
13 1920 3401
13 1920 3401
13 1920 3402
13 1920 3402
13 1920 3403
13 1920 3403
13 1920 3408
13 1920 3408
13 1921 3400
13 1921 3400
13 1921 3401
13 1921 3401
13 1921 3402
13 1921 3402
13 1922 3400
13 1922 3400
13 1922 3401
13 1922 3401
13 1922 3402
13 1922 3402
13 1923 3400
13 1923 3400
13 1923 3401
13 1923 3401
13 1923 3402
13 1923 3402
13 1923 3403
13 1923 3403
13 1923 3408
13 1923 3408
13 1924 3400
13 1924 3400
13 1924 3401
13 1924 3401
13 1924 3402
13 1924 3402
13 1924 3403
13 1924 3403
13 1924 3404
13 1924 3404
13 1924 3407
13 1924 3407
13 1924 3408
13 1924 3408
13 1925 3400
13 1925 3400
13 1925 3401
13 1925 3401
13 1925 3402
13 1925 3402
13 1925 3403
13 1925 3403
13 1925 3404
13 1925 3404
13 1925 3405
13 1925 3405
13 1925 3406
13 1925 3406
13 1925 3407
13 1925 3407
13 1925 3408
13 1925 3408
14 3836 6801
15 7672 13603
16 15345 27207
17 30691 54414
18 61383 108829
3 1 3
4 3 6
4 3 6
5 7 13
5 7 13
6 14 26
6 14 26
6 15 26
6 15 26
7 29 53
7 29 53
7 30 53
7 30 53
8 59 106
8 59 106
8 60 106
8 60 106
9 119 213
9 119 213
14 3836 6802
14 3836 6803
14 3836 6804
14 3836 6805
14 3836 6806
14 3840 6807
14 3847 6808
14 3836 6809
14 3836 6810
14 3836 6811
14 3836 6812
14 3836 6813
14 3836 6814
14 3836 6815
14 3836 6816
14 3836 6817
15 7672 13604
15 7672 13605
15 7672 13606
15 7672 13607
15 7672 13608
15 7672 13609
15 7672 13610
15 7672 13611
15 7672 13612
15 7672 13613
15 7672 13614
15 7672 13615
15 7672 13616
15 7672 13617
15 7672 13618
15 7672 13619
15 7672 13620
15 7672 13621
15 7672 13622
15 7672 13623
15 7672 13624
15 7672 13625
15 7672 13626
15 7672 13627
15 7672 13628
15 7672 13629
15 7672 13630
15 7672 13631
15 7672 13632
15 7672 13633
15 7672 13634
