11 543 845
12 1086 1691
12 1086 1691
12 1086 1692
12 1086 1692
12 1086 1693
12 1086 1693
12 1086 1694
12 1086 1694
12 1086 1695
12 1086 1695
13 2172 3383
13 2172 3383
13 2172 3384
13 2172 3384
13 2172 3385
13 2172 3385
13 2172 3386
13 2172 3386
13 2172 3387
13 2172 3387
13 2172 3388
13 2172 3388
13 2172 3389
13 2172 3389
13 2172 3390
13 2172 3390
14 4323 6766
14 4344 6767
14 4344 6768
14 4344 6769
14 4344 6770
14 4344 6771
14 4344 6772
14 4344 6773
14 4344 6774
14 4344 6775
14 4344 6776
14 4344 6777
14 4344 6778
14 4344 6779
14 4344 6780
15 8646 13533
15 8646 13534
15 8646 13535
15 8646 13536
15 8646 13537
15 8646 13538
15 8646 13539
15 8646 13540
15 8646 13541
15 8646 13542
15 8646 13543
15 8646 13544
15 8646 13545
15 8646 13546
15 8646 13547
15 8646 13548
15 8646 13549
15 8646 13550
15 8646 13551
15 8646 13552
15 8646 13553
15 8646 13554
15 8646 13555
15 8646 13556
15 8646 13557
15 8646 13558
15 8646 13559
15 8646 13560
15 8646 13561
16 17293 27067
16 17293 27068
16 17293 27069
16 17293 27070
16 17293 27071
16 17293 27072
16 17293 27073
16 17293 27074
16 17293 27075
16 17293 27076
16 17293 27077
16 17293 27078
16 17293 27079
16 17293 27080
16 17293 27081
16 17293 27082
16 17293 27083
16 17293 27084
16 17293 27085
16 17293 27086
16 17293 27087
16 17293 27088
16 17293 27089
16 17293 27090
16 17293 27091
16 17293 27092
16 17293 27093
16 17293 27094
16 17293 27095
16 17293 27096
16 17293 27097
16 17293 27098
16 17293 27099
16 17293 27100
16 17293 27101
16 17293 27102
16 17293 27103
16 17293 27104
16 17293 27105
16 17293 27106
16 17293 27107
16 17293 27108
16 17293 27109
16 17293 27110
16 17293 27111
16 17293 27112
16 17293 27113
16 17293 27114
16 17293 27115
16 17293 27116
16 17293 27117
16 17293 27118
16 17293 27119
16 17293 27120
16 17293 27121
16 17293 27122
16 17293 27123
17 34586 54134
18 69172 108269
3 2 3
4 4 6
4 4 6
5 8 13
5 8 13
6 16 26
6 16 26
7 33 52
7 33 52
8 67 105
8 67 105
9 135 211
9 135 211
