10 288 408
10 288 411
10 289 408
10 289 411
10 290 406
10 290 407
10 290 408
10 290 411
10 291 406
10 291 407
10 291 408
10 291 411
11 577 817
11 580 814
11 580 815
11 580 816
11 580 817
11 581 814
11 581 815
11 581 816
11 581 817
11 582 814
11 582 815
11 582 816
11 582 817
12 1154 1635
12 1154 1635
12 1154 1644
12 1154 1644
12 1155 1635
12 1155 1635
12 1155 1644
12 1155 1644
12 1156 1635
12 1156 1635
12 1156 1644
12 1156 1644
12 1157 1635
12 1157 1635
12 1157 1644
12 1157 1644
12 1158 1635
12 1158 1635
12 1158 1644
12 1158 1644
12 1159 1635
12 1159 1635
12 1159 1644
12 1159 1644
12 1160 1635
12 1160 1635
12 1160 1644
12 1160 1644
12 1161 1635
12 1161 1635
12 1161 1644
12 1161 1644
12 1162 1635
12 1162 1635
12 1162 1644
12 1162 1644
12 1163 1635
12 1163 1635
12 1163 1644
12 1163 1644
12 1164 1635
12 1164 1635
12 1164 1644
12 1164 1644
12 1165 1635
12 1165 1635
12 1165 1644
12 1165 1644
13 2308 3271
13 2308 3271
13 2308 3272
13 2308 3272
13 2308 3273
13 2308 3273
13 2308 3274
13 2308 3274
13 2308 3275
13 2308 3275
13 2308 3276
13 2308 3276
13 2308 3277
13 2308 3277
13 2308 3278
13 2308 3278
13 2308 3279
13 2308 3279
13 2308 3280
13 2308 3280
13 2308 3281
13 2308 3281
13 2308 3282
13 2308 3282
13 2308 3283
13 2308 3283
13 2308 3284
13 2308 3284
13 2308 3285
13 2308 3285
13 2308 3286
13 2308 3286
13 2308 3287
13 2308 3287
13 2308 3288
13 2308 3288
13 2309 3271
13 2309 3271
13 2309 3288
13 2309 3288
13 2310 3271
13 2310 3271
13 2310 3288
13 2310 3288
13 2311 3271
13 2311 3271
13 2311 3288
13 2311 3288
13 2312 3271
13 2312 3271
13 2312 3288
13 2312 3288
13 2313 3271
13 2313 3271
13 2313 3288
13 2313 3288
13 2314 3271
13 2314 3271
13 2314 3288
13 2314 3288
13 2315 3271
13 2315 3271
13 2315 3288
13 2315 3288
13 2316 3271
13 2316 3271
13 2316 3288
13 2316 3288
13 2317 3271
13 2317 3271
13 2317 3288
13 2317 3288
13 2318 3271
13 2318 3271
13 2318 3288
13 2318 3288
13 2319 3271
13 2319 3271
13 2319 3288
13 2319 3288
13 2320 3271
13 2320 3271
13 2320 3288
13 2320 3288
13 2321 3271
13 2321 3271
13 2321 3288
13 2321 3288
13 2322 3271
13 2322 3271
13 2322 3288
13 2322 3288
13 2323 3271
13 2323 3271
13 2323 3288
13 2323 3288
13 2324 3271
13 2324 3271
13 2324 3288
13 2324 3288
13 2325 3271
13 2325 3271
13 2325 3288
13 2325 3288
13 2326 3271
13 2326 3271
13 2326 3288
13 2326 3288
13 2327 3271
13 2327 3271
13 2327 3288
13 2327 3288
13 2328 3271
13 2328 3271
13 2328 3288
13 2328 3288
13 2329 3271
13 2329 3271
13 2329 3288
13 2329 3288
13 2330 3271
13 2330 3271
13 2330 3288
13 2330 3288
14 4617 6542
14 4617 6543
14 4617 6544
14 4617 6545
14 4617 6546
14 4617 6547
14 4617 6548
14 4617 6549
14 4617 6550
14 4617 6551
14 4617 6552
14 4617 6553
14 4617 6554
14 4617 6555
14 4617 6556
14 4617 6557
14 4617 6558
14 4617 6559
14 4617 6560
14 4617 6561
14 4617 6562
14 4617 6563
14 4617 6564
14 4617 6565
14 4617 6566
14 4617 6567
14 4617 6568
14 4617 6569
14 4617 6570
14 4617 6571
14 4617 6572
14 4617 6573
14 4617 6574
14 4617 6575
14 4617 6576
14 4617 6577
15 9235 13084
15 9235 13085
15 9235 13086
15 9235 13087
15 9235 13088
15 9235 13089
15 9235 13090
15 9235 13091
15 9235 13092
15 9235 13093
15 9235 13094
15 9235 13095
15 9235 13096
15 9235 13097
15 9235 13098
15 9235 13099
15 9235 13100
15 9235 13101
15 9235 13102
15 9235 13103
15 9235 13104
15 9235 13105
15 9235 13106
15 9235 13107
15 9235 13108
15 9235 13109
15 9235 13110
15 9235 13111
15 9235 13112
15 9235 13113
15 9235 13114
15 9235 13115
15 9235 13116
15 9235 13117
15 9235 13118
15 9235 13119
15 9235 13120
15 9235 13121
15 9235 13122
15 9235 13123
15 9235 13124
15 9235 13125
15 9235 13126
15 9235 13127
15 9235 13128
15 9235 13129
15 9235 13130
15 9235 13131
15 9235 13132
15 9235 13133
15 9235 13134
15 9235 13135
15 9235 13136
15 9235 13137
15 9235 13138
15 9235 13139
15 9235 13140
15 9235 13141
15 9235 13142
15 9235 13143
15 9235 13144
15 9235 13145
15 9235 13146
15 9235 13147
15 9235 13148
15 9235 13149
15 9235 13150
15 9235 13151
15 9235 13152
15 9235 13153
15 9235 13154
16 18470 26168
16 18470 26169
16 18470 26170
16 18470 26171
16 18470 26172
16 18470 26173
16 18470 26174
16 18470 26175
16 18470 26176
16 18470 26177
16 18470 26178
16 18470 26179
16 18470 26180
16 18470 26181
16 18470 26182
16 18470 26183
16 18470 26184
16 18470 26185
16 18470 26186
16 18470 26187
16 18470 26188
16 18470 26189
16 18470 26190
16 18470 26191
16 18470 26192
16 18470 26193
16 18470 26194
16 18470 26195
16 18470 26196
16 18470 26197
16 18470 26198
16 18470 26199
16 18470 26200
16 18470 26201
16 18470 26202
16 18470 26203
16 18470 26204
16 18470 26205
16 18470 26206
16 18470 26207
16 18470 26208
16 18470 26209
16 18470 26210
16 18470 26211
16 18470 26212
16 18470 26213
16 18470 26214
16 18470 26215
16 18470 26216
16 18470 26217
16 18470 26218
16 18470 26219
16 18470 26220
16 18470 26221
16 18470 26222
16 18470 26223
16 18470 26224
16 18470 26225
16 18470 26226
16 18470 26227
16 18470 26228
16 18470 26229
16 18470 26230
16 18470 26231
16 18470 26232
16 18470 26233
16 18470 26234
16 18470 26235
16 18470 26236
16 18470 26237
16 18470 26238
16 18470 26239
16 18470 26240
16 18470 26241
16 18470 26242
16 18470 26243
16 18470 26244
16 18470 26245
16 18470 26246
16 18470 26247
16 18470 26248
16 18470 26249
16 18470 26250
16 18470 26251
16 18470 26252
16 18470 26253
16 18470 26254
16 18470 26255
16 18470 26256
16 18470 26257
16 18470 26258
16 18470 26259
16 18470 26260
16 18470 26261
16 18470 26262
16 18470 26263
16 18470 26264
16 18470 26265
16 18470 26266
16 18470 26267
16 18470 26268
16 18470 26269
16 18470 26270
16 18470 26271
16 18470 26272
16 18470 26273
16 18470 26274
16 18470 26275
16 18470 26276
16 18470 26277
16 18470 26278
16 18470 26279
16 18470 26280
16 18470 26281
16 18470 26282
16 18470 26283
16 18470 26284
16 18470 26285
16 18470 26286
16 18470 26287
16 18470 26288
16 18470 26289
16 18470 26290
16 18470 26291
16 18470 26292
16 18470 26293
16 18470 26294
16 18470 26295
16 18470 26296
16 18470 26297
16 18470 26298
16 18470 26299
16 18470 26300
16 18470 26301
16 18470 26302
16 18470 26303
16 18470 26304
16 18470 26305
16 18470 26306
16 18470 26307
16 18470 26308
16 18470 26309
17 36941 52337
17 36941 52338
17 36941 52339
17 36941 52340
17 36941 52341
17 36941 52342
17 36941 52343
17 36941 52344
17 36941 52345
17 36941 52346
17 36941 52347
17 36941 52348
17 36941 52349
17 36941 52350
17 36941 52351
17 36941 52352
17 36941 52353
17 36941 52354
17 36941 52355
17 36941 52356
17 36941 52357
17 36941 52358
17 36941 52359
17 36941 52360
17 36941 52361
17 36941 52362
17 36941 52363
17 36941 52364
17 36941 52365
17 36941 52366
17 36941 52367
17 36941 52368
17 36941 52369
17 36941 52370
17 36941 52371
17 36941 52372
17 36941 52373
17 36941 52374
17 36941 52375
17 36941 52376
17 36941 52377
17 36941 52378
17 36941 52379
17 36941 52380
17 36941 52381
17 36941 52382
17 36941 52383
17 36941 52384
17 36941 52385
17 36941 52386
17 36941 52387
17 36941 52388
17 36941 52389
17 36941 52390
17 36941 52391
17 36941 52392
17 36941 52393
17 36941 52394
17 36941 52395
17 36941 52396
17 36941 52397
17 36941 52398
17 36941 52399
17 36941 52400
17 36941 52401
17 36941 52402
17 36941 52403
17 36941 52404
17 36941 52405
17 36941 52406
17 36941 52407
17 36941 52408
17 36941 52409
17 36941 52410
17 36941 52411
17 36941 52412
17 36941 52413
17 36941 52414
17 36941 52415
17 36941 52416
17 36941 52417
17 36941 52418
17 36941 52419
17 36941 52420
17 36941 52421
17 36941 52422
17 36941 52423
17 36941 52424
17 36941 52425
17 36941 52426
17 36941 52427
17 36941 52428
17 36941 52429
17 36941 52430
17 36941 52431
17 36941 52432
17 36941 52433
17 36941 52434
17 36941 52435
17 36941 52436
17 36941 52437
17 36941 52438
17 36941 52439
17 36941 52440
17 36941 52441
17 36941 52442
17 36941 52443
17 36941 52444
17 36941 52445
17 36941 52446
17 36941 52447
17 36941 52448
17 36941 52449
17 36941 52450
17 36941 52451
17 36941 52452
17 36941 52453
17 36941 52454
17 36941 52455
17 36941 52456
17 36941 52457
17 36941 52458
17 36941 52459
17 36941 52460
17 36941 52461
17 36941 52462
17 36941 52463
17 36941 52464
17 36941 52465
17 36941 52466
17 36941 52467
17 36941 52468
17 36941 52469
17 36941 52470
17 36941 52471
17 36941 52472
17 36941 52473
17 36941 52474
17 36941 52475
17 36941 52476
17 36941 52477
17 36941 52478
17 36941 52479
17 36941 52480
17 36941 52481
17 36941 52482
17 36941 52483
17 36941 52484
17 36941 52485
17 36941 52486
17 36941 52487
17 36941 52488
17 36941 52489
17 36941 52490
17 36941 52491
17 36941 52492
17 36941 52493
17 36941 52494
17 36941 52495
17 36941 52496
17 36941 52497
17 36941 52498
17 36941 52499
17 36941 52500
17 36941 52501
17 36941 52502
17 36941 52503
17 36941 52504
17 36941 52505
17 36941 52506
17 36941 52507
17 36941 52508
17 36941 52509
17 36941 52510
17 36941 52511
17 36941 52512
17 36941 52513
17 36941 52514
17 36941 52515
17 36941 52516
17 36941 52517
17 36941 52518
17 36941 52519
17 36941 52520
17 36941 52521
17 36941 52522
17 36941 52523
17 36941 52524
17 36941 52525
17 36941 52526
17 36941 52527
17 36941 52528
17 36941 52529
17 36941 52530
17 36941 52531
17 36941 52532
17 36941 52533
17 36941 52534
17 36941 52535
17 36941 52536
17 36941 52537
17 36941 52538
17 36941 52539
17 36941 52540
17 36941 52541
17 36941 52542
17 36941 52543
17 36941 52544
17 36941 52545
17 36941 52546
17 36941 52547
17 36941 52548
17 36941 52549
17 36941 52550
17 36941 52551
17 36941 52552
17 36941 52553
17 36941 52554
17 36941 52555
17 36941 52556
17 36941 52557
17 36941 52558
17 36941 52559
17 36941 52560
17 36941 52561
17 36941 52562
17 36941 52563
17 36941 52564
17 36941 52565
17 36941 52566
17 36941 52567
17 36941 52568
17 36941 52569
17 36941 52570
17 36941 52571
17 36941 52572
17 36941 52573
17 36941 52574
17 36941 52575
17 36941 52576
17 36941 52577
17 36941 52578
17 36941 52579
17 36941 52580
17 36941 52581
17 36941 52582
17 36941 52583
17 36941 52584
17 36941 52585
17 36941 52586
17 36941 52587
17 36941 52588
17 36941 52589
17 36941 52590
17 36941 52591
17 36941 52592
17 36941 52593
17 36941 52594
17 36941 52595
17 36941 52596
17 36941 52597
17 36941 52598
17 36941 52599
17 36941 52600
17 36941 52601
17 36941 52602
17 36941 52603
17 36941 52604
17 36941 52605
17 36941 52606
17 36941 52607
17 36941 52608
17 36941 52609
17 36941 52610
17 36941 52611
17 36941 52612
17 36941 52613
17 36941 52614
17 36941 52615
17 36941 52616
17 36941 52617
17 36941 52618
17 36941 52619
18 73882 104674
3 2 3
4 4 6
4 4 6
5 9 12
5 9 12
6 18 25
6 18 25
