12 1198 1555
12 1198 1556
12 1198 1557
12 1198 1558
12 1198 1559
12 1198 1560
12 1198 1561
12 1198 1562
12 1198 1563
12 1199 1555
12 1199 1556
12 1199 1557
12 1199 1558
12 1199 1562
12 1199 1563
12 1200 1555
12 1200 1556
12 1200 1557
12 1200 1563
12 1201 1555
12 1201 1562
12 1201 1563
12 1202 1555
12 1202 1561
12 1202 1562
12 1202 1563
12 1203 1555
12 1203 1559
12 1203 1560
12 1203 1561
12 1203 1562
12 1203 1563
12 1204 1555
12 1204 1556
12 1204 1558
12 1204 1559
12 1204 1560
12 1204 1561
12 1204 1562
12 1204 1563
12 1205 1555
12 1205 1556
12 1205 1557
12 1205 1558
12 1205 1559
12 1205 1560
12 1205 1561
12 1205 1562
12 1205 1563
13 2396 3110
4 4 6
5 9 12
6 18 24
7 37 48
