12 1127 1653
12 1127 1654
12 1127 1655
12 1127 1656
12 1127 1657
12 1127 1658
12 1127 1659
12 1128 1653
12 1128 1654
12 1128 1655
12 1128 1656
12 1128 1657
12 1128 1658
12 1128 1659
12 1129 1653
12 1129 1654
12 1129 1655
12 1129 1659
12 1130 1653
12 1130 1654
12 1130 1655
12 1130 1659
12 1131 1653
12 1131 1654
12 1131 1659
12 1132 1653
12 1132 1658
12 1132 1659
12 1133 1653
12 1133 1657
12 1133 1658
12 1133 1659
12 1134 1653
12 1134 1657
12 1134 1658
12 1134 1659
12 1135 1653
12 1135 1656
12 1135 1657
12 1135 1658
12 1135 1659
13 2255 3306
4 4 6
5 8 12
6 17 25
7 35 51
9 140 206
9 140 207
