11 590 798
12 1181 1597
12 1181 1597
12 1181 1600
12 1181 1600
12 1183 1597
12 1183 1597
12 1183 1598
12 1183 1598
13 2363 3195
13 2363 3195
13 2363 3199
13 2363 3199
13 2363 3200
13 2363 3200
13 2365 3195
13 2365 3195
13 2366 3195
13 2366 3195
13 2366 3196
13 2366 3196
13 2366 3197
13 2366 3197
14 4726 6391
14 4726 6395
14 4726 6396
14 4726 6397
14 4726 6398
14 4726 6399
14 4726 6400
14 4726 6401
14 4731 6392
14 4731 6393
14 4731 6394
15 9452 12782
15 9452 12783
15 9452 12784
15 9452 12788
15 9452 12789
15 9452 12790
15 9452 12791
15 9452 12792
15 9452 12793
15 9452 12794
15 9452 12795
15 9452 12796
15 9452 12797
15 9452 12798
15 9452 12799
15 9452 12800
15 9452 12801
15 9452 12802
15 9452 12803
15 9461 12785
15 9461 12786
15 9462 12787
16 18904 25565
16 18904 25566
16 18904 25567
16 18904 25568
16 18904 25569
16 18904 25570
16 18904 25571
16 18904 25572
16 18904 25573
16 18904 25574
16 18904 25575
16 18904 25576
16 18904 25577
16 18904 25578
16 18904 25579
16 18904 25580
16 18904 25581
16 18904 25582
16 18904 25583
16 18904 25584
16 18904 25585
16 18904 25586
16 18904 25587
16 18904 25588
16 18904 25589
16 18904 25590
16 18904 25591
16 18904 25592
16 18904 25593
16 18904 25594
16 18904 25595
16 18904 25596
16 18904 25597
16 18904 25598
16 18904 25599
16 18904 25600
16 18904 25601
16 18904 25602
16 18904 25603
16 18904 25604
16 18904 25605
16 18904 25606
17 37808 51131
17 37808 51132
17 37808 51133
17 37808 51134
17 37808 51135
17 37808 51136
17 37808 51137
17 37808 51138
17 37808 51139
17 37808 51140
17 37808 51141
17 37808 51142
17 37808 51143
17 37808 51144
17 37808 51145
17 37808 51146
17 37808 51147
17 37808 51148
17 37808 51149
17 37808 51150
17 37808 51151
17 37808 51152
17 37808 51153
17 37808 51154
17 37808 51155
17 37808 51156
17 37808 51157
17 37808 51158
17 37808 51159
17 37808 51160
17 37808 51161
17 37808 51162
17 37808 51163
17 37808 51164
17 37808 51165
17 37808 51166
17 37808 51167
17 37808 51168
17 37808 51169
17 37808 51170
17 37808 51171
17 37808 51172
17 37808 51173
17 37808 51174
17 37808 51175
17 37808 51176
17 37808 51177
17 37808 51178
17 37808 51179
17 37808 51180
17 37808 51181
17 37808 51182
17 37808 51183
17 37808 51184
17 37808 51185
17 37808 51186
17 37808 51187
17 37808 51188
17 37808 51189
17 37808 51190
17 37808 51191
17 37808 51192
17 37808 51193
17 37808 51194
17 37808 51195
17 37808 51196
17 37808 51197
17 37808 51198
17 37808 51199
17 37808 51200
17 37808 51201
17 37808 51202
17 37808 51203
17 37808 51204
17 37808 51205
17 37808 51206
17 37808 51207
17 37808 51208
17 37808 51209
17 37808 51210
17 37808 51211
17 37808 51212
17 37808 51213
18 75617 102262
3 2 3
4 4 6
4 4 6
5 9 12
5 9 12
6 18 24
6 18 24
6 18 25
6 18 25
7 36 49
7 36 49
7 36 50
7 36 50
