11 589 791
11 589 792
12 1180 1579
12 1180 1579
12 1180 1580
12 1180 1580
12 1180 1581
12 1180 1581
12 1180 1582
12 1180 1582
12 1180 1583
12 1180 1583
12 1180 1584
12 1180 1584
13 2361 3159
13 2361 3159
13 2361 3160
13 2361 3160
13 2361 3161
13 2361 3161
13 2361 3162
13 2361 3162
13 2361 3163
13 2361 3163
13 2361 3164
13 2361 3164
13 2361 3165
13 2361 3165
13 2361 3166
13 2361 3166
13 2361 3167
13 2361 3167
13 2361 3168
13 2361 3168
13 2375 3159
13 2375 3159
13 2375 3160
13 2375 3160
13 2375 3161
13 2375 3161
13 2375 3162
13 2375 3162
13 2375 3163
13 2375 3163
13 2375 3164
13 2375 3164
13 2375 3165
13 2375 3165
13 2375 3166
13 2375 3166
13 2375 3167
13 2375 3167
13 2375 3168
13 2375 3168
14 4723 6318
14 4723 6319
14 4723 6320
14 4723 6321
14 4723 6322
14 4723 6323
14 4723 6324
14 4723 6325
14 4723 6326
14 4723 6327
14 4723 6328
14 4723 6329
14 4723 6330
14 4723 6331
14 4723 6332
14 4723 6333
14 4723 6334
14 4723 6335
14 4723 6336
14 4723 6337
15 9447 12637
15 9447 12638
15 9447 12639
15 9447 12640
15 9447 12641
15 9447 12642
15 9447 12643
15 9447 12644
15 9447 12645
15 9447 12646
15 9447 12647
15 9447 12648
15 9447 12649
15 9447 12650
15 9447 12651
15 9447 12652
15 9447 12653
15 9447 12654
15 9447 12655
15 9447 12656
15 9447 12657
15 9447 12658
15 9447 12659
15 9447 12660
15 9447 12661
15 9447 12662
15 9447 12663
15 9447 12664
15 9447 12665
15 9447 12666
15 9447 12667
15 9447 12668
15 9447 12669
15 9447 12670
15 9447 12671
15 9447 12672
15 9447 12673
15 9447 12674
16 18894 25274
16 18894 25275
16 18894 25276
16 18894 25277
16 18894 25278
16 18894 25279
16 18894 25280
16 18894 25281
16 18894 25282
16 18894 25283
16 18894 25284
16 18894 25285
16 18894 25286
16 18894 25287
16 18894 25288
16 18894 25289
16 18894 25290
16 18894 25291
16 18894 25292
16 18894 25293
16 18894 25294
16 18894 25295
16 18894 25296
16 18894 25297
16 18894 25298
16 18894 25299
16 18894 25300
16 18894 25301
16 18894 25302
16 18894 25303
16 18894 25304
16 18894 25305
16 18894 25306
16 18894 25307
16 18894 25308
16 18894 25309
16 18894 25310
16 18894 25311
16 18894 25312
16 18894 25313
16 18894 25314
16 18894 25315
16 18894 25316
16 18894 25317
16 18894 25318
16 18894 25319
16 18894 25320
16 18894 25321
16 18894 25322
16 18894 25323
16 18894 25324
16 18894 25325
16 18894 25326
16 18894 25327
16 18894 25328
16 18894 25329
16 18894 25330
16 18894 25331
16 18894 25332
16 18894 25333
16 18894 25334
16 18894 25335
16 18894 25336
16 18894 25337
16 18894 25338
16 18894 25339
16 18894 25340
16 18894 25341
16 18894 25342
16 18894 25343
16 18894 25344
16 18894 25345
16 18894 25346
16 18894 25347
16 18894 25348
16 18894 25349
16 18927 25288
16 18980 25320
17 37789 50549
17 37789 50550
17 37789 50551
17 37789 50552
17 37789 50553
17 37789 50554
17 37789 50555
17 37789 50556
17 37789 50557
17 37789 50558
17 37789 50559
17 37789 50560
17 37789 50561
17 37789 50562
17 37789 50563
17 37789 50564
17 37789 50565
17 37789 50566
17 37789 50567
17 37789 50568
17 37789 50569
17 37789 50570
17 37789 50571
17 37789 50572
17 37789 50573
17 37789 50574
17 37789 50575
17 37789 50576
17 37789 50577
17 37789 50578
17 37789 50579
17 37789 50580
17 37789 50581
17 37789 50582
17 37789 50583
17 37789 50584
17 37789 50585
17 37789 50586
17 37789 50587
17 37789 50588
17 37789 50589
17 37789 50590
17 37789 50591
17 37789 50592
17 37789 50593
17 37789 50594
17 37789 50595
17 37789 50596
17 37789 50597
17 37789 50598
17 37789 50599
17 37789 50600
17 37789 50601
17 37789 50602
17 37789 50603
17 37789 50604
17 37789 50605
17 37789 50606
17 37789 50607
17 37789 50608
17 37789 50609
17 37789 50610
17 37789 50611
17 37789 50612
17 37789 50613
17 37789 50614
17 37789 50615
17 37789 50616
17 37789 50617
17 37789 50618
17 37789 50619
17 37789 50620
17 37789 50621
17 37789 50622
17 37789 50623
17 37789 50624
17 37789 50625
17 37789 50626
17 37789 50627
17 37789 50628
17 37789 50629
17 37789 50630
17 37789 50631
17 37789 50632
17 37789 50633
17 37789 50634
17 37789 50635
17 37789 50636
17 37789 50637
17 37789 50638
17 37789 50639
17 37789 50640
17 37789 50641
17 37789 50642
17 37789 50643
17 37789 50644
17 37789 50645
17 37789 50646
17 37789 50647
17 37789 50648
17 37789 50649
17 37789 50650
17 37789 50651
17 37789 50652
17 37789 50653
17 37789 50654
17 37789 50655
17 37789 50656
17 37789 50657
17 37789 50658
17 37789 50659
17 37789 50660
17 37789 50661
17 37789 50662
17 37789 50663
17 37789 50664
17 37789 50665
17 37789 50666
17 37789 50667
17 37789 50668
17 37789 50669
17 37789 50670
17 37789 50671
17 37789 50672
17 37789 50673
17 37789 50674
17 37789 50675
17 37789 50676
17 37789 50677
17 37789 50678
17 37789 50679
17 37789 50680
17 37789 50681
17 37789 50682
17 37789 50683
17 37789 50684
17 37789 50685
17 37789 50686
17 37789 50687
17 37789 50688
17 37789 50689
17 37789 50690
17 37789 50691
17 37789 50692
17 37789 50693
17 37789 50694
17 37789 50695
17 37789 50696
17 37789 50697
17 37789 50698
18 75578 101099
3 2 3
4 4 6
4 4 6
5 9 12
5 9 12
6 18 24
6 18 24
7 36 49
7 36 49
7 37 49
7 37 49
