11 469 863
11 469 863
12 938 1716
12 938 1716
12 938 1726
12 938 1726
12 939 1716
12 939 1716
12 939 1726
12 939 1726
12 940 1716
12 940 1716
12 940 1726
12 940 1726
12 941 1716
12 941 1716
12 941 1726
12 941 1726
12 942 1716
12 942 1716
12 942 1726
12 942 1726
12 943 1716
12 943 1716
12 943 1726
12 943 1726
12 944 1716
12 944 1716
12 944 1726
12 944 1726
12 945 1716
12 945 1716
12 945 1726
12 945 1726
12 946 1716
12 946 1716
12 946 1726
12 946 1726
13 1877 3433
13 1877 3433
13 1877 3452
13 1877 3452
13 1878 3433
13 1878 3433
13 1878 3452
13 1878 3452
13 1879 3433
13 1879 3433
13 1879 3452
13 1879 3452
13 1880 3433
13 1880 3433
13 1880 3452
13 1880 3452
13 1881 3433
13 1881 3433
13 1881 3452
13 1881 3452
13 1882 3433
13 1882 3433
13 1882 3452
13 1882 3452
13 1883 3433
13 1883 3433
13 1883 3452
13 1883 3452
13 1884 3433
13 1884 3433
13 1884 3452
13 1884 3452
13 1885 3433
13 1885 3433
13 1885 3452
13 1885 3452
13 1886 3433
13 1886 3433
13 1886 3452
13 1886 3452
13 1887 3433
13 1887 3433
13 1887 3452
13 1887 3452
13 1888 3433
13 1888 3433
13 1888 3452
13 1888 3452
13 1889 3433
13 1889 3433
13 1889 3452
13 1889 3452
13 1890 3433
13 1890 3433
13 1890 3452
13 1890 3452
13 1891 3433
13 1891 3433
13 1891 3452
13 1891 3452
13 1892 3433
13 1892 3433
13 1892 3452
13 1892 3452
14 3754 6866
14 3754 6867
14 3754 6868
14 3754 6869
14 3754 6870
14 3754 6871
14 3754 6872
14 3754 6873
14 3754 6874
14 3754 6875
14 3754 6876
14 3754 6877
14 3754 6878
14 3754 6879
14 3754 6880
14 3754 6881
14 3754 6882
14 3754 6883
14 3754 6884
14 3754 6885
14 3754 6886
14 3754 6887
14 3754 6888
14 3754 6889
14 3754 6890
14 3754 6891
14 3754 6892
14 3754 6893
14 3754 6894
14 3754 6895
14 3754 6896
14 3754 6897
14 3754 6898
14 3754 6899
14 3754 6900
14 3754 6901
14 3754 6902
14 3754 6903
14 3754 6904
14 3754 6905
15 7509 13733
15 7509 13734
15 7509 13735
15 7509 13736
15 7509 13737
15 7509 13738
15 7509 13739
15 7509 13740
15 7509 13741
15 7509 13742
15 7509 13743
15 7509 13744
15 7509 13745
15 7509 13746
15 7509 13747
15 7509 13748
15 7509 13749
15 7509 13750
15 7509 13751
15 7509 13752
15 7509 13753
15 7509 13754
15 7509 13755
15 7509 13756
15 7509 13757
15 7509 13758
15 7509 13759
15 7509 13760
15 7509 13761
15 7509 13762
15 7509 13763
15 7509 13764
15 7509 13765
15 7509 13766
15 7509 13767
15 7509 13768
15 7509 13769
15 7509 13770
15 7509 13771
15 7509 13772
15 7509 13773
15 7509 13774
15 7509 13775
15 7509 13776
15 7509 13777
15 7509 13778
15 7509 13779
15 7509 13780
15 7509 13781
15 7509 13782
15 7509 13783
15 7509 13784
15 7509 13785
15 7509 13786
15 7509 13787
15 7509 13788
15 7509 13789
15 7509 13790
15 7509 13791
15 7509 13792
15 7509 13793
15 7509 13794
15 7509 13795
15 7509 13796
15 7509 13797
15 7509 13798
15 7509 13799
15 7509 13800
15 7509 13801
15 7509 13802
15 7509 13803
15 7509 13804
15 7509 13805
15 7509 13806
15 7509 13807
15 7509 13808
15 7509 13809
15 7509 13810
16 15019 27466
16 15019 27467
16 15019 27468
16 15019 27469
16 15019 27470
16 15019 27471
16 15019 27472
16 15019 27473
16 15019 27474
16 15019 27475
16 15019 27476
16 15019 27477
16 15019 27478
16 15019 27479
16 15019 27480
16 15019 27481
16 15019 27482
16 15019 27483
16 15019 27484
16 15019 27485
16 15019 27486
16 15019 27487
16 15019 27488
16 15019 27489
16 15019 27490
16 15019 27491
16 15019 27492
16 15019 27493
16 15019 27494
16 15019 27495
16 15019 27496
16 15019 27497
16 15019 27498
16 15019 27499
16 15019 27500
16 15019 27501
16 15019 27502
16 15019 27503
16 15019 27504
16 15019 27505
16 15019 27506
16 15019 27507
16 15019 27508
16 15019 27509
16 15019 27510
16 15019 27511
16 15019 27512
16 15019 27513
16 15019 27514
16 15019 27515
16 15019 27516
16 15019 27517
16 15019 27518
16 15019 27519
16 15019 27520
16 15019 27521
16 15019 27522
16 15019 27523
16 15019 27524
16 15019 27525
16 15019 27526
16 15019 27527
16 15019 27528
16 15019 27529
16 15019 27530
16 15019 27531
16 15019 27532
16 15019 27533
16 15019 27534
16 15019 27535
16 15019 27536
16 15019 27537
16 15019 27538
16 15019 27539
16 15019 27540
16 15019 27541
16 15019 27542
16 15019 27543
16 15019 27544
16 15019 27545
16 15019 27546
16 15019 27547
16 15019 27548
16 15019 27549
16 15019 27550
16 15019 27551
16 15019 27552
16 15019 27553
16 15019 27554
16 15019 27555
16 15019 27556
16 15019 27557
16 15019 27558
16 15019 27559
16 15019 27560
16 15019 27561
16 15019 27562
16 15019 27563
16 15019 27564
16 15019 27565
16 15019 27566
16 15019 27567
16 15019 27568
16 15019 27569
16 15019 27570
16 15019 27571
16 15019 27572
16 15019 27573
16 15019 27574
16 15019 27575
16 15019 27576
16 15019 27577
16 15019 27578
16 15019 27579
16 15019 27580
16 15019 27581
16 15019 27582
16 15019 27583
16 15019 27584
16 15019 27585
16 15019 27586
16 15019 27587
16 15019 27588
16 15019 27589
16 15019 27590
16 15019 27591
16 15019 27592
16 15019 27593
16 15019 27594
16 15019 27595
16 15019 27596
16 15019 27597
16 15019 27598
16 15019 27599
16 15019 27600
16 15019 27601
16 15019 27602
16 15019 27603
16 15019 27604
16 15019 27605
16 15019 27606
16 15019 27607
16 15019 27608
16 15019 27609
16 15019 27610
16 15019 27611
16 15019 27612
16 15019 27613
16 15019 27614
16 15019 27615
16 15019 27616
16 15019 27617
16 15019 27618
16 15019 27619
16 15019 27620
16 15019 27621
17 30038 54933
18 60077 109867
3 1 3
4 3 6
4 3 6
5 7 13
5 7 13
6 14 26
6 14 26
7 29 53
7 29 53
