10 159 354
10 159 354
10 160 355
10 160 355
10 160 356
10 160 356
10 160 357
10 160 357
10 160 358
10 160 358
10 160 359
10 160 359
10 160 360
10 160 360
10 161 349
10 161 349
10 161 350
10 161 350
10 161 355
10 161 355
10 161 356
10 161 356
10 161 357
10 161 357
10 161 358
10 161 358
10 161 359
10 161 359
10 161 360
10 161 360
10 162 349
10 162 349
10 162 350
10 162 350
10 162 355
10 162 355
10 162 356
10 162 356
10 162 357
10 162 357
10 162 358
10 162 358
10 162 359
10 162 359
10 162 360
10 162 360
10 163 349
10 163 349
10 163 350
10 163 350
10 163 355
10 163 355
10 163 356
10 163 356
10 163 357
10 163 357
10 163 358
10 163 358
10 163 359
10 163 359
10 163 360
10 163 360
10 164 352
10 164 353
10 164 354
10 164 354
10 164 355
10 164 355
10 164 356
10 164 356
10 164 357
10 164 357
10 164 358
10 164 358
10 164 359
10 164 359
10 164 360
10 164 360
10 165 352
10 165 353
10 165 354
10 165 356
10 165 356
10 165 357
10 165 357
10 165 358
10 165 358
10 165 359
10 165 359
10 165 360
10 165 360
11 319 707
11 319 707
11 319 708
11 319 708
11 319 709
11 319 709
11 320 706
11 320 706
11 320 707
11 320 707
11 320 708
11 320 708
11 320 709
11 320 709
11 320 710
11 320 710
11 321 710
11 321 710
11 321 711
11 321 711
11 322 710
11 322 710
11 322 711
11 322 711
11 323 710
11 323 710
11 324 701
11 324 701
11 324 710
11 324 710
11 325 710
11 325 710
11 326 710
11 327 702
11 327 702
11 327 703
11 327 703
12 641 1415
12 641 1415
12 641 1416
12 641 1416
12 641 1417
12 641 1417
12 641 1418
12 641 1418
12 642 1415
12 642 1415
12 642 1416
12 642 1416
12 642 1417
12 642 1417
12 642 1418
12 642 1418
12 643 1404
12 643 1419
12 643 1419
12 644 1419
12 644 1419
12 647 1426
12 647 1426
12 649 1404
12 649 1404
12 650 1403
12 650 1403
12 650 1404
12 650 1404
12 650 1419
12 651 1404
12 651 1404
12 651 1419
12 652 1419
12 653 1419
12 654 1428
12 654 1428
12 654 1429
12 654 1429
12 654 1430
12 654 1430
12 655 1428
12 655 1428
12 655 1429
12 655 1429
12 655 1430
12 655 1430
12 656 1428
12 656 1428
12 656 1429
12 656 1429
12 656 1430
12 656 1430
13 1286 2835
13 1286 2835
13 1286 2836
13 1286 2836
13 1286 2837
13 1286 2837
13 1286 2838
13 1286 2838
13 1286 2839
13 1286 2839
13 1286 2840
13 1286 2840
13 1286 2841
13 1286 2841
13 1286 2842
13 1286 2842
13 1286 2843
13 1286 2843
13 1286 2844
13 1286 2844
13 1286 2845
13 1286 2845
13 1287 2809
13 1287 2810
13 1287 2838
13 1287 2838
13 1287 2839
13 1287 2839
13 1287 2840
13 1287 2840
13 1287 2841
13 1287 2841
13 1287 2842
13 1287 2842
13 1287 2843
13 1287 2843
13 1287 2844
13 1287 2844
13 1287 2845
13 1287 2845
13 1288 2809
13 1288 2810
13 1288 2838
13 1288 2838
13 1288 2839
13 1288 2839
13 1288 2840
13 1288 2840
13 1288 2841
13 1288 2841
13 1288 2842
13 1288 2842
13 1288 2843
13 1288 2843
13 1288 2844
13 1288 2844
13 1288 2845
13 1288 2845
13 1289 2809
13 1289 2810
13 1289 2838
13 1289 2838
13 1289 2839
13 1289 2839
13 1289 2840
13 1289 2840
13 1289 2841
13 1289 2841
13 1289 2842
13 1289 2842
13 1289 2843
13 1289 2843
13 1289 2844
13 1289 2844
13 1289 2845
13 1289 2845
13 1290 2809
13 1290 2810
13 1290 2838
13 1291 2809
13 1291 2810
13 1291 2838
13 1292 2809
13 1292 2810
13 1292 2838
13 1293 2809
13 1293 2810
13 1293 2838
13 1294 2809
13 1294 2810
13 1294 2838
13 1295 2809
13 1295 2810
13 1295 2838
13 1296 2809
13 1296 2810
13 1296 2838
13 1296 2851
13 1296 2851
13 1297 2809
13 1297 2810
13 1297 2838
13 1298 2809
13 1298 2810
13 1298 2838
13 1299 2809
13 1299 2810
13 1299 2838
13 1300 2809
13 1300 2810
13 1300 2838
13 1301 2809
13 1301 2810
13 1301 2838
13 1302 2809
13 1302 2810
13 1302 2838
13 1302 2839
13 1303 2809
13 1303 2810
13 1303 2838
13 1303 2839
13 1304 2809
13 1304 2810
13 1304 2838
13 1305 2809
13 1305 2810
13 1305 2811
13 1305 2812
13 1305 2813
13 1305 2814
13 1305 2815
13 1305 2816
13 1305 2838
13 1306 2809
13 1306 2810
13 1306 2811
13 1306 2812
13 1306 2813
13 1306 2814
13 1306 2815
13 1306 2816
13 1306 2838
13 1307 2809
13 1307 2810
13 1307 2811
13 1307 2812
13 1307 2813
13 1307 2814
13 1307 2815
13 1307 2816
13 1307 2838
13 1308 2809
13 1308 2810
13 1308 2811
13 1308 2812
13 1308 2813
13 1308 2814
13 1308 2815
13 1308 2816
13 1308 2838
13 1309 2809
13 1309 2810
13 1309 2811
13 1309 2812
13 1309 2813
13 1309 2814
13 1309 2815
13 1309 2816
13 1309 2817
13 1309 2818
13 1309 2819
13 1309 2820
13 1309 2821
13 1309 2822
13 1309 2823
13 1309 2824
13 1309 2825
13 1309 2826
13 1309 2827
13 1309 2828
13 1309 2833
13 1309 2834
13 1309 2835
13 1309 2836
13 1309 2837
13 1309 2838
13 1310 2845
13 1310 2846
13 1310 2862
13 1310 2862
13 1310 2863
13 1310 2863
13 1311 2845
13 1311 2862
13 1311 2862
13 1311 2863
13 1311 2863
14 2574 5618
14 2574 5619
14 2574 5620
14 2574 5621
14 2574 5622
14 2574 5623
14 2574 5624
14 2574 5625
14 2574 5626
14 2574 5627
14 2574 5628
14 2574 5629
14 2574 5630
14 2574 5631
14 2574 5632
14 2574 5633
14 2574 5634
14 2574 5635
14 2574 5636
14 2574 5637
14 2574 5638
14 2574 5639
14 2574 5640
14 2574 5641
14 2574 5642
14 2574 5643
14 2574 5644
14 2574 5645
14 2574 5646
14 2574 5647
14 2574 5648
14 2574 5649
14 2574 5650
14 2574 5651
14 2574 5652
14 2574 5653
14 2574 5654
14 2574 5655
14 2574 5656
14 2574 5657
14 2574 5658
14 2574 5659
14 2574 5660
14 2574 5661
14 2574 5662
14 2574 5663
14 2574 5664
14 2574 5665
14 2574 5666
14 2574 5667
14 2574 5668
14 2574 5669
14 2574 5670
14 2574 5671
14 2574 5672
14 2574 5673
14 2574 5674
14 2574 5675
14 2574 5676
14 2574 5677
14 2599 5675
14 2599 5675
14 2607 5675
14 2607 5676
14 2607 5677
14 2608 5683
14 2608 5684
14 2609 5683
14 2613 5676
14 2613 5677
14 2618 5673
15 5149 11237
15 5149 11238
15 5149 11239
15 5149 11240
15 5149 11241
15 5149 11242
15 5149 11243
15 5149 11244
15 5149 11245
15 5149 11246
15 5149 11247
15 5149 11248
15 5149 11249
15 5149 11250
15 5149 11251
15 5149 11252
15 5149 11253
15 5149 11254
15 5149 11255
15 5149 11256
15 5149 11257
15 5149 11258
15 5149 11259
15 5149 11260
15 5149 11261
15 5149 11262
15 5149 11263
15 5149 11264
15 5149 11265
15 5149 11266
15 5149 11267
15 5149 11268
15 5149 11269
15 5149 11270
15 5149 11271
15 5149 11272
15 5149 11273
15 5149 11274
15 5149 11275
15 5149 11276
15 5149 11277
15 5149 11278
15 5149 11279
15 5149 11280
15 5149 11281
15 5149 11282
15 5149 11283
15 5149 11284
15 5149 11285
15 5149 11286
15 5149 11287
15 5149 11288
15 5149 11289
15 5149 11290
15 5149 11291
15 5149 11292
15 5149 11293
15 5149 11294
15 5149 11295
15 5149 11296
15 5149 11297
15 5149 11298
15 5149 11299
15 5149 11300
15 5149 11301
15 5149 11302
15 5149 11303
15 5149 11304
15 5149 11305
15 5149 11306
15 5149 11307
15 5149 11308
15 5149 11309
15 5149 11310
15 5149 11311
15 5149 11312
15 5149 11313
15 5149 11314
15 5149 11315
15 5149 11316
15 5149 11317
15 5149 11318
15 5149 11319
15 5149 11320
15 5149 11321
15 5149 11322
15 5149 11323
15 5149 11324
15 5149 11325
15 5149 11326
15 5149 11327
15 5149 11328
15 5149 11329
15 5149 11330
15 5149 11331
15 5149 11332
15 5149 11333
15 5149 11334
15 5149 11335
15 5149 11336
15 5149 11337
15 5149 11338
15 5149 11339
15 5149 11340
15 5149 11341
15 5149 11342
15 5149 11343
15 5149 11344
15 5149 11345
15 5149 11346
15 5149 11347
15 5149 11348
15 5149 11349
15 5149 11350
15 5149 11351
15 5149 11352
15 5149 11353
15 5149 11354
15 5149 11355
15 5151 11332
15 5151 11333
15 5151 11334
15 5151 11335
15 5152 11332
15 5152 11333
15 5152 11334
15 5152 11335
15 5153 11331
15 5153 11331
15 5153 11332
15 5153 11332
15 5153 11333
15 5153 11334
15 5154 11331
15 5154 11331
15 5154 11332
15 5154 11332
15 5192 11331
15 5192 11331
15 5211 11314
15 5211 11315
15 5211 11316
15 5211 11317
15 5211 11318
15 5211 11319
15 5211 11320
15 5211 11321
15 5211 11322
15 5211 11323
15 5211 11324
15 5211 11325
15 5211 11326
15 5211 11327
15 5211 11328
15 5211 11329
15 5211 11330
15 5211 11331
15 5211 11332
15 5211 11333
15 5211 11334
15 5211 11335
15 5211 11336
15 5211 11337
15 5211 11338
15 5211 11339
15 5211 11340
15 5211 11341
15 5211 11342
15 5211 11343
15 5211 11344
15 5211 11345
15 5211 11346
15 5243 11436
15 5243 11436
16 10203 22640
16 10203 22641
16 10203 22642
16 10203 22643
16 10203 22644
16 10203 22645
16 10203 22646
16 10203 22647
16 10203 22648
16 10203 22649
16 10203 22650
16 10203 22651
16 10203 22652
16 10203 22653
16 10203 22654
16 10203 22655
16 10203 22656
16 10203 22657
16 10203 22658
16 10203 22659
16 10203 22660
16 10203 22661
16 10203 22662
16 10203 22663
16 10203 22664
16 10203 22665
16 10203 22666
16 10203 22667
16 10203 22668
16 10203 22669
16 10203 22670
16 10203 22671
16 10203 22672
16 10203 22673
16 10203 22674
16 10203 22675
16 10203 22676
16 10203 22677
16 10203 22678
16 10203 22679
16 10203 22680
16 10203 22681
16 10203 22682
16 10203 22683
16 10203 22684
16 10203 22685
16 10203 22686
16 10203 22687
16 10203 22688
16 10203 22689
16 10203 22690
16 10203 22691
16 10203 22692
16 10203 22693
16 10203 22694
16 10203 22695
16 10203 22696
16 10203 22697
16 10203 22698
16 10203 22699
16 10203 22700
16 10203 22701
16 10203 22702
16 10203 22703
16 10203 22704
16 10203 22705
16 10203 22706
16 10203 22707
16 10203 22708
16 10203 22709
16 10203 22710
16 10203 22711
16 10203 22712
16 10203 22713
16 10203 22714
16 10203 22715
16 10203 22716
16 10203 22717
16 10203 22718
16 10203 22719
16 10203 22720
16 10203 22721
16 10203 22722
16 10203 22723
16 10203 22724
16 10203 22725
16 10203 22726
16 10203 22727
16 10203 22728
16 10203 22729
16 10203 22730
16 10203 22731
16 10203 22732
16 10203 22733
16 10203 22734
16 10203 22735
16 10203 22736
16 10203 22737
16 10203 22738
16 10203 22739
16 10203 22740
16 10203 22741
16 10203 22742
16 10203 22743
16 10203 22744
16 10203 22745
16 10203 22746
16 10203 22747
16 10203 22748
16 10203 22749
16 10203 22750
16 10203 22751
16 10203 22752
16 10203 22753
16 10203 22754
16 10203 22755
16 10203 22756
16 10203 22757
16 10203 22758
16 10203 22759
16 10203 22760
16 10203 22761
16 10203 22762
16 10203 22763
16 10203 22764
16 10203 22765
16 10203 22766
16 10203 22767
16 10203 22768
16 10203 22769
16 10203 22770
16 10203 22771
16 10203 22772
16 10203 22773
16 10203 22774
16 10203 22775
16 10203 22776
16 10203 22777
16 10203 22778
16 10203 22779
16 10203 22780
16 10203 22781
16 10203 22782
16 10203 22783
16 10203 22784
16 10203 22785
16 10203 22786
16 10203 22787
16 10203 22788
16 10203 22789
16 10203 22790
16 10203 22791
16 10203 22792
16 10203 22793
16 10203 22794
16 10203 22795
16 10203 22796
16 10203 22797
16 10203 22798
16 10203 22799
16 10203 22800
16 10203 22801
16 10203 22802
16 10203 22803
16 10203 22804
16 10203 22805
16 10203 22806
16 10298 22475
16 10298 22476
16 10298 22477
16 10298 22478
16 10298 22479
16 10298 22480
16 10298 22481
16 10298 22482
16 10298 22483
16 10298 22484
16 10298 22485
16 10298 22486
16 10298 22487
16 10298 22488
16 10298 22489
16 10298 22490
16 10298 22491
16 10298 22492
16 10298 22493
16 10298 22494
16 10298 22495
16 10298 22496
16 10298 22497
16 10298 22498
16 10298 22499
16 10298 22500
16 10298 22501
16 10298 22502
16 10298 22503
16 10298 22504
16 10298 22505
16 10298 22506
16 10298 22507
16 10298 22508
16 10298 22509
16 10298 22510
16 10298 22511
16 10298 22512
16 10298 22513
16 10298 22514
16 10298 22515
16 10298 22516
16 10298 22517
16 10298 22518
16 10298 22519
16 10298 22520
16 10298 22521
16 10298 22522
16 10298 22523
16 10298 22524
16 10298 22525
16 10298 22526
16 10298 22527
16 10298 22528
16 10298 22529
16 10298 22530
16 10298 22531
16 10298 22532
16 10298 22533
16 10298 22534
16 10298 22535
16 10298 22536
16 10298 22537
16 10298 22538
16 10298 22539
16 10298 22540
16 10298 22541
16 10298 22542
16 10298 22543
16 10298 22544
16 10298 22545
16 10298 22546
16 10298 22547
16 10298 22548
16 10298 22549
16 10298 22550
16 10298 22551
16 10298 22552
16 10298 22553
16 10298 22554
16 10298 22555
16 10298 22556
16 10298 22557
16 10298 22558
16 10298 22559
16 10298 22560
16 10298 22561
16 10298 22562
16 10298 22563
16 10298 22564
16 10298 22565
16 10298 22566
16 10298 22567
16 10298 22568
16 10298 22569
16 10298 22570
16 10298 22571
16 10298 22572
16 10298 22573
16 10298 22574
16 10298 22575
16 10298 22576
16 10298 22577
16 10298 22578
16 10298 22579
16 10298 22580
16 10298 22581
16 10298 22582
16 10298 22583
16 10298 22584
16 10298 22585
16 10298 22586
16 10298 22587
16 10298 22588
16 10298 22589
16 10298 22590
16 10298 22591
16 10298 22592
16 10298 22593
16 10298 22594
16 10298 22595
16 10298 22596
16 10298 22597
16 10298 22598
16 10298 22599
16 10298 22600
16 10298 22601
16 10298 22602
16 10298 22603
16 10298 22604
16 10298 22605
16 10298 22606
16 10298 22607
16 10298 22608
16 10298 22609
16 10298 22610
16 10298 22611
16 10298 22612
16 10298 22613
16 10298 22614
16 10298 22615
16 10298 22616
16 10298 22617
16 10298 22618
16 10298 22619
16 10298 22620
16 10298 22621
16 10298 22622
16 10298 22623
16 10298 22624
16 10298 22625
16 10298 22626
16 10298 22627
16 10298 22628
16 10298 22629
16 10298 22630
16 10298 22631
16 10298 22632
16 10298 22633
16 10298 22634
16 10298 22635
16 10298 22636
16 10298 22637
16 10298 22638
16 10298 22639
16 10298 22640
16 10298 22641
16 10298 22642
16 10298 22643
16 10298 22644
16 10298 22645
16 10298 22646
16 10298 22647
16 10298 22648
16 10298 22649
16 10298 22650
16 10298 22651
16 10298 22652
16 10298 22653
16 10298 22654
16 10298 22655
16 10298 22656
16 10298 22657
16 10298 22658
16 10298 22659
16 10298 22660
16 10298 22661
16 10298 22662
16 10298 22663
16 10298 22664
16 10298 22665
16 10298 22666
16 10298 22667
16 10298 22668
16 10298 22669
16 10298 22670
16 10298 22671
16 10298 22672
16 10298 22673
16 10298 22674
16 10298 22675
16 10298 22676
16 10298 22677
16 10298 22678
16 10298 22679
16 10298 22680
16 10298 22681
16 10298 22682
16 10298 22683
16 10298 22684
16 10298 22685
16 10298 22686
16 10298 22687
16 10298 22688
16 10298 22689
16 10298 22690
16 10298 22691
16 10298 22692
16 10298 22693
16 10298 22694
16 10298 22695
16 10298 22696
16 10298 22697
16 10298 22698
16 10298 22699
16 10298 22700
16 10298 22701
16 10298 22702
16 10298 22703
16 10298 22704
16 10298 22705
16 10298 22706
16 10298 22707
16 10298 22708
16 10298 22709
16 10298 22710
16 10303 22665
16 10303 22666
16 10303 22667
16 10303 22668
16 10304 22665
16 10304 22666
16 10304 22667
16 10304 22668
16 10305 22666
16 10305 22667
16 10305 22668
16 10308 22662
16 10308 22662
16 10308 22663
16 10308 22663
16 10308 22664
16 10308 22664
16 10308 22665
16 10308 22665
16 10309 22662
16 10309 22662
16 10309 22663
16 10309 22663
16 10309 22664
16 10309 22664
16 10309 22665
16 10309 22665
16 10422 22628
16 10422 22629
16 10422 22630
16 10422 22631
16 10422 22632
16 10422 22633
16 10422 22634
16 10422 22635
16 10422 22636
16 10422 22637
16 10422 22638
16 10422 22639
16 10422 22640
16 10422 22641
16 10422 22642
16 10422 22643
16 10422 22644
16 10422 22645
16 10422 22646
16 10422 22647
16 10422 22648
16 10422 22649
16 10422 22650
16 10422 22651
16 10422 22652
16 10422 22653
16 10422 22654
16 10422 22655
16 10422 22656
16 10422 22657
16 10422 22658
16 10422 22659
16 10422 22660
16 10422 22661
16 10422 22662
16 10422 22663
16 10422 22664
16 10422 22665
16 10422 22666
16 10422 22667
16 10422 22668
16 10422 22669
16 10422 22670
16 10422 22671
16 10422 22672
16 10422 22673
16 10422 22674
16 10422 22675
16 10422 22676
16 10422 22677
16 10422 22678
16 10422 22679
16 10422 22680
16 10422 22681
16 10422 22682
16 10422 22683
16 10422 22684
16 10422 22685
16 10422 22686
16 10422 22687
16 10422 22688
16 10422 22689
16 10422 22690
16 10422 22691
16 10422 22692
17 20597 44950
17 20607 45332
17 20607 45333
17 20607 45334
17 20607 45335
17 20607 45336
17 20608 45332
17 20608 45333
17 20608 45334
17 20608 45335
17 20608 45336
17 20609 45332
17 20609 45333
17 20609 45334
17 20609 45335
17 20609 45336
17 20616 45327
17 20616 45327
17 20616 45328
17 20616 45328
17 20616 45329
17 20616 45329
17 20617 45327
17 20617 45327
17 20617 45328
17 20617 45328
17 20617 45329
17 20617 45329
17 20618 45327
17 20618 45327
17 20618 45328
17 20618 45328
17 20618 45329
17 20618 45329
17 20619 45327
17 20619 45327
17 20619 45328
17 20619 45328
17 20619 45329
17 20619 45329
17 20620 45327
17 20620 45327
17 20620 45328
17 20620 45328
17 20620 45329
17 20620 45329
18 41194 89900
3 1 2
4 2 5
4 2 5
5 5 10
5 5 10
5 5 11
5 5 11
6 10 21
6 10 21
6 10 22
6 10 22
9 78 176
9 78 176
9 78 177
9 78 177
9 79 174
9 79 175
9 79 176
9 79 176
9 79 177
9 79 177
9 80 174
9 80 178
9 80 178
