10 305 381
11 611 763
12 1222 1527
12 1222 1527
12 1222 1529
12 1222 1529
12 1222 1530
12 1222 1530
12 1223 1527
12 1223 1527
12 1224 1527
12 1224 1527
13 2444 3055
13 2444 3055
13 2444 3058
13 2444 3058
13 2444 3059
13 2444 3059
13 2444 3060
13 2444 3060
13 2445 3055
13 2445 3055
13 2445 3058
13 2445 3058
13 2445 3059
13 2445 3059
13 2445 3060
13 2445 3060
13 2446 3055
13 2446 3055
13 2447 3055
13 2447 3055
13 2448 3055
13 2448 3055
14 4888 6111
14 4888 6112
14 4888 6113
14 4888 6114
14 4888 6115
14 4888 6116
14 4888 6117
14 4888 6118
14 4888 6119
14 4888 6120
15 9777 12223
15 9777 12224
15 9777 12225
15 9777 12226
15 9777 12227
15 9777 12228
15 9777 12229
15 9777 12230
15 9777 12231
15 9777 12232
15 9777 12233
15 9777 12234
15 9777 12235
15 9777 12236
15 9777 12237
15 9777 12238
15 9777 12239
15 9777 12240
15 9777 12241
16 19555 24447
16 19555 24448
16 19555 24449
16 19555 24450
16 19555 24451
16 19555 24452
16 19555 24453
16 19555 24454
16 19555 24455
16 19555 24456
16 19555 24457
16 19555 24458
16 19555 24459
16 19555 24460
16 19555 24461
16 19555 24462
16 19555 24463
16 19555 24464
16 19555 24465
16 19555 24466
16 19555 24467
16 19555 24468
16 19555 24469
16 19555 24470
16 19555 24471
16 19555 24472
16 19555 24473
16 19555 24474
16 19555 24475
16 19555 24476
16 19555 24477
16 19555 24478
16 19555 24479
16 19555 24480
16 19555 24481
16 19555 24482
17 39111 48895
17 39111 48896
17 39111 48897
17 39111 48898
17 39111 48899
17 39111 48900
17 39111 48901
17 39111 48902
17 39111 48903
17 39111 48904
17 39111 48905
17 39111 48906
17 39111 48907
17 39111 48908
17 39111 48909
17 39111 48910
17 39111 48911
17 39111 48912
17 39111 48913
17 39111 48914
17 39111 48915
17 39111 48916
17 39111 48917
17 39111 48918
17 39111 48919
17 39111 48920
17 39111 48921
17 39111 48922
17 39111 48923
17 39111 48924
17 39111 48925
17 39111 48926
17 39111 48927
17 39111 48928
17 39111 48929
17 39111 48930
17 39111 48931
17 39111 48932
17 39111 48933
17 39111 48934
17 39111 48935
17 39111 48936
17 39111 48937
17 39111 48938
17 39111 48939
17 39111 48940
17 39111 48941
17 39111 48942
17 39111 48943
17 39111 48944
17 39111 48945
17 39111 48946
17 39111 48947
17 39111 48948
17 39111 48949
17 39111 48950
17 39111 48951
17 39111 48952
17 39111 48953
17 39111 48954
17 39111 48955
17 39111 48956
17 39111 48957
17 39111 48958
17 39111 48959
17 39111 48960
17 39111 48961
17 39111 48962
17 39111 48963
17 39111 48964
18 78222 97791
3 2 2
4 4 5
4 4 5
5 9 11
5 9 11
6 19 23
6 19 23
7 38 47
7 38 47
8 76 95
8 76 95
9 152 190
9 152 190
9 153 190
9 153 190
