12 984 1692
12 984 1692
12 984 1693
12 984 1693
12 984 1694
12 984 1694
12 984 1695
12 984 1695
12 984 1696
12 984 1696
12 984 1697
12 984 1697
12 987 1688
12 987 1688
13 1969 3376
13 1969 3376
13 1969 3383
13 1969 3383
13 1969 3384
13 1969 3384
13 1969 3385
13 1969 3385
13 1969 3386
13 1969 3386
13 1969 3387
13 1969 3387
13 1969 3388
13 1969 3388
13 1969 3389
13 1969 3389
13 1969 3390
13 1969 3390
13 1969 3391
13 1969 3391
13 1969 3392
13 1969 3392
13 1969 3393
13 1969 3393
13 1969 3394
13 1969 3394
13 1970 3376
13 1970 3376
13 1970 3394
13 1970 3394
13 1971 3376
13 1971 3376
13 1974 3376
13 1974 3376
13 1974 3377
13 1974 3377
13 1975 3376
13 1975 3376
13 1975 3377
13 1975 3377
13 1975 3378
13 1975 3378
13 1975 3379
13 1975 3379
13 1975 3380
13 1975 3380
13 1975 3381
13 1975 3381
13 1975 3382
13 1975 3382
13 1975 3383
13 1975 3383
13 1975 3384
13 1975 3384
13 1975 3385
13 1975 3385
13 1975 3386
13 1975 3386
13 1975 3387
13 1975 3387
13 1975 3388
13 1975 3388
14 3938 6753
14 3938 6754
14 3938 6755
14 3938 6756
14 3938 6757
14 3938 6758
14 3938 6759
14 3938 6760
14 3938 6761
14 3938 6762
14 3938 6763
14 3938 6764
14 3938 6765
14 3938 6766
14 3938 6767
14 3938 6768
14 3938 6769
14 3938 6770
14 3938 6771
14 3938 6772
14 3938 6773
14 3938 6774
14 3938 6775
14 3938 6776
14 3938 6777
14 3938 6778
14 3938 6779
14 3938 6780
14 3938 6781
14 3938 6782
14 3938 6783
14 3938 6784
14 3938 6785
14 3938 6786
14 3938 6787
14 3938 6788
14 3938 6789
15 7877 13507
15 7877 13508
15 7877 13509
15 7877 13510
15 7877 13511
15 7877 13512
15 7877 13513
15 7877 13514
15 7877 13515
15 7877 13516
15 7877 13517
15 7877 13518
15 7877 13519
15 7877 13520
15 7877 13521
15 7877 13522
15 7877 13523
15 7877 13524
15 7877 13525
15 7877 13526
15 7877 13527
15 7877 13528
15 7877 13529
15 7877 13530
15 7877 13531
15 7877 13532
15 7877 13533
15 7877 13534
15 7877 13535
15 7877 13536
15 7877 13537
15 7877 13538
15 7877 13539
15 7877 13540
15 7877 13541
15 7877 13542
15 7877 13543
15 7877 13544
15 7877 13545
15 7877 13546
15 7877 13547
15 7877 13548
15 7877 13549
15 7877 13550
15 7877 13551
15 7877 13552
15 7877 13553
15 7877 13554
15 7877 13555
15 7877 13556
15 7877 13557
15 7877 13558
15 7877 13559
15 7877 13560
15 7877 13561
15 7877 13562
15 7877 13563
15 7877 13564
15 7877 13565
15 7877 13566
15 7877 13567
15 7877 13568
15 7877 13569
15 7877 13570
15 7877 13571
15 7877 13572
15 7877 13573
15 7877 13574
15 7877 13575
15 7877 13576
15 7877 13577
15 7877 13578
15 7877 13579
16 15755 27014
16 15755 27015
16 15755 27016
16 15755 27017
16 15755 27018
16 15755 27019
16 15755 27020
16 15755 27021
16 15755 27022
16 15755 27023
16 15755 27024
16 15755 27025
16 15755 27026
16 15755 27027
16 15755 27028
16 15755 27029
16 15755 27030
16 15755 27031
16 15755 27032
16 15755 27033
16 15755 27034
16 15755 27035
16 15755 27036
16 15755 27037
16 15755 27038
16 15755 27039
16 15755 27040
16 15755 27041
16 15755 27042
16 15755 27043
16 15755 27044
16 15755 27045
16 15755 27046
16 15755 27047
16 15755 27048
16 15755 27049
16 15755 27050
16 15755 27051
16 15755 27052
16 15755 27053
16 15755 27054
16 15755 27055
16 15755 27056
16 15755 27057
16 15755 27058
16 15755 27059
16 15755 27060
16 15755 27061
16 15755 27062
16 15755 27063
16 15755 27064
16 15755 27065
16 15755 27066
16 15755 27067
16 15755 27068
16 15755 27069
16 15755 27070
16 15755 27071
16 15755 27072
16 15755 27073
16 15755 27074
16 15755 27075
16 15755 27076
16 15755 27077
16 15755 27078
16 15755 27079
16 15755 27080
16 15755 27081
16 15755 27082
16 15755 27083
16 15755 27084
16 15755 27085
16 15755 27086
16 15755 27087
16 15755 27088
16 15755 27089
16 15755 27090
16 15755 27091
16 15755 27092
16 15755 27093
16 15755 27094
16 15755 27095
16 15755 27096
16 15755 27097
16 15755 27098
16 15755 27099
16 15755 27100
16 15755 27101
16 15755 27102
16 15755 27103
16 15755 27104
16 15755 27105
16 15755 27106
16 15755 27107
16 15755 27108
16 15755 27109
16 15755 27110
16 15755 27111
16 15755 27112
16 15755 27113
16 15755 27114
16 15755 27115
16 15755 27116
16 15755 27117
16 15755 27118
16 15755 27119
16 15755 27120
16 15755 27121
16 15755 27122
16 15755 27123
16 15755 27124
16 15755 27125
16 15755 27126
16 15755 27127
16 15755 27128
16 15755 27129
16 15755 27130
16 15755 27131
16 15755 27132
16 15755 27133
16 15755 27134
16 15755 27135
16 15755 27136
16 15755 27137
16 15755 27138
16 15755 27139
16 15755 27140
16 15755 27141
16 15755 27142
16 15755 27143
16 15755 27144
16 15755 27145
16 15755 27146
16 15755 27147
16 15755 27148
16 15755 27149
16 15755 27150
16 15755 27151
16 15755 27152
16 15755 27153
16 15755 27154
16 15755 27155
16 15755 27156
16 15755 27157
16 15755 27158
17 31510 54028
17 31510 54029
17 31510 54030
17 31510 54031
17 31510 54032
17 31510 54033
17 31510 54034
17 31510 54035
17 31510 54036
17 31510 54037
17 31510 54038
17 31510 54039
17 31510 54040
17 31510 54041
17 31510 54042
17 31510 54043
17 31510 54044
17 31510 54045
17 31510 54046
17 31510 54047
17 31510 54048
17 31510 54049
17 31510 54050
17 31510 54051
17 31510 54052
17 31510 54053
17 31510 54054
17 31510 54055
17 31510 54056
17 31510 54057
17 31510 54058
17 31510 54059
17 31510 54060
17 31510 54061
17 31510 54062
17 31510 54063
17 31510 54064
17 31510 54065
17 31510 54066
17 31510 54067
17 31510 54068
17 31510 54069
17 31510 54070
17 31510 54071
17 31510 54072
17 31510 54073
17 31510 54074
17 31510 54075
17 31510 54076
17 31510 54077
17 31510 54078
17 31510 54079
17 31510 54080
17 31510 54081
17 31510 54082
17 31510 54083
17 31510 54084
17 31510 54085
17 31510 54086
17 31510 54087
17 31510 54088
17 31510 54089
17 31510 54090
17 31510 54091
17 31510 54092
17 31510 54093
17 31510 54094
17 31510 54095
17 31510 54096
17 31510 54097
17 31510 54098
17 31510 54099
17 31510 54100
17 31510 54101
17 31510 54102
17 31510 54103
17 31510 54104
17 31510 54105
17 31510 54106
17 31510 54107
17 31510 54108
17 31510 54109
17 31510 54110
17 31510 54111
17 31510 54112
17 31510 54113
17 31510 54114
17 31510 54115
17 31510 54116
17 31510 54117
17 31510 54118
17 31510 54119
17 31510 54120
17 31510 54121
17 31510 54122
17 31510 54123
17 31510 54124
17 31510 54125
17 31510 54126
17 31510 54127
17 31510 54128
17 31510 54129
17 31510 54130
17 31510 54131
17 31510 54132
17 31510 54133
17 31510 54134
17 31510 54135
17 31510 54136
17 31510 54137
17 31510 54138
17 31510 54139
17 31510 54140
17 31510 54141
17 31510 54142
17 31510 54143
17 31510 54144
17 31510 54145
17 31510 54146
17 31510 54147
17 31510 54148
17 31510 54149
17 31510 54150
17 31510 54151
17 31510 54152
17 31510 54153
17 31510 54154
17 31510 54155
17 31510 54156
17 31510 54157
17 31510 54158
17 31510 54159
17 31510 54160
17 31510 54161
17 31510 54162
17 31510 54163
17 31510 54164
17 31510 54165
17 31510 54166
17 31510 54167
17 31510 54168
17 31510 54169
17 31510 54170
17 31510 54171
17 31510 54172
17 31510 54173
17 31510 54174
17 31510 54175
17 31510 54176
17 31510 54177
17 31510 54178
17 31510 54179
17 31510 54180
17 31510 54181
17 31510 54182
17 31510 54183
17 31510 54184
17 31510 54185
17 31510 54186
17 31510 54187
17 31510 54188
17 31510 54189
17 31510 54190
17 31510 54191
17 31510 54192
17 31510 54193
17 31510 54194
17 31510 54195
17 31510 54196
17 31510 54197
17 31510 54198
17 31510 54199
17 31510 54200
17 31510 54201
17 31510 54202
17 31510 54203
17 31510 54204
17 31510 54205
17 31510 54206
17 31510 54207
17 31510 54208
17 31510 54209
17 31510 54210
17 31510 54211
17 31510 54212
17 31510 54213
17 31510 54214
17 31510 54215
17 31510 54216
17 31510 54217
17 31510 54218
17 31510 54219
17 31510 54220
17 31510 54221
17 31510 54222
17 31510 54223
17 31510 54224
17 31510 54225
17 31510 54226
17 31510 54227
17 31510 54228
17 31510 54229
17 31510 54230
17 31510 54231
17 31510 54232
17 31510 54233
17 31510 54234
17 31510 54235
17 31510 54236
17 31510 54237
17 31510 54238
17 31510 54239
17 31510 54240
17 31510 54241
17 31510 54242
17 31510 54243
17 31510 54244
17 31510 54245
17 31510 54246
17 31510 54247
17 31510 54248
17 31510 54249
17 31510 54250
17 31510 54251
17 31510 54252
17 31510 54253
17 31510 54254
17 31510 54255
17 31510 54256
17 31510 54257
17 31510 54258
17 31510 54259
17 31510 54260
17 31510 54261
17 31510 54262
17 31510 54263
17 31510 54264
17 31510 54265
17 31510 54266
17 31510 54267
17 31510 54268
17 31510 54269
17 31510 54270
17 31510 54271
17 31510 54272
17 31510 54273
17 31510 54274
17 31510 54275
17 31510 54276
17 31510 54277
17 31510 54278
17 31510 54279
17 31510 54280
17 31510 54281
17 31510 54282
17 31510 54283
17 31510 54284
17 31510 54285
17 31510 54286
17 31510 54287
17 31510 54288
17 31510 54289
17 31510 54290
17 31510 54291
17 31510 54292
17 31510 54293
17 31510 54294
17 31510 54295
17 31510 54296
17 31510 54297
17 31510 54298
17 31510 54299
17 31510 54300
17 31510 54301
17 31510 54302
17 31510 54303
17 31510 54304
17 31510 54305
17 31510 54306
17 31510 54307
17 31510 54308
17 31510 54309
17 31510 54310
17 31510 54311
17 31510 54312
17 31510 54313
17 31510 54314
17 31510 54315
17 31510 54316
18 63021 108057
3 1 3
4 3 6
4 3 6
5 7 13
5 7 13
6 15 26
6 15 26
7 30 52
7 30 52
7 30 53
7 30 53
