11 560 837
12 1121 1674
12 1121 1674
12 1122 1674
12 1122 1674
12 1123 1674
12 1123 1674
12 1124 1674
12 1124 1674
13 2242 3342
13 2242 3342
13 2242 3348
13 2242 3348
13 2243 3342
13 2243 3342
13 2243 3348
13 2243 3348
13 2244 3342
13 2244 3342
13 2244 3348
13 2244 3348
13 2245 3342
13 2245 3342
13 2245 3348
13 2245 3348
13 2246 3342
13 2246 3342
13 2246 3348
13 2246 3348
13 2247 3342
13 2247 3342
13 2247 3348
13 2247 3348
13 2248 3342
13 2248 3342
13 2248 3348
13 2248 3348
13 2249 3342
13 2249 3342
13 2249 3348
13 2249 3348
14 4484 6684
14 4492 6685
15 8968 13369
15 8985 13371
16 17936 26739
16 17971 26742
17 35873 53478
18 71747 106956
3 2 3
4 4 6
4 4 6
5 8 13
5 8 13
6 17 26
6 17 26
7 35 52
7 35 52
14 4484 6685
14 4484 6696
15 8968 13370
15 8968 13371
15 8968 13372
15 8968 13373
15 8968 13374
15 8968 13375
15 8968 13376
15 8968 13377
15 8968 13378
15 8968 13379
15 8968 13380
15 8968 13381
15 8968 13382
15 8968 13383
15 8968 13384
15 8968 13385
15 8968 13386
15 8968 13387
15 8968 13388
15 8968 13389
15 8968 13390
15 8968 13391
15 8968 13392
