13 2242 3336
13 2242 3336
13 2242 3345
13 2242 3345
13 2243 3336
13 2243 3336
13 2243 3345
13 2243 3345
13 2244 3336
13 2244 3336
13 2244 3345
13 2244 3345
13 2245 3336
13 2245 3336
13 2245 3345
13 2245 3345
13 2246 3336
13 2246 3336
13 2246 3345
13 2246 3345
13 2247 3336
13 2247 3336
13 2247 3345
13 2247 3345
13 2248 3336
13 2248 3336
13 2248 3345
13 2248 3345
13 2249 3336
13 2249 3336
13 2249 3345
13 2249 3345
13 2250 3336
13 2250 3336
13 2250 3345
13 2250 3345
13 2251 3336
13 2251 3336
13 2251 3345
13 2251 3345
13 2252 3336
13 2252 3336
13 2252 3345
13 2252 3345
13 2253 3336
13 2253 3336
13 2253 3337
13 2253 3337
13 2253 3338
13 2253 3338
13 2253 3339
13 2253 3339
13 2253 3340
13 2253 3340
13 2253 3341
13 2253 3341
13 2253 3342
13 2253 3342
13 2253 3343
13 2253 3343
13 2253 3344
13 2253 3344
13 2253 3345
13 2253 3345
14 4485 6673
14 4485 6690
14 4506 6674
14 4506 6675
14 4506 6676
14 4506 6677
14 4506 6678
14 4506 6679
14 4506 6680
14 4506 6681
14 4506 6682
14 4506 6683
14 4506 6684
14 4506 6685
14 4506 6686
14 4506 6687
14 4506 6688
14 4506 6689
15 8970 13347
15 8970 13348
15 8970 13349
15 8970 13350
15 8970 13351
15 8970 13352
15 8970 13353
15 8970 13354
15 8970 13355
15 8970 13356
15 8970 13357
15 8970 13358
15 8970 13359
15 8970 13360
15 8970 13361
15 8970 13362
15 8970 13363
15 8970 13364
15 8970 13365
15 8970 13366
15 8970 13367
15 8970 13368
15 8970 13369
15 8970 13370
15 8970 13371
15 8970 13372
15 8970 13373
15 8970 13374
15 8970 13375
15 8970 13376
15 8970 13377
15 8970 13378
15 8970 13379
15 8970 13380
15 8970 13381
16 17940 26695
16 17940 26696
16 17940 26697
16 17940 26698
16 17940 26699
16 17940 26700
16 17940 26701
16 17940 26702
16 17940 26703
16 17940 26704
16 17940 26705
16 17940 26706
16 17940 26707
16 17940 26708
16 17940 26709
16 17940 26710
16 17940 26711
16 17940 26712
16 17940 26713
16 17940 26714
16 17940 26715
16 17940 26716
16 17940 26717
16 17940 26718
16 17940 26719
16 17940 26720
16 17940 26721
16 17940 26722
16 17940 26723
16 17940 26724
16 17940 26725
16 17940 26726
16 17940 26727
16 17940 26728
16 17940 26729
16 17940 26730
16 17940 26731
16 17940 26732
16 17940 26733
16 17940 26734
16 17940 26735
16 17940 26736
16 17940 26737
16 17940 26738
16 17940 26739
16 17940 26740
16 17940 26741
16 17940 26742
16 17940 26743
16 17940 26744
16 17940 26745
16 17940 26746
16 17940 26747
16 17940 26748
16 17940 26749
16 17940 26750
16 17940 26751
16 17940 26752
16 17940 26753
16 17940 26754
16 17940 26755
16 17940 26756
16 17940 26757
16 17940 26758
16 17940 26759
16 17940 26760
16 17940 26761
16 17940 26762
16 17971 26742
17 35880 53390
18 71761 106781
3 2 3
4 4 6
4 4 6
5 8 13
5 8 13
6 17 26
6 17 26
7 35 52
7 35 52
