13 2274 3304
13 2274 3304
13 2274 3307
13 2274 3307
13 2275 3304
13 2275 3304
13 2276 3304
13 2276 3304
13 2277 3307
13 2277 3307
13 2278 3307
13 2278 3307
13 2279 3307
13 2279 3307
13 2280 3307
13 2280 3307
14 4549 6608
14 4549 6609
14 4549 6614
14 4558 6613
15 9098 13217
15 9098 13218
15 9098 13219
15 9098 13220
15 9098 13221
15 9098 13222
15 9098 13223
15 9098 13224
15 9098 13225
15 9098 13226
15 9098 13227
15 9098 13228
15 9098 13229
16 18197 26434
16 18197 26435
16 18197 26436
16 18197 26437
16 18197 26438
16 18197 26439
16 18197 26440
16 18197 26441
16 18197 26442
16 18197 26443
16 18197 26444
16 18197 26445
16 18197 26446
16 18197 26447
16 18197 26448
16 18197 26449
16 18197 26450
16 18197 26451
16 18197 26452
16 18197 26453
16 18197 26454
16 18197 26455
16 18197 26456
16 18197 26457
16 18197 26458
16 18200 26443
17 36395 52869
17 36395 52870
17 36395 52871
17 36395 52872
17 36395 52873
17 36395 52874
17 36395 52875
17 36395 52876
17 36395 52877
17 36395 52878
17 36395 52879
17 36395 52880
17 36395 52881
17 36395 52882
17 36395 52883
17 36395 52884
17 36395 52885
17 36395 52886
17 36395 52887
17 36395 52888
17 36395 52889
17 36395 52890
17 36395 52891
17 36395 52892
17 36395 52893
17 36395 52894
17 36395 52895
17 36395 52896
17 36395 52897
17 36395 52898
17 36395 52899
17 36395 52900
17 36395 52901
17 36395 52902
17 36395 52903
17 36395 52904
17 36395 52905
17 36395 52906
17 36395 52907
17 36395 52908
17 36395 52909
17 36395 52910
17 36395 52911
17 36395 52912
17 36395 52913
17 36395 52914
17 36395 52915
17 36395 52916
17 36401 52887
18 72791 105738
18 72791 105739
18 72791 105740
18 72791 105741
18 72791 105742
18 72791 105743
18 72791 105744
18 72791 105745
18 72791 105746
18 72791 105747
18 72791 105748
18 72791 105749
18 72791 105750
18 72791 105751
18 72791 105752
18 72791 105753
18 72791 105754
18 72791 105755
18 72791 105756
18 72791 105757
18 72791 105758
18 72791 105759
18 72791 105760
18 72791 105761
18 72791 105762
18 72791 105763
18 72791 105764
18 72791 105765
18 72791 105766
18 72791 105767
18 72791 105768
18 72791 105769
18 72791 105770
18 72791 105771
18 72791 105772
18 72791 105773
18 72791 105774
18 72791 105775
18 72791 105776
18 72791 105777
18 72791 105778
18 72791 105779
18 72791 105780
18 72791 105781
18 72791 105782
18 72791 105783
18 72791 105784
18 72791 105785
18 72791 105786
18 72791 105787
18 72791 105788
18 72791 105789
18 72791 105790
18 72791 105791
18 72791 105792
18 72791 105793
18 72791 105794
18 72791 105795
18 72791 105796
18 72791 105797
18 72791 105798
18 72791 105799
18 72791 105800
18 72791 105801
18 72791 105802
18 72791 105803
18 72791 105804
18 72791 105805
18 72791 105806
18 72791 105807
18 72791 105808
18 72791 105809
18 72791 105810
18 72791 105811
18 72791 105812
18 72791 105813
18 72791 105814
18 72791 105815
18 72791 105816
18 72791 105817
18 72791 105818
18 72791 105819
18 72791 105820
18 72791 105821
18 72791 105822
18 72791 105823
18 72791 105824
18 72791 105825
18 72791 105826
18 72791 105827
18 72791 105828
18 72791 105829
18 72791 105830
18 72791 105831
18 72791 105832
18 72802 105775
3 2 3
4 4 6
4 4 6
5 8 12
5 8 12
6 17 25
6 17 25
7 35 51
7 35 51
