11 510 859
12 1020 1684
12 1020 1684
12 1020 1685
12 1020 1685
12 1020 1686
12 1020 1686
12 1020 1687
12 1020 1687
12 1020 1688
12 1020 1688
12 1020 1689
12 1020 1689
12 1020 1690
12 1020 1690
12 1020 1691
12 1020 1691
12 1020 1692
12 1020 1692
12 1020 1693
12 1020 1693
12 1020 1694
12 1020 1694
12 1020 1695
12 1020 1695
12 1020 1696
12 1020 1696
12 1020 1697
12 1020 1697
12 1020 1698
12 1020 1698
12 1020 1699
12 1020 1699
12 1020 1700
12 1020 1700
12 1020 1701
12 1020 1701
12 1020 1702
12 1020 1702
12 1020 1703
12 1020 1703
12 1020 1704
12 1020 1704
12 1020 1705
12 1020 1705
12 1020 1706
12 1020 1706
12 1020 1707
12 1020 1707
12 1020 1708
12 1020 1708
12 1020 1709
12 1020 1709
12 1020 1710
12 1020 1710
12 1020 1711
12 1020 1711
12 1020 1712
12 1020 1712
12 1020 1713
12 1020 1713
12 1020 1714
12 1020 1714
12 1020 1715
12 1020 1715
12 1020 1716
12 1020 1716
12 1020 1717
12 1020 1717
12 1020 1718
12 1020 1718
12 1021 1684
12 1021 1684
12 1021 1717
12 1021 1717
12 1021 1718
12 1021 1718
12 1022 1684
12 1022 1684
12 1022 1717
12 1022 1717
12 1022 1718
12 1022 1718
12 1023 1684
12 1023 1684
12 1023 1717
12 1023 1717
12 1023 1718
12 1023 1718
12 1024 1684
12 1024 1684
12 1024 1717
12 1024 1717
12 1024 1718
12 1024 1718
12 1025 1684
12 1025 1684
12 1025 1717
12 1025 1717
12 1025 1718
12 1025 1718
12 1026 1684
12 1026 1684
12 1026 1717
12 1026 1717
12 1026 1718
12 1026 1718
12 1027 1684
12 1027 1684
12 1027 1717
12 1027 1717
12 1027 1718
12 1027 1718
12 1028 1684
12 1028 1684
12 1028 1717
12 1028 1717
12 1028 1718
12 1028 1718
12 1029 1684
12 1029 1684
12 1029 1717
12 1029 1717
12 1029 1718
12 1029 1718
12 1030 1684
12 1030 1684
12 1030 1717
12 1030 1717
12 1030 1718
12 1030 1718
12 1031 1684
12 1031 1684
12 1031 1717
12 1031 1717
12 1031 1718
12 1031 1718
12 1032 1684
12 1032 1684
12 1032 1717
12 1032 1717
12 1032 1718
12 1032 1718
12 1033 1684
12 1033 1684
12 1033 1717
12 1033 1717
12 1033 1718
12 1033 1718
12 1034 1684
12 1034 1684
12 1034 1717
12 1034 1717
12 1034 1718
12 1034 1718
12 1035 1684
12 1035 1684
12 1035 1717
12 1035 1717
12 1035 1718
12 1035 1718
12 1036 1684
12 1036 1684
12 1036 1717
12 1036 1717
12 1036 1718
12 1036 1718
12 1037 1684
12 1037 1684
12 1037 1717
12 1037 1717
12 1037 1718
12 1037 1718
12 1038 1684
12 1038 1684
12 1038 1717
12 1038 1717
12 1038 1718
12 1038 1718
12 1039 1684
12 1039 1684
12 1039 1717
12 1039 1717
12 1039 1718
12 1039 1718
12 1040 1684
12 1040 1684
12 1040 1717
12 1040 1717
12 1040 1718
12 1040 1718
12 1041 1684
12 1041 1684
12 1041 1717
12 1041 1717
12 1041 1718
12 1041 1718
12 1042 1684
12 1042 1684
12 1042 1717
12 1042 1717
12 1042 1718
12 1042 1718
12 1043 1684
12 1043 1684
12 1043 1717
12 1043 1717
12 1043 1718
12 1043 1718
13 2040 3369
13 2040 3369
13 2040 3370
13 2040 3370
13 2040 3371
13 2040 3371
13 2040 3372
13 2040 3372
13 2040 3373
13 2040 3373
13 2040 3374
13 2040 3374
13 2040 3375
13 2040 3375
13 2040 3376
13 2040 3376
13 2040 3377
13 2040 3377
13 2040 3378
13 2040 3378
13 2040 3379
13 2040 3379
13 2040 3380
13 2040 3380
13 2040 3381
13 2040 3381
13 2040 3382
13 2040 3382
13 2040 3383
13 2040 3383
13 2040 3384
13 2040 3384
13 2040 3385
13 2040 3385
13 2040 3386
13 2040 3386
13 2040 3387
13 2040 3387
13 2040 3388
13 2040 3388
13 2040 3389
13 2040 3389
13 2040 3390
13 2040 3390
13 2040 3391
13 2040 3391
13 2040 3392
13 2040 3392
13 2040 3393
13 2040 3393
13 2040 3394
13 2040 3394
13 2040 3395
13 2040 3395
13 2040 3396
13 2040 3396
13 2040 3397
13 2040 3397
13 2040 3398
13 2040 3398
13 2040 3399
13 2040 3399
13 2040 3400
13 2040 3400
13 2040 3401
13 2040 3401
13 2040 3402
13 2040 3402
13 2040 3403
13 2040 3403
13 2040 3404
13 2040 3404
13 2040 3405
13 2040 3405
13 2040 3406
13 2040 3406
13 2040 3407
13 2040 3407
13 2040 3408
13 2040 3408
13 2040 3409
13 2040 3409
13 2040 3410
13 2040 3410
13 2040 3411
13 2040 3411
13 2040 3412
13 2040 3412
13 2040 3413
13 2040 3413
13 2040 3414
13 2040 3414
13 2040 3415
13 2040 3415
13 2040 3416
13 2040 3416
13 2040 3417
13 2040 3417
13 2040 3418
13 2040 3418
13 2040 3419
13 2040 3419
13 2040 3420
13 2040 3420
13 2040 3421
13 2040 3421
13 2040 3422
13 2040 3422
13 2040 3423
13 2040 3423
13 2040 3424
13 2040 3424
13 2040 3425
13 2040 3425
13 2040 3426
13 2040 3426
13 2040 3427
13 2040 3427
13 2040 3428
13 2040 3428
13 2040 3429
13 2040 3429
13 2040 3430
13 2040 3430
13 2040 3431
13 2040 3431
13 2040 3432
13 2040 3432
13 2040 3433
13 2040 3433
13 2040 3434
13 2040 3434
13 2040 3435
13 2040 3435
13 2040 3436
13 2040 3436
13 2041 3369
13 2041 3369
13 2041 3370
13 2041 3370
13 2041 3371
13 2041 3371
13 2041 3372
13 2041 3372
13 2041 3373
13 2041 3373
13 2041 3374
13 2041 3374
13 2041 3375
13 2041 3375
13 2041 3376
13 2041 3376
13 2041 3377
13 2041 3377
13 2041 3378
13 2041 3378
13 2041 3379
13 2041 3379
13 2041 3380
13 2041 3380
13 2041 3381
13 2041 3381
13 2041 3382
13 2041 3382
13 2041 3383
13 2041 3383
13 2041 3384
13 2041 3384
13 2041 3385
13 2041 3385
13 2041 3386
13 2041 3386
13 2041 3387
13 2041 3387
13 2041 3388
13 2041 3388
13 2041 3389
13 2041 3389
13 2041 3390
13 2041 3390
13 2041 3391
13 2041 3391
13 2041 3392
13 2041 3392
13 2041 3393
13 2041 3393
13 2041 3394
13 2041 3394
13 2041 3395
13 2041 3395
13 2041 3396
13 2041 3396
13 2041 3397
13 2041 3397
13 2041 3398
13 2041 3398
13 2041 3399
13 2041 3399
13 2041 3400
13 2041 3400
13 2041 3401
13 2041 3401
13 2041 3402
13 2041 3402
13 2041 3403
13 2041 3403
13 2041 3404
13 2041 3404
13 2041 3405
13 2041 3405
13 2041 3406
13 2041 3406
13 2041 3407
13 2041 3407
13 2041 3408
13 2041 3408
13 2041 3409
13 2041 3409
13 2041 3410
13 2041 3410
13 2041 3411
13 2041 3411
13 2041 3412
13 2041 3412
13 2041 3413
13 2041 3413
13 2041 3414
13 2041 3414
13 2041 3415
13 2041 3415
13 2041 3416
13 2041 3416
13 2041 3417
13 2041 3417
13 2041 3418
13 2041 3418
13 2041 3419
13 2041 3419
13 2041 3420
13 2041 3420
13 2041 3421
13 2041 3421
13 2041 3422
13 2041 3422
13 2041 3423
13 2041 3423
13 2041 3424
13 2041 3424
13 2041 3425
13 2041 3425
13 2041 3426
13 2041 3426
13 2041 3427
13 2041 3427
13 2041 3428
13 2041 3428
13 2041 3429
13 2041 3429
13 2041 3430
13 2041 3430
13 2041 3431
13 2041 3431
13 2041 3432
13 2041 3432
13 2041 3433
13 2041 3433
13 2041 3434
13 2041 3434
13 2041 3435
13 2041 3435
13 2041 3436
13 2041 3436
13 2042 3369
13 2042 3369
13 2042 3370
13 2042 3370
13 2042 3434
13 2042 3434
13 2042 3435
13 2042 3435
13 2042 3436
13 2042 3436
13 2043 3369
13 2043 3369
13 2043 3370
13 2043 3370
13 2043 3434
13 2043 3434
13 2043 3435
13 2043 3435
13 2043 3436
13 2043 3436
13 2044 3369
13 2044 3369
13 2044 3370
13 2044 3370
13 2044 3434
13 2044 3434
13 2044 3435
13 2044 3435
13 2044 3436
13 2044 3436
13 2045 3369
13 2045 3369
13 2045 3370
13 2045 3370
13 2045 3434
13 2045 3434
13 2045 3435
13 2045 3435
13 2045 3436
13 2045 3436
13 2046 3369
13 2046 3369
13 2046 3370
13 2046 3370
13 2046 3434
13 2046 3434
13 2046 3435
13 2046 3435
13 2046 3436
13 2046 3436
13 2047 3369
13 2047 3369
13 2047 3370
13 2047 3370
13 2047 3434
13 2047 3434
13 2047 3435
13 2047 3435
13 2047 3436
13 2047 3436
13 2048 3369
13 2048 3369
13 2048 3370
13 2048 3370
13 2048 3434
13 2048 3434
13 2048 3435
13 2048 3435
13 2048 3436
13 2048 3436
13 2049 3369
13 2049 3369
13 2049 3370
13 2049 3370
13 2049 3434
13 2049 3434
13 2049 3435
13 2049 3435
13 2049 3436
13 2049 3436
13 2050 3369
13 2050 3369
13 2050 3370
13 2050 3370
13 2050 3434
13 2050 3434
13 2050 3435
13 2050 3435
13 2050 3436
13 2050 3436
13 2051 3369
13 2051 3369
13 2051 3370
13 2051 3370
13 2051 3434
13 2051 3434
13 2051 3435
13 2051 3435
13 2051 3436
13 2051 3436
13 2052 3369
13 2052 3369
13 2052 3370
13 2052 3370
13 2052 3434
13 2052 3434
13 2052 3435
13 2052 3435
13 2052 3436
13 2052 3436
13 2053 3369
13 2053 3369
13 2053 3370
13 2053 3370
13 2053 3434
13 2053 3434
13 2053 3435
13 2053 3435
13 2053 3436
13 2053 3436
13 2054 3369
13 2054 3369
13 2054 3370
13 2054 3370
13 2054 3434
13 2054 3434
13 2054 3435
13 2054 3435
13 2054 3436
13 2054 3436
13 2055 3369
13 2055 3369
13 2055 3370
13 2055 3370
13 2055 3434
13 2055 3434
13 2055 3435
13 2055 3435
13 2055 3436
13 2055 3436
13 2056 3369
13 2056 3369
13 2056 3370
13 2056 3370
13 2056 3434
13 2056 3434
13 2056 3435
13 2056 3435
13 2056 3436
13 2056 3436
13 2057 3369
13 2057 3369
13 2057 3370
13 2057 3370
13 2057 3434
13 2057 3434
13 2057 3435
13 2057 3435
13 2057 3436
13 2057 3436
13 2058 3369
13 2058 3369
13 2058 3370
13 2058 3370
13 2058 3434
13 2058 3434
13 2058 3435
13 2058 3435
13 2058 3436
13 2058 3436
13 2059 3369
13 2059 3369
13 2059 3370
13 2059 3370
13 2059 3434
13 2059 3434
13 2059 3435
13 2059 3435
13 2059 3436
13 2059 3436
13 2060 3369
13 2060 3369
13 2060 3370
13 2060 3370
13 2060 3434
13 2060 3434
13 2060 3435
13 2060 3435
13 2060 3436
13 2060 3436
13 2061 3369
13 2061 3369
13 2061 3370
13 2061 3370
13 2061 3434
13 2061 3434
13 2061 3435
13 2061 3435
13 2061 3436
13 2061 3436
13 2062 3369
13 2062 3369
13 2062 3370
13 2062 3370
13 2062 3434
13 2062 3434
13 2062 3435
13 2062 3435
13 2062 3436
13 2062 3436
13 2063 3369
13 2063 3369
13 2063 3370
13 2063 3370
13 2063 3434
13 2063 3434
13 2063 3435
13 2063 3435
13 2063 3436
13 2063 3436
13 2064 3369
13 2064 3369
13 2064 3370
13 2064 3370
13 2064 3434
13 2064 3434
13 2064 3435
13 2064 3435
13 2064 3436
13 2064 3436
13 2065 3369
13 2065 3369
13 2065 3370
13 2065 3370
13 2065 3434
13 2065 3434
13 2065 3435
13 2065 3435
13 2065 3436
13 2065 3436
13 2066 3369
13 2066 3369
13 2066 3370
13 2066 3370
13 2066 3434
13 2066 3434
13 2066 3435
13 2066 3435
13 2066 3436
13 2066 3436
13 2067 3369
13 2067 3369
13 2067 3370
13 2067 3370
13 2067 3434
13 2067 3434
13 2067 3435
13 2067 3435
13 2067 3436
13 2067 3436
13 2068 3369
13 2068 3369
13 2068 3370
13 2068 3370
13 2068 3434
13 2068 3434
13 2068 3435
13 2068 3435
13 2068 3436
13 2068 3436
13 2069 3369
13 2069 3369
13 2069 3370
13 2069 3370
13 2069 3434
13 2069 3434
13 2069 3435
13 2069 3435
13 2069 3436
13 2069 3436
13 2070 3369
13 2070 3369
13 2070 3370
13 2070 3370
13 2070 3434
13 2070 3434
13 2070 3435
13 2070 3435
13 2070 3436
13 2070 3436
13 2071 3369
13 2071 3369
13 2071 3370
13 2071 3370
13 2071 3434
13 2071 3434
13 2071 3435
13 2071 3435
13 2071 3436
13 2071 3436
13 2072 3369
13 2072 3369
13 2072 3370
13 2072 3370
13 2072 3434
13 2072 3434
13 2072 3435
13 2072 3435
13 2072 3436
13 2072 3436
13 2073 3369
13 2073 3369
13 2073 3370
13 2073 3370
13 2073 3434
13 2073 3434
13 2073 3435
13 2073 3435
13 2073 3436
13 2073 3436
13 2074 3369
13 2074 3369
13 2074 3370
13 2074 3370
13 2074 3434
13 2074 3434
13 2074 3435
13 2074 3435
13 2074 3436
13 2074 3436
13 2075 3369
13 2075 3369
13 2075 3370
13 2075 3370
13 2075 3434
13 2075 3434
13 2075 3435
13 2075 3435
13 2075 3436
13 2075 3436
13 2076 3369
13 2076 3369
13 2076 3370
13 2076 3370
13 2076 3434
13 2076 3434
13 2076 3435
13 2076 3435
13 2076 3436
13 2076 3436
13 2077 3369
13 2077 3369
13 2077 3370
13 2077 3370
13 2077 3434
13 2077 3434
13 2077 3435
13 2077 3435
13 2077 3436
13 2077 3436
13 2078 3369
13 2078 3369
13 2078 3370
13 2078 3370
13 2078 3434
13 2078 3434
13 2078 3435
13 2078 3435
13 2078 3436
13 2078 3436
13 2079 3369
13 2079 3369
13 2079 3370
13 2079 3370
13 2079 3434
13 2079 3434
13 2079 3435
13 2079 3435
13 2079 3436
13 2079 3436
13 2080 3369
13 2080 3369
13 2080 3370
13 2080 3370
13 2080 3434
13 2080 3434
13 2080 3435
13 2080 3435
13 2080 3436
13 2080 3436
13 2081 3369
13 2081 3369
13 2081 3370
13 2081 3370
13 2081 3434
13 2081 3434
13 2081 3435
13 2081 3435
13 2081 3436
13 2081 3436
13 2082 3369
13 2082 3369
13 2082 3370
13 2082 3370
13 2082 3434
13 2082 3434
13 2082 3435
13 2082 3435
13 2082 3436
13 2082 3436
13 2083 3369
13 2083 3369
13 2083 3370
13 2083 3370
13 2083 3434
13 2083 3434
13 2083 3435
13 2083 3435
13 2083 3436
13 2083 3436
13 2084 3369
13 2084 3369
13 2084 3370
13 2084 3370
13 2084 3434
13 2084 3434
13 2084 3435
13 2084 3435
13 2084 3436
13 2084 3436
13 2085 3369
13 2085 3369
13 2085 3370
13 2085 3370
13 2085 3434
13 2085 3434
13 2085 3435
13 2085 3435
13 2085 3436
13 2085 3436
13 2086 3369
13 2086 3369
13 2086 3370
13 2086 3370
13 2086 3434
13 2086 3434
13 2086 3435
13 2086 3435
13 2086 3436
13 2086 3436
13 2087 3369
13 2087 3369
13 2087 3370
13 2087 3370
13 2087 3371
13 2087 3371
13 2087 3372
13 2087 3372
13 2087 3373
13 2087 3373
13 2087 3374
13 2087 3374
13 2087 3375
13 2087 3375
13 2087 3376
13 2087 3376
13 2087 3377
13 2087 3377
13 2087 3378
13 2087 3378
13 2087 3379
13 2087 3379
13 2087 3380
13 2087 3380
13 2087 3381
13 2087 3381
13 2087 3382
13 2087 3382
13 2087 3383
13 2087 3383
13 2087 3384
13 2087 3384
13 2087 3385
13 2087 3385
13 2087 3386
13 2087 3386
13 2087 3387
13 2087 3387
13 2087 3388
13 2087 3388
13 2087 3389
13 2087 3389
13 2087 3390
13 2087 3390
13 2087 3391
13 2087 3391
13 2087 3392
13 2087 3392
13 2087 3393
13 2087 3393
13 2087 3394
13 2087 3394
13 2087 3395
13 2087 3395
13 2087 3396
13 2087 3396
13 2087 3397
13 2087 3397
13 2087 3398
13 2087 3398
13 2087 3399
13 2087 3399
13 2087 3400
13 2087 3400
13 2087 3401
13 2087 3401
13 2087 3402
13 2087 3402
13 2087 3403
13 2087 3403
13 2087 3404
13 2087 3404
13 2087 3405
13 2087 3405
13 2087 3406
13 2087 3406
13 2087 3407
13 2087 3407
13 2087 3408
13 2087 3408
13 2087 3409
13 2087 3409
13 2087 3410
13 2087 3410
13 2087 3411
13 2087 3411
13 2087 3412
13 2087 3412
13 2087 3413
13 2087 3413
13 2087 3414
13 2087 3414
13 2087 3415
13 2087 3415
13 2087 3416
13 2087 3416
13 2087 3417
13 2087 3417
13 2087 3418
13 2087 3418
13 2087 3419
13 2087 3419
13 2087 3420
13 2087 3420
13 2087 3421
13 2087 3421
13 2087 3422
13 2087 3422
13 2087 3423
13 2087 3423
13 2087 3424
13 2087 3424
13 2087 3425
13 2087 3425
13 2087 3426
13 2087 3426
13 2087 3427
13 2087 3427
13 2087 3428
13 2087 3428
13 2087 3429
13 2087 3429
13 2087 3430
13 2087 3430
13 2087 3431
13 2087 3431
13 2087 3432
13 2087 3432
13 2087 3433
13 2087 3433
13 2087 3434
13 2087 3434
13 2087 3435
13 2087 3435
13 2087 3436
13 2087 3436
14 4081 6738
14 4081 6739
14 4081 6740
14 4081 6741
14 4081 6742
14 4081 6743
14 4081 6744
14 4081 6745
14 4081 6746
14 4081 6747
14 4081 6748
14 4081 6749
14 4081 6750
14 4081 6751
14 4081 6752
14 4081 6753
14 4081 6754
14 4081 6755
14 4081 6756
14 4081 6757
14 4081 6758
14 4081 6759
14 4081 6760
14 4081 6761
14 4081 6762
14 4081 6763
14 4081 6764
14 4081 6765
14 4081 6766
14 4081 6767
14 4081 6768
14 4081 6769
14 4081 6770
14 4081 6771
14 4081 6772
14 4081 6773
14 4081 6774
14 4081 6775
14 4081 6776
14 4081 6777
14 4081 6778
14 4081 6779
14 4081 6780
14 4081 6781
14 4081 6782
14 4081 6783
14 4081 6784
14 4081 6785
14 4081 6786
14 4081 6787
14 4081 6788
14 4081 6789
14 4081 6790
14 4081 6791
14 4081 6792
14 4081 6793
14 4081 6794
14 4081 6795
14 4081 6796
14 4081 6797
14 4081 6798
14 4081 6799
14 4081 6800
14 4081 6801
14 4081 6802
14 4081 6803
14 4081 6804
14 4081 6805
14 4081 6806
14 4081 6807
14 4081 6808
14 4081 6809
14 4081 6810
14 4081 6811
14 4081 6812
14 4081 6813
14 4081 6814
14 4081 6815
14 4081 6816
14 4081 6817
14 4081 6818
14 4081 6819
14 4081 6820
14 4081 6821
14 4081 6822
14 4081 6823
14 4081 6824
14 4081 6825
14 4081 6826
14 4081 6827
14 4081 6828
14 4081 6829
14 4081 6830
14 4081 6831
14 4081 6832
14 4081 6833
14 4081 6834
14 4081 6835
14 4081 6836
14 4081 6837
14 4081 6838
14 4081 6839
14 4081 6840
14 4081 6841
14 4081 6842
14 4081 6843
14 4081 6844
14 4081 6845
14 4081 6846
14 4081 6847
14 4081 6848
14 4081 6849
14 4081 6850
14 4081 6851
14 4081 6852
14 4081 6853
14 4081 6854
14 4081 6855
14 4081 6856
14 4081 6857
14 4081 6858
14 4081 6859
14 4081 6860
14 4081 6861
14 4081 6862
14 4081 6863
14 4081 6864
14 4081 6865
14 4081 6866
14 4081 6867
14 4081 6868
14 4081 6869
14 4081 6870
14 4081 6871
14 4081 6872
14 4090 6761
14 4091 6758
14 4093 6784
14 4101 6780
14 4103 6743
14 4109 6752
14 4112 6750
14 4114 6789
14 4115 6766
14 4126 6810
14 4133 6798
14 4169 6738
14 4169 6739
14 4169 6741
14 4170 6739
14 4171 6739
14 4172 6739
14 4172 6740
14 4172 6747
14 4173 6739
14 4173 6740
14 4174 6739
14 4174 6742
15 8163 13477
15 8163 13478
15 8163 13479
15 8163 13480
15 8163 13481
15 8163 13482
15 8163 13483
15 8163 13484
15 8163 13485
15 8163 13486
15 8163 13487
15 8163 13488
15 8163 13489
15 8163 13490
15 8163 13491
15 8163 13492
15 8163 13493
15 8163 13494
15 8163 13495
15 8163 13496
15 8163 13497
15 8163 13498
15 8163 13499
15 8163 13500
15 8163 13501
15 8163 13502
15 8163 13503
15 8163 13504
15 8163 13505
15 8163 13506
15 8163 13507
15 8163 13508
15 8163 13509
15 8163 13510
15 8163 13511
15 8163 13512
15 8163 13513
15 8163 13514
15 8163 13515
15 8163 13516
15 8163 13517
15 8163 13518
15 8163 13519
15 8163 13520
15 8163 13521
15 8163 13522
15 8163 13523
15 8163 13524
15 8163 13525
15 8163 13526
15 8163 13527
15 8163 13528
15 8163 13529
15 8163 13530
15 8163 13531
15 8163 13532
15 8163 13533
15 8163 13534
15 8163 13535
15 8163 13536
15 8163 13537
15 8163 13538
15 8163 13539
15 8163 13540
15 8163 13541
15 8163 13542
15 8163 13543
15 8163 13544
15 8163 13545
15 8163 13546
15 8163 13547
15 8163 13548
15 8163 13549
15 8163 13550
15 8163 13551
15 8163 13552
15 8163 13553
15 8163 13554
15 8163 13555
15 8163 13556
15 8163 13557
15 8163 13558
15 8163 13559
15 8163 13560
15 8163 13561
15 8163 13562
15 8163 13563
15 8163 13564
15 8163 13565
15 8163 13566
15 8163 13567
15 8163 13568
15 8163 13569
15 8163 13570
15 8163 13571
15 8163 13572
15 8163 13573
15 8163 13574
15 8163 13575
15 8163 13576
15 8163 13577
15 8163 13578
15 8163 13579
15 8163 13580
15 8163 13581
15 8163 13582
15 8163 13583
15 8163 13584
15 8163 13585
15 8163 13586
15 8163 13587
15 8163 13588
15 8163 13589
15 8163 13590
15 8163 13591
15 8163 13592
15 8163 13593
15 8163 13594
15 8163 13595
15 8163 13596
15 8163 13597
15 8163 13598
15 8163 13599
15 8163 13600
15 8163 13601
15 8163 13602
15 8163 13603
15 8163 13604
15 8163 13605
15 8163 13606
15 8163 13607
15 8163 13608
15 8163 13609
15 8163 13610
15 8163 13611
15 8163 13612
15 8163 13613
15 8163 13614
15 8163 13615
15 8163 13616
15 8163 13617
15 8163 13618
15 8163 13619
15 8163 13620
15 8163 13621
15 8163 13622
15 8163 13623
15 8163 13624
15 8163 13625
15 8163 13626
15 8163 13627
15 8163 13628
15 8163 13629
15 8163 13630
15 8163 13631
15 8163 13632
15 8163 13633
15 8163 13634
15 8163 13635
15 8163 13636
15 8163 13637
15 8163 13638
15 8163 13639
15 8163 13640
15 8163 13641
15 8163 13642
15 8163 13643
15 8163 13644
15 8163 13645
15 8163 13646
15 8163 13647
15 8163 13648
15 8163 13649
15 8163 13650
15 8163 13651
15 8163 13652
15 8163 13653
15 8163 13654
15 8163 13655
15 8163 13656
15 8163 13657
15 8163 13658
15 8163 13659
15 8163 13660
15 8163 13661
15 8163 13662
15 8163 13663
15 8163 13664
15 8163 13665
15 8163 13666
15 8163 13667
15 8163 13668
15 8163 13669
15 8163 13670
15 8163 13671
15 8163 13672
15 8163 13673
15 8163 13674
15 8163 13675
15 8163 13676
15 8163 13677
15 8163 13678
15 8163 13679
15 8163 13680
15 8163 13681
15 8163 13682
15 8163 13683
15 8163 13684
15 8163 13685
15 8163 13686
15 8163 13687
15 8163 13688
15 8163 13689
15 8163 13690
15 8163 13691
15 8163 13692
15 8163 13693
15 8163 13694
15 8163 13695
15 8163 13696
15 8163 13697
15 8163 13698
15 8163 13699
15 8163 13700
15 8163 13701
15 8163 13702
15 8163 13703
15 8163 13704
15 8163 13705
15 8163 13706
15 8163 13707
15 8163 13708
15 8163 13709
15 8163 13710
15 8163 13711
15 8163 13712
15 8163 13713
15 8163 13714
15 8163 13715
15 8163 13716
15 8163 13717
15 8163 13718
15 8163 13719
15 8163 13720
15 8163 13721
15 8163 13722
15 8163 13723
15 8163 13724
15 8163 13725
15 8163 13726
15 8163 13727
15 8163 13728
15 8163 13729
15 8163 13730
15 8163 13731
15 8163 13732
15 8163 13733
15 8163 13734
15 8163 13735
15 8163 13736
15 8163 13737
15 8163 13738
15 8163 13739
15 8163 13740
15 8163 13741
15 8163 13742
15 8163 13743
15 8163 13744
15 8181 13522
15 8183 13517
15 8187 13568
15 8203 13560
15 8207 13487
15 8219 13504
15 8225 13501
15 8228 13578
15 8230 13533
15 8252 13620
15 8267 13597
15 8338 13479
15 8338 13482
15 8339 13477
15 8340 13478
15 8342 13478
15 8342 13479
15 8344 13495
15 8345 13479
15 8345 13480
15 8347 13478
15 8347 13480
15 8348 13478
15 8349 13484
16 16327 26954
16 16327 26955
16 16327 26956
16 16327 26957
16 16327 26958
16 16327 26959
16 16327 26960
16 16327 26961
16 16327 26962
16 16327 26963
16 16327 26964
16 16327 26965
16 16327 26966
16 16327 26967
16 16327 26968
16 16327 26969
16 16327 26970
16 16327 26971
16 16327 26972
16 16327 26973
16 16327 26974
16 16327 26975
16 16327 26976
16 16327 26977
16 16327 26978
16 16327 26979
16 16327 26980
16 16327 26981
16 16327 26982
16 16327 26983
16 16327 26984
16 16327 26985
16 16327 26986
16 16327 26987
16 16327 26988
16 16327 26989
16 16327 26990
16 16327 26991
16 16327 26992
16 16327 26993
16 16327 26994
16 16327 26995
16 16327 26996
16 16327 26997
16 16327 26998
16 16327 26999
16 16327 27000
16 16327 27001
16 16327 27002
16 16327 27003
16 16327 27004
16 16327 27005
16 16327 27006
16 16327 27007
16 16327 27008
16 16327 27009
16 16327 27010
16 16327 27011
16 16327 27012
16 16327 27013
16 16327 27014
16 16327 27015
16 16327 27016
16 16327 27017
16 16327 27018
16 16327 27019
16 16327 27020
16 16327 27021
16 16327 27022
16 16327 27023
16 16327 27024
16 16327 27025
16 16327 27026
16 16327 27027
16 16327 27028
16 16327 27029
16 16327 27030
16 16327 27031
16 16327 27032
16 16327 27033
16 16327 27034
16 16327 27035
16 16327 27036
16 16327 27037
16 16327 27038
16 16327 27039
16 16327 27040
16 16327 27041
16 16327 27042
16 16327 27043
16 16327 27044
16 16327 27045
16 16327 27046
16 16327 27047
16 16327 27048
16 16327 27049
16 16327 27050
16 16327 27051
16 16327 27052
16 16327 27053
16 16327 27054
16 16327 27055
16 16327 27056
16 16327 27057
16 16327 27058
16 16327 27059
16 16327 27060
16 16327 27061
16 16327 27062
16 16327 27063
16 16327 27064
16 16327 27065
16 16327 27066
16 16327 27067
16 16327 27068
16 16327 27069
16 16327 27070
16 16327 27071
16 16327 27072
16 16327 27073
16 16327 27074
16 16327 27075
16 16327 27076
16 16327 27077
16 16327 27078
16 16327 27079
16 16327 27080
16 16327 27081
16 16327 27082
16 16327 27083
16 16327 27084
16 16327 27085
16 16327 27086
16 16327 27087
16 16327 27088
16 16327 27089
16 16327 27090
16 16327 27091
16 16327 27092
16 16327 27093
16 16327 27094
16 16327 27095
16 16327 27096
16 16327 27097
16 16327 27098
16 16327 27099
16 16327 27100
16 16327 27101
16 16327 27102
16 16327 27103
16 16327 27104
16 16327 27105
16 16327 27106
16 16327 27107
16 16327 27108
16 16327 27109
16 16327 27110
16 16327 27111
16 16327 27112
16 16327 27113
16 16327 27114
16 16327 27115
16 16327 27116
16 16327 27117
16 16327 27118
16 16327 27119
16 16327 27120
16 16327 27121
16 16327 27122
16 16327 27123
16 16327 27124
16 16327 27125
16 16327 27126
16 16327 27127
16 16327 27128
16 16327 27129
16 16327 27130
16 16327 27131
16 16327 27132
16 16327 27133
16 16327 27134
16 16327 27135
16 16327 27136
16 16327 27137
16 16327 27138
16 16327 27139
16 16327 27140
16 16327 27141
16 16327 27142
16 16327 27143
16 16327 27144
16 16327 27145
16 16327 27146
16 16327 27147
16 16327 27148
16 16327 27149
16 16327 27150
16 16327 27151
16 16327 27152
16 16327 27153
16 16327 27154
16 16327 27155
16 16327 27156
16 16327 27157
16 16327 27158
16 16327 27159
16 16327 27160
16 16327 27161
16 16327 27162
16 16327 27163
16 16327 27164
16 16327 27165
16 16327 27166
16 16327 27167
16 16327 27168
16 16327 27169
16 16327 27170
16 16327 27171
16 16327 27172
16 16327 27173
16 16327 27174
16 16327 27175
16 16327 27176
16 16327 27177
16 16327 27178
16 16327 27179
16 16327 27180
16 16327 27181
16 16327 27182
16 16327 27183
16 16327 27184
16 16327 27185
16 16327 27186
16 16327 27187
16 16327 27188
16 16327 27189
16 16327 27190
16 16327 27191
16 16327 27192
16 16327 27193
16 16327 27194
16 16327 27195
16 16327 27196
16 16327 27197
16 16327 27198
16 16327 27199
16 16327 27200
16 16327 27201
16 16327 27202
16 16327 27203
16 16327 27204
16 16327 27205
16 16327 27206
16 16327 27207
16 16327 27208
16 16327 27209
16 16327 27210
16 16327 27211
16 16327 27212
16 16327 27213
16 16327 27214
16 16327 27215
16 16327 27216
16 16327 27217
16 16327 27218
16 16327 27219
16 16327 27220
16 16327 27221
16 16327 27222
16 16327 27223
16 16327 27224
16 16327 27225
16 16327 27226
16 16327 27227
16 16327 27228
16 16327 27229
16 16327 27230
16 16327 27231
16 16327 27232
16 16327 27233
16 16327 27234
16 16327 27235
16 16327 27236
16 16327 27237
16 16327 27238
16 16327 27239
16 16327 27240
16 16327 27241
16 16327 27242
16 16327 27243
16 16327 27244
16 16327 27245
16 16327 27246
16 16327 27247
16 16327 27248
16 16327 27249
16 16327 27250
16 16327 27251
16 16327 27252
16 16327 27253
16 16327 27254
16 16327 27255
16 16327 27256
16 16327 27257
16 16327 27258
16 16327 27259
16 16327 27260
16 16327 27261
16 16327 27262
16 16327 27263
16 16327 27264
16 16327 27265
16 16327 27266
16 16327 27267
16 16327 27268
16 16327 27269
16 16327 27270
16 16327 27271
16 16327 27272
16 16327 27273
16 16327 27274
16 16327 27275
16 16327 27276
16 16327 27277
16 16327 27278
16 16327 27279
16 16327 27280
16 16327 27281
16 16327 27282
16 16327 27283
16 16327 27284
16 16327 27285
16 16327 27286
16 16327 27287
16 16327 27288
16 16327 27289
16 16327 27290
16 16327 27291
16 16327 27292
16 16327 27293
16 16327 27294
16 16327 27295
16 16327 27296
16 16327 27297
16 16327 27298
16 16327 27299
16 16327 27300
16 16327 27301
16 16327 27302
16 16327 27303
16 16327 27304
16 16327 27305
16 16327 27306
16 16327 27307
16 16327 27308
16 16327 27309
16 16327 27310
16 16327 27311
16 16327 27312
16 16327 27313
16 16327 27314
16 16327 27315
16 16327 27316
16 16327 27317
16 16327 27318
16 16327 27319
16 16327 27320
16 16327 27321
16 16327 27322
16 16327 27323
16 16327 27324
16 16327 27325
16 16327 27326
16 16327 27327
16 16327 27328
16 16327 27329
16 16327 27330
16 16327 27331
16 16327 27332
16 16327 27333
16 16327 27334
16 16327 27335
16 16327 27336
16 16327 27337
16 16327 27338
16 16327 27339
16 16327 27340
16 16327 27341
16 16327 27342
16 16327 27343
16 16327 27344
16 16327 27345
16 16327 27346
16 16327 27347
16 16327 27348
16 16327 27349
16 16327 27350
16 16327 27351
16 16327 27352
16 16327 27353
16 16327 27354
16 16327 27355
16 16327 27356
16 16327 27357
16 16327 27358
16 16327 27359
16 16327 27360
16 16327 27361
16 16327 27362
16 16327 27363
16 16327 27364
16 16327 27365
16 16327 27366
16 16327 27367
16 16327 27368
16 16327 27369
16 16327 27370
16 16327 27371
16 16327 27372
16 16327 27373
16 16327 27374
16 16327 27375
16 16327 27376
16 16327 27377
16 16327 27378
16 16327 27379
16 16327 27380
16 16327 27381
16 16327 27382
16 16327 27383
16 16327 27384
16 16327 27385
16 16327 27386
16 16327 27387
16 16327 27388
16 16327 27389
16 16327 27390
16 16327 27391
16 16327 27392
16 16327 27393
16 16327 27394
16 16327 27395
16 16327 27396
16 16327 27397
16 16327 27398
16 16327 27399
16 16327 27400
16 16327 27401
16 16327 27402
16 16327 27403
16 16327 27404
16 16327 27405
16 16327 27406
16 16327 27407
16 16327 27408
16 16327 27409
16 16327 27410
16 16327 27411
16 16327 27412
16 16327 27413
16 16327 27414
16 16327 27415
16 16327 27416
16 16327 27417
16 16327 27418
16 16327 27419
16 16327 27420
16 16327 27421
16 16327 27422
16 16327 27423
16 16327 27424
16 16327 27425
16 16327 27426
16 16327 27427
16 16327 27428
16 16327 27429
16 16327 27430
16 16327 27431
16 16327 27432
16 16327 27433
16 16327 27434
16 16327 27435
16 16327 27436
16 16327 27437
16 16327 27438
16 16327 27439
16 16327 27440
16 16327 27441
16 16327 27442
16 16327 27443
16 16327 27444
16 16327 27445
16 16327 27446
16 16327 27447
16 16327 27448
16 16327 27449
16 16327 27450
16 16327 27451
16 16327 27452
16 16327 27453
16 16327 27454
16 16327 27455
16 16327 27456
16 16327 27457
16 16327 27458
16 16327 27459
16 16327 27460
16 16327 27461
16 16327 27462
16 16327 27463
16 16327 27464
16 16327 27465
16 16327 27466
16 16327 27467
16 16327 27468
16 16327 27469
16 16327 27470
16 16327 27471
16 16327 27472
16 16327 27473
16 16327 27474
16 16327 27475
16 16327 27476
16 16327 27477
16 16327 27478
16 16327 27479
16 16327 27480
16 16327 27481
16 16327 27482
16 16327 27483
16 16327 27484
16 16327 27485
16 16327 27486
16 16327 27487
16 16327 27488
16 16327 27489
16 16362 27044
16 16366 27034
16 16375 27137
16 16407 27120
16 16414 26974
16 16438 27009
16 16451 27002
16 16456 27156
16 16460 27067
16 16504 27240
16 16535 27195
16 16676 26959
16 16676 26964
16 16677 26958
16 16678 26954
16 16680 26956
16 16680 26957
16 16684 26958
16 16685 26956
16 16688 26990
16 16690 26958
16 16690 26960
16 16694 26956
16 16694 26960
16 16696 26957
16 16699 26968
17 32655 53908
18 65310 107817
3 1 3
3 2 3
4 3 6
4 3 6
4 4 6
4 4 6
5 7 13
5 7 13
5 8 13
5 8 13
8 38 88
8 38 88
8 39 88
8 39 88
8 39 89
8 39 89
8 39 90
8 39 90
8 40 87
8 40 87
8 40 88
8 40 88
8 40 89
8 40 89
8 40 90
8 40 90
8 40 91
8 40 91
8 40 92
8 40 92
8 41 88
8 41 88
8 41 89
8 41 89
8 41 90
8 41 90
8 41 91
8 41 91
8 41 92
8 41 92
8 42 88
8 42 88
8 42 89
8 42 89
8 42 90
8 42 90
8 42 91
8 42 91
8 42 92
8 42 92
8 43 89
8 43 89
8 43 90
8 43 90
8 43 91
8 43 91
8 43 92
8 43 92
8 44 90
8 44 90
8 44 91
8 44 91
8 64 104
8 65 104
9 128 209
9 129 209
9 130 209
9 84 182
9 84 182
9 85 180
9 85 180
9 85 181
9 85 181
9 85 182
9 85 182
9 86 180
9 86 180
9 86 181
9 86 181
9 86 182
9 86 182
