13 2240 3363
13 2240 3363
13 2241 3363
13 2241 3363
13 2242 3363
13 2242 3363
13 2243 3363
13 2243 3363
13 2244 3363
13 2244 3363
13 2245 3363
13 2245 3363
13 2246 3363
13 2246 3363
13 2247 3363
13 2247 3363
13 2248 3363
13 2248 3363
14 4481 6726
15 8962 13432
15 8962 13433
15 8962 13434
15 8962 13435
15 8962 13436
15 8962 13437
15 8962 13438
15 8962 13439
15 8962 13440
15 8962 13441
15 8962 13442
15 8962 13443
15 8962 13444
15 8962 13445
15 8962 13446
15 8962 13447
15 8962 13448
15 8962 13449
15 8962 13450
15 8962 13451
15 8962 13452
16 17925 26864
16 17925 26865
16 17925 26866
16 17925 26867
16 17925 26868
16 17925 26869
16 17925 26870
16 17925 26871
16 17925 26872
16 17925 26873
16 17925 26874
16 17925 26875
16 17925 26876
16 17925 26877
16 17925 26878
16 17925 26879
16 17925 26880
16 17925 26881
16 17925 26882
16 17925 26883
16 17925 26884
16 17925 26885
16 17925 26886
16 17925 26887
16 17925 26888
16 17925 26889
16 17925 26890
16 17925 26891
16 17925 26892
16 17925 26893
16 17925 26894
16 17925 26895
16 17925 26896
16 17925 26897
16 17925 26898
16 17925 26899
16 17925 26900
16 17925 26901
16 17925 26902
16 17925 26903
16 17925 26904
16 17925 26905
17 35851 53729
18 71702 107458
3 2 3
4 4 6
4 4 6
5 8 13
5 8 13
6 17 26
6 17 26
7 35 52
7 35 52
8 70 104
8 70 104
8 70 105
8 70 105
