10 310 373
10 310 373
10 310 374
10 310 374
10 310 375
10 310 375
10 310 379
10 310 379
10 310 380
10 310 380
10 311 372
10 311 372
10 311 373
10 311 373
10 311 374
10 311 374
10 311 375
10 311 375
10 311 380
10 311 380
10 312 372
10 312 372
10 312 373
10 312 373
10 312 374
10 312 374
10 312 375
10 312 375
10 313 374
10 313 374
10 314 374
10 314 374
11 622 745
11 622 745
11 622 746
11 622 746
11 622 747
11 622 747
11 622 748
11 622 748
11 622 749
11 622 749
11 622 750
11 622 750
11 623 745
11 623 745
11 623 746
11 623 746
11 623 747
11 623 747
11 623 748
11 623 748
11 623 749
11 623 749
11 623 750
11 623 750
11 624 745
11 624 745
11 624 746
11 624 746
11 624 747
11 624 747
11 624 748
11 624 748
11 624 749
11 624 749
11 624 750
11 624 750
11 625 745
11 625 745
11 625 746
11 625 746
11 625 747
11 625 747
11 625 748
11 625 748
11 625 749
11 625 749
11 625 750
11 625 750
11 626 748
11 626 748
11 626 749
11 626 749
11 626 750
11 626 750
11 627 748
11 627 748
11 627 749
11 627 749
11 627 750
11 627 750
11 628 747
11 628 747
11 628 748
11 628 748
11 628 749
11 628 749
11 628 750
11 628 750
11 629 745
11 629 745
11 629 746
11 629 746
11 629 747
11 629 747
11 629 748
11 629 748
11 629 749
11 629 749
11 629 750
11 629 750
12 1252 1488
12 1252 1488
12 1254 1495
12 1254 1495
12 1255 1495
12 1255 1495
12 1256 1494
12 1256 1494
12 1256 1495
12 1256 1495
12 1257 1494
12 1257 1494
12 1257 1495
12 1257 1495
12 656 1432
12 656 1432
13 2504 2976
13 2504 2976
13 2504 2977
13 2504 2978
13 2504 2979
13 2504 2980
13 2504 2981
13 2504 2982
13 2504 2983
13 2504 2984
13 2504 2985
13 2504 2986
13 2504 2987
13 2504 2988
13 2504 2989
13 2511 2988
13 2511 2988
13 2511 2989
13 2511 2989
13 2512 2988
13 2512 2988
13 2512 2989
13 2512 2989
13 2513 2988
13 2513 2988
13 2513 2989
13 2513 2989
14 5009 5952
14 5009 5953
14 5009 5954
14 5009 5955
14 5009 5956
14 5009 5957
14 5009 5958
14 5009 5959
14 5009 5960
14 5009 5961
14 5009 5962
14 5009 5963
14 5009 5964
14 5009 5965
14 5009 5966
14 5009 5967
14 5009 5968
14 5009 5969
14 5009 5970
14 5009 5971
14 5009 5972
14 5009 5973
14 5009 5974
14 5009 5975
14 5009 5976
14 5009 5977
14 5009 5978
14 5009 5979
14 5010 5979
14 5010 5979
14 5011 5979
14 5011 5979
14 5012 5979
14 5012 5979
14 5013 5979
14 5013 5979
14 5014 5979
14 5014 5979
14 5015 5979
14 5015 5979
14 5016 5979
14 5016 5979
14 5017 5979
14 5017 5979
14 5022 5976
14 5022 5976
14 5024 5976
14 5024 5976
14 5024 5977
14 5024 5977
14 5024 5978
14 5024 5978
14 5025 5976
14 5025 5976
14 5025 5977
14 5025 5977
14 5025 5978
14 5025 5978
14 5026 5976
14 5026 5976
14 5030 5968
14 5030 5968
14 5030 5969
14 5030 5969
14 5030 5970
14 5030 5970
14 5030 5971
14 5030 5971
14 5031 5968
14 5031 5968
14 5031 5969
14 5031 5969
14 5031 5970
14 5031 5970
14 5031 5971
14 5031 5971
14 5032 5970
14 5032 5970
15 10019 11904
15 10019 11905
15 10019 11906
15 10019 11907
15 10019 11908
15 10019 11909
15 10019 11910
15 10019 11911
15 10019 11912
15 10019 11913
15 10019 11914
15 10019 11915
15 10019 11916
15 10019 11917
15 10019 11918
15 10019 11919
15 10019 11920
15 10019 11921
15 10019 11922
15 10019 11923
15 10019 11924
15 10019 11925
15 10019 11926
15 10019 11927
15 10019 11928
15 10019 11929
15 10019 11930
15 10019 11931
15 10019 11932
15 10019 11933
15 10019 11934
15 10019 11935
15 10019 11936
15 10019 11937
15 10019 11938
15 10019 11939
15 10019 11940
15 10019 11941
15 10019 11942
15 10019 11943
15 10019 11944
15 10019 11945
15 10019 11946
15 10019 11947
15 10019 11948
15 10019 11949
15 10019 11950
15 10019 11951
15 10019 11952
15 10019 11953
15 10019 11954
15 10019 11955
15 10019 11956
15 10019 11957
15 10019 11958
15 10019 11959
16 20039 23809
16 20039 23810
16 20039 23811
16 20039 23812
16 20039 23813
16 20039 23814
16 20039 23815
16 20039 23816
16 20039 23817
16 20039 23818
16 20039 23819
16 20039 23820
16 20039 23821
16 20039 23822
16 20039 23823
16 20039 23824
16 20039 23825
16 20039 23826
16 20039 23827
16 20039 23828
16 20039 23829
16 20039 23830
16 20039 23831
16 20039 23832
16 20039 23833
16 20039 23834
16 20039 23835
16 20039 23836
16 20039 23837
16 20039 23838
16 20039 23839
16 20039 23840
16 20039 23841
16 20039 23842
16 20039 23843
16 20039 23844
16 20039 23845
16 20039 23846
16 20039 23847
16 20039 23848
16 20039 23849
16 20039 23850
16 20039 23851
16 20039 23852
16 20039 23853
16 20039 23854
16 20039 23855
16 20039 23856
16 20039 23857
16 20039 23858
16 20039 23859
16 20039 23860
16 20039 23861
16 20039 23862
16 20039 23863
16 20039 23864
16 20039 23865
16 20039 23866
16 20039 23867
16 20039 23868
16 20039 23869
16 20039 23870
16 20039 23871
16 20039 23872
16 20039 23873
16 20039 23874
16 20039 23875
16 20039 23876
16 20039 23877
16 20039 23878
16 20039 23879
16 20039 23880
16 20039 23881
16 20039 23882
16 20039 23883
16 20039 23884
16 20039 23885
16 20039 23886
16 20039 23887
16 20039 23888
16 20039 23889
16 20039 23890
16 20039 23891
16 20039 23892
16 20039 23893
16 20039 23894
16 20039 23895
16 20039 23896
16 20039 23897
16 20039 23898
16 20039 23899
16 20039 23900
16 20039 23901
16 20039 23902
16 20039 23903
16 20039 23904
16 20039 23905
16 20039 23906
16 20039 23907
16 20039 23908
16 20039 23909
16 20039 23910
16 20039 23911
16 20039 23912
16 20039 23913
16 20039 23914
16 20039 23915
16 20039 23916
16 20039 23917
16 20039 23918
17 40079 47618
18 80158 95236
3 2 2
4 4 5
4 4 5
5 9 11
5 9 11
6 19 23
6 19 23
7 39 46
7 39 46
