13 2350 3242
13 2350 3242
13 2351 3242
13 2351 3242
13 2352 3242
13 2352 3242
13 2353 3242
13 2353 3242
13 2354 3242
13 2354 3242
13 2355 3242
13 2355 3242
13 2356 3242
13 2356 3242
13 2357 3242
13 2357 3242
13 2358 3242
13 2358 3242
13 2359 3242
13 2359 3242
13 2360 3242
13 2360 3242
13 2361 3242
13 2361 3242
13 2362 3242
13 2362 3242
13 2363 3242
13 2363 3242
13 2364 3242
13 2364 3242
13 2365 3242
13 2365 3242
13 2366 3242
13 2366 3242
13 2367 3242
13 2367 3242
13 2367 3243
13 2367 3243
13 2367 3244
13 2367 3244
13 2367 3245
13 2367 3245
13 2367 3246
13 2367 3246
13 2367 3247
13 2367 3247
13 2367 3248
13 2367 3248
13 2367 3249
13 2367 3249
13 2367 3250
13 2367 3250
13 2367 3251
13 2367 3251
13 2367 3252
13 2367 3252
13 2367 3253
13 2367 3253
13 2367 3254
13 2367 3254
13 2367 3255
13 2367 3255
13 2367 3256
13 2367 3256
13 2367 3257
13 2367 3257
13 2367 3258
13 2367 3258
13 2367 3259
13 2367 3259
13 2367 3260
13 2367 3260
13 2367 3261
13 2367 3261
13 2367 3262
13 2367 3262
13 2367 3263
13 2367 3263
13 2367 3264
13 2367 3264
14 4700 6485
15 9400 12971
15 9421 13009
16 18801 25943
16 18843 26019
17 37602 51887
18 75205 103774
3 2 3
4 4 6
4 4 6
5 9 12
5 9 12
6 18 25
6 18 25
14 4700 6486
14 4734 6487
14 4734 6488
14 4734 6489
14 4700 6490
14 4700 6491
14 4700 6492
14 4700 6493
14 4700 6494
14 4700 6495
14 4700 6496
14 4700 6497
14 4700 6498
14 4700 6499
14 4700 6500
14 4700 6501
14 4700 6502
14 4700 6503
14 4700 6504
14 4700 6505
14 4700 6506
14 4700 6507
14 4700 6508
14 4700 6509
14 4700 6510
14 4700 6511
14 4700 6512
14 4700 6513
14 4700 6514
14 4700 6515
14 4700 6516
14 4700 6517
14 4700 6518
14 4700 6519
14 4700 6520
14 4700 6521
14 4700 6522
14 4700 6523
14 4700 6524
14 4700 6525
14 4700 6526
14 4700 6527
14 4700 6528
14 4700 6529
15 9400 12972
15 9400 12973
15 9400 12974
15 9400 12975
15 9400 12976
15 9400 12977
15 9400 12978
15 9400 12979
15 9400 12980
15 9400 12981
15 9400 12982
15 9400 12983
15 9400 12984
15 9400 12985
15 9400 12986
15 9400 12987
15 9400 12988
15 9400 12989
15 9400 12990
15 9400 12991
15 9400 12992
15 9400 12993
15 9400 12994
15 9400 12995
15 9400 12996
15 9400 12997
15 9400 12998
15 9400 12999
15 9400 13000
15 9400 13001
15 9400 13002
15 9400 13003
15 9400 13004
15 9400 13005
15 9400 13006
15 9400 13007
15 9400 13008
15 9400 13009
15 9400 13010
15 9400 13011
15 9400 13012
15 9400 13013
15 9400 13014
15 9400 13015
15 9400 13016
15 9400 13017
15 9400 13018
15 9400 13019
15 9400 13020
15 9400 13021
15 9400 13022
15 9400 13023
15 9400 13024
15 9400 13025
15 9400 13026
15 9400 13027
15 9400 13028
15 9400 13029
15 9400 13030
15 9400 13031
15 9400 13032
15 9400 13033
15 9400 13034
15 9400 13035
15 9400 13036
15 9400 13037
15 9400 13038
15 9400 13039
15 9400 13040
15 9400 13041
15 9400 13042
15 9400 13043
15 9400 13044
15 9400 13045
15 9400 13046
15 9400 13047
15 9400 13048
15 9400 13049
15 9400 13050
15 9400 13051
15 9400 13052
15 9400 13053
15 9400 13054
15 9400 13055
15 9400 13056
15 9400 13057
15 9400 13058
15 9400 13059
