11 484 846
11 484 846
12 968 1693
12 968 1693
12 968 1694
12 968 1694
12 968 1695
12 968 1695
12 968 1696
12 968 1696
12 968 1697
12 968 1697
12 968 1698
12 968 1698
12 968 1699
12 968 1699
12 969 1693
12 969 1693
12 969 1694
12 969 1694
12 969 1695
12 969 1695
12 970 1693
12 970 1693
12 970 1694
12 970 1694
12 970 1695
12 970 1695
12 970 1699
12 970 1699
12 971 1693
12 971 1693
12 971 1694
12 971 1694
12 971 1699
12 971 1699
12 972 1693
12 972 1693
12 972 1698
12 972 1698
12 972 1699
12 972 1699
12 973 1693
12 973 1693
12 973 1697
12 973 1697
12 973 1698
12 973 1698
12 973 1699
12 973 1699
12 974 1697
12 974 1697
12 974 1698
12 974 1698
12 974 1699
12 974 1699
12 975 1693
12 975 1693
12 975 1696
12 975 1696
12 975 1697
12 975 1697
12 975 1698
12 975 1698
12 975 1699
12 975 1699
13 1936 3386
13 1936 3386
13 1936 3387
13 1936 3387
13 1936 3388
13 1936 3388
13 1936 3389
13 1936 3389
13 1936 3390
13 1936 3390
13 1936 3391
13 1936 3391
13 1936 3392
13 1936 3392
13 1936 3393
13 1936 3393
13 1936 3394
13 1936 3394
13 1936 3395
13 1936 3395
13 1936 3396
13 1936 3396
13 1936 3397
13 1936 3397
13 1936 3398
13 1936 3398
13 1937 3386
13 1937 3386
13 1937 3387
13 1937 3387
13 1937 3388
13 1937 3388
13 1937 3389
13 1937 3389
13 1937 3390
13 1937 3390
13 1937 3391
13 1937 3391
13 1937 3392
13 1937 3392
13 1937 3393
13 1937 3393
13 1937 3394
13 1937 3394
13 1937 3395
13 1937 3395
13 1937 3396
13 1937 3396
13 1937 3397
13 1937 3397
13 1937 3398
13 1937 3398
13 1938 3386
13 1938 3386
13 1938 3387
13 1938 3387
13 1938 3388
13 1938 3388
13 1938 3389
13 1938 3389
13 1938 3390
13 1938 3390
13 1938 3391
13 1938 3391
13 1938 3392
13 1938 3392
13 1938 3393
13 1938 3393
13 1938 3398
13 1938 3398
13 1939 3386
13 1939 3386
13 1939 3387
13 1939 3387
13 1939 3388
13 1939 3388
13 1939 3389
13 1939 3389
13 1939 3390
13 1939 3390
13 1939 3391
13 1939 3391
13 1939 3392
13 1939 3392
13 1940 3386
13 1940 3386
13 1940 3387
13 1940 3387
13 1940 3388
13 1940 3388
13 1940 3389
13 1940 3389
13 1940 3390
13 1940 3390
13 1940 3391
13 1940 3391
13 1940 3398
13 1940 3398
13 1941 3386
13 1941 3386
13 1941 3387
13 1941 3387
13 1941 3388
13 1941 3388
13 1941 3389
13 1941 3389
13 1941 3390
13 1941 3390
13 1941 3391
13 1941 3391
13 1941 3397
13 1941 3397
13 1941 3398
13 1941 3398
13 1942 3386
13 1942 3386
13 1942 3387
13 1942 3387
13 1942 3388
13 1942 3388
13 1942 3389
13 1942 3389
13 1942 3390
13 1942 3390
13 1942 3397
13 1942 3397
13 1942 3398
13 1942 3398
13 1943 3386
13 1943 3386
13 1943 3387
13 1943 3387
13 1943 3388
13 1943 3388
13 1943 3389
13 1943 3389
13 1943 3396
13 1943 3396
13 1943 3397
13 1943 3397
13 1943 3398
13 1943 3398
13 1944 3386
13 1944 3386
13 1944 3387
13 1944 3387
13 1944 3388
13 1944 3388
13 1944 3389
13 1944 3389
13 1944 3395
13 1944 3395
13 1944 3396
13 1944 3396
13 1944 3397
13 1944 3397
13 1944 3398
13 1944 3398
13 1945 3386
13 1945 3386
13 1945 3387
13 1945 3387
13 1945 3388
13 1945 3388
13 1945 3395
13 1945 3395
13 1945 3396
13 1945 3396
13 1945 3397
13 1945 3397
13 1945 3398
13 1945 3398
13 1946 3386
13 1946 3386
13 1946 3387
13 1946 3387
13 1946 3394
13 1946 3394
13 1946 3395
13 1946 3395
13 1946 3396
13 1946 3396
13 1946 3397
13 1946 3397
13 1946 3398
13 1946 3398
13 1947 3386
13 1947 3386
13 1947 3387
13 1947 3387
13 1947 3393
13 1947 3393
13 1947 3394
13 1947 3394
13 1947 3395
13 1947 3395
13 1947 3396
13 1947 3396
13 1947 3397
13 1947 3397
13 1947 3398
13 1947 3398
13 1948 3386
13 1948 3386
13 1948 3393
13 1948 3393
13 1948 3394
13 1948 3394
13 1948 3395
13 1948 3395
13 1948 3396
13 1948 3396
13 1948 3397
13 1948 3397
13 1948 3398
13 1948 3398
13 1949 3386
13 1949 3386
13 1949 3392
13 1949 3392
13 1949 3393
13 1949 3393
13 1949 3394
13 1949 3394
13 1949 3395
13 1949 3395
13 1949 3396
13 1949 3396
13 1949 3397
13 1949 3397
13 1949 3398
13 1949 3398
13 1950 3386
13 1950 3386
13 1950 3387
13 1950 3387
13 1950 3388
13 1950 3388
13 1950 3392
13 1950 3392
13 1950 3393
13 1950 3393
13 1950 3394
13 1950 3394
13 1950 3395
13 1950 3395
13 1950 3396
13 1950 3396
13 1950 3397
13 1950 3397
13 1950 3398
13 1950 3398
14 3873 6773
14 3873 6774
14 3873 6775
14 3873 6776
14 3873 6777
14 3873 6778
14 3873 6779
14 3873 6780
14 3873 6781
14 3873 6782
14 3873 6783
14 3873 6784
14 3873 6785
14 3873 6786
14 3873 6787
14 3873 6788
14 3873 6789
14 3873 6790
14 3873 6791
14 3873 6792
14 3873 6793
14 3873 6794
14 3873 6795
14 3873 6796
15 7746 13546
15 7746 13547
15 7746 13548
15 7746 13549
15 7746 13550
15 7746 13551
15 7746 13552
15 7746 13553
15 7746 13554
15 7746 13555
15 7746 13556
15 7746 13557
15 7746 13558
15 7746 13559
15 7746 13560
15 7746 13561
15 7746 13562
15 7746 13563
15 7746 13564
15 7746 13565
15 7746 13566
15 7746 13567
15 7746 13568
15 7746 13569
15 7746 13570
15 7746 13571
15 7746 13572
15 7746 13573
15 7746 13574
15 7746 13575
15 7746 13576
15 7746 13577
15 7746 13578
15 7746 13579
15 7746 13580
15 7746 13581
15 7746 13582
15 7746 13583
15 7746 13584
15 7746 13585
15 7746 13586
15 7746 13587
15 7746 13588
15 7746 13589
15 7746 13590
15 7746 13591
15 7746 13592
16 15492 27092
16 15492 27093
16 15492 27094
16 15492 27095
16 15492 27096
16 15492 27097
16 15492 27098
16 15492 27099
16 15492 27100
16 15492 27101
16 15492 27102
16 15492 27103
16 15492 27104
16 15492 27105
16 15492 27106
16 15492 27107
16 15492 27108
16 15492 27109
16 15492 27110
16 15492 27111
16 15492 27112
16 15492 27113
16 15492 27114
16 15492 27115
16 15492 27116
16 15492 27117
16 15492 27118
16 15492 27119
16 15492 27120
16 15492 27121
16 15492 27122
16 15492 27123
16 15492 27124
16 15492 27125
16 15492 27126
16 15492 27127
16 15492 27128
16 15492 27129
16 15492 27130
16 15492 27131
16 15492 27132
16 15492 27133
16 15492 27134
16 15492 27135
16 15492 27136
16 15492 27137
16 15492 27138
16 15492 27139
16 15492 27140
16 15492 27141
16 15492 27142
16 15492 27143
16 15492 27144
16 15492 27145
16 15492 27146
16 15492 27147
16 15492 27148
16 15492 27149
16 15492 27150
16 15492 27151
16 15492 27152
16 15492 27153
16 15492 27154
16 15492 27155
16 15492 27156
16 15492 27157
16 15492 27158
16 15492 27159
16 15492 27160
16 15492 27161
16 15492 27162
16 15492 27163
16 15492 27164
16 15492 27165
16 15492 27166
16 15492 27167
16 15492 27168
16 15492 27169
16 15492 27170
16 15492 27171
16 15492 27172
16 15492 27173
16 15492 27174
16 15492 27175
16 15492 27176
16 15492 27177
16 15492 27178
16 15492 27179
16 15492 27180
16 15492 27181
16 15492 27182
16 15492 27183
16 15492 27184
16 15492 27185
17 30984 54184
17 30984 54185
17 30984 54186
17 30984 54187
17 30984 54188
17 30984 54189
17 30984 54190
17 30984 54191
17 30984 54192
17 30984 54193
17 30984 54194
17 30984 54195
17 30984 54196
17 30984 54197
17 30984 54198
17 30984 54199
17 30984 54200
17 30984 54201
17 30984 54202
17 30984 54203
17 30984 54204
17 30984 54205
17 30984 54206
17 30984 54207
17 30984 54208
17 30984 54209
17 30984 54210
17 30984 54211
17 30984 54212
17 30984 54213
17 30984 54214
17 30984 54215
17 30984 54216
17 30984 54217
17 30984 54218
17 30984 54219
17 30984 54220
17 30984 54221
17 30984 54222
17 30984 54223
17 30984 54224
17 30984 54225
17 30984 54226
17 30984 54227
17 30984 54228
17 30984 54229
17 30984 54230
17 30984 54231
17 30984 54232
17 30984 54233
17 30984 54234
17 30984 54235
17 30984 54236
17 30984 54237
17 30984 54238
17 30984 54239
17 30984 54240
17 30984 54241
17 30984 54242
17 30984 54243
17 30984 54244
17 30984 54245
17 30984 54246
17 30984 54247
17 30984 54248
17 30984 54249
17 30984 54250
17 30984 54251
17 30984 54252
17 30984 54253
17 30984 54254
17 30984 54255
17 30984 54256
17 30984 54257
17 30984 54258
17 30984 54259
17 30984 54260
17 30984 54261
17 30984 54262
17 30984 54263
17 30984 54264
17 30984 54265
17 30984 54266
17 30984 54267
17 30984 54268
17 30984 54269
17 30984 54270
17 30984 54271
17 30984 54272
17 30984 54273
17 30984 54274
17 30984 54275
17 30984 54276
17 30984 54277
17 30984 54278
17 30984 54279
17 30984 54280
17 30984 54281
17 30984 54282
17 30984 54283
17 30984 54284
17 30984 54285
17 30984 54286
17 30984 54287
17 30984 54288
17 30984 54289
17 30984 54290
17 30984 54291
17 30984 54292
17 30984 54293
17 30984 54294
17 30984 54295
17 30984 54296
17 30984 54297
17 30984 54298
17 30984 54299
17 30984 54300
17 30984 54301
17 30984 54302
17 30984 54303
17 30984 54304
17 30984 54305
17 30984 54306
17 30984 54307
17 30984 54308
17 30984 54309
17 30984 54310
17 30984 54311
17 30984 54312
17 30984 54313
17 30984 54314
17 30984 54315
17 30984 54316
17 30984 54317
17 30984 54318
17 30984 54319
17 30984 54320
17 30984 54321
17 30984 54322
17 30984 54323
17 30984 54324
17 30984 54325
17 30984 54326
17 30984 54327
17 30984 54328
17 30984 54329
17 30984 54330
17 30984 54331
17 30984 54332
17 30984 54333
17 30984 54334
17 30984 54335
17 30984 54336
17 30984 54337
17 30984 54338
17 30984 54339
17 30984 54340
17 30984 54341
17 30984 54342
17 30984 54343
17 30984 54344
17 30984 54345
17 30984 54346
17 30984 54347
17 30984 54348
17 30984 54349
17 30984 54350
17 30984 54351
17 30984 54352
17 30984 54353
17 30984 54354
17 30984 54355
17 30984 54356
17 30984 54357
17 30984 54358
17 30984 54359
17 30984 54360
17 30984 54361
17 30984 54362
17 30984 54363
17 30984 54364
17 30984 54365
17 30984 54366
17 30984 54367
17 30984 54368
17 30984 54369
17 30984 54370
18 61968 108368
3 1 3
4 3 6
4 3 6
5 7 13
5 7 13
6 15 26
6 15 26
7 30 52
7 30 52
7 30 53
7 30 53
8 60 105
8 60 105
8 60 106
8 60 106
