13 2002 3363
13 2002 3364
13 2002 3365
13 2002 3366
13 2002 3367
13 2002 3368
13 2002 3369
13 2002 3370
13 2002 3371
13 2002 3372
13 2002 3373
13 2002 3374
13 2002 3375
13 2002 3376
13 2002 3377
13 2002 3378
13 2002 3379
13 2002 3380
13 2002 3381
13 2002 3382
13 2002 3383
13 2003 3363
13 2003 3364
13 2003 3365
13 2003 3366
13 2003 3367
13 2003 3368
13 2003 3369
13 2003 3370
13 2003 3371
13 2003 3372
13 2003 3373
13 2003 3374
13 2003 3375
13 2003 3376
13 2003 3377
13 2003 3378
13 2003 3379
13 2003 3380
13 2003 3381
13 2003 3382
13 2003 3383
13 2004 3363
13 2004 3364
13 2004 3365
13 2004 3366
13 2004 3367
13 2004 3368
13 2004 3369
13 2004 3370
13 2004 3371
13 2004 3372
13 2004 3373
13 2004 3374
13 2004 3375
13 2004 3376
13 2004 3377
13 2004 3378
13 2004 3379
13 2004 3380
13 2004 3381
13 2004 3382
13 2004 3383
13 2005 3363
13 2005 3364
13 2005 3365
13 2005 3366
13 2005 3367
13 2005 3368
13 2005 3369
13 2005 3370
13 2005 3371
13 2005 3372
13 2005 3373
13 2005 3374
13 2005 3375
13 2005 3376
13 2005 3377
13 2005 3378
13 2005 3379
13 2005 3380
13 2005 3381
13 2005 3382
13 2005 3383
13 2006 3363
13 2006 3364
13 2006 3365
13 2006 3366
13 2006 3367
13 2006 3372
13 2006 3373
13 2006 3374
13 2006 3375
13 2006 3376
13 2006 3377
13 2006 3378
13 2006 3379
13 2006 3380
13 2006 3381
13 2006 3382
13 2006 3383
13 2007 3363
13 2007 3364
13 2007 3374
13 2007 3375
13 2007 3376
13 2007 3377
13 2007 3378
13 2007 3379
13 2007 3380
13 2007 3381
13 2007 3382
13 2007 3383
13 2008 3363
13 2008 3376
13 2008 3377
13 2008 3378
13 2008 3379
13 2008 3380
13 2008 3381
13 2008 3382
13 2008 3383
13 2009 3363
13 2009 3364
13 2009 3378
13 2009 3379
13 2009 3380
13 2009 3381
13 2009 3382
13 2009 3383
13 2010 3363
13 2010 3364
13 2010 3365
13 2010 3366
13 2010 3382
13 2010 3383
13 2011 3363
13 2011 3364
13 2011 3365
13 2011 3366
13 2011 3367
13 2011 3368
13 2011 3383
13 2012 3363
13 2012 3364
13 2012 3365
13 2012 3366
13 2012 3367
13 2012 3368
13 2012 3369
13 2012 3370
13 2012 3383
13 2013 3363
13 2013 3364
13 2013 3365
13 2013 3366
13 2013 3367
13 2013 3368
13 2013 3369
13 2013 3370
13 2013 3371
13 2013 3372
13 2013 3383
13 2014 3363
13 2014 3364
13 2014 3365
13 2014 3366
13 2014 3367
13 2014 3368
13 2014 3369
13 2014 3370
13 2014 3371
13 2014 3372
13 2014 3373
13 2014 3374
13 2014 3382
13 2014 3383
13 2015 3363
13 2015 3364
13 2015 3365
13 2015 3366
13 2015 3367
13 2015 3368
13 2015 3369
13 2015 3370
13 2015 3371
13 2015 3372
13 2015 3373
13 2015 3374
13 2015 3375
13 2015 3376
13 2015 3382
13 2015 3383
13 2016 3363
13 2016 3364
13 2016 3365
13 2016 3366
13 2016 3367
13 2016 3368
13 2016 3369
13 2016 3370
13 2016 3371
13 2016 3372
13 2016 3373
13 2016 3374
13 2016 3375
13 2016 3376
13 2016 3377
13 2016 3378
13 2016 3381
13 2016 3382
13 2016 3383
13 2017 3363
13 2017 3364
13 2017 3365
13 2017 3366
13 2017 3367
13 2017 3368
13 2017 3369
13 2017 3370
13 2017 3371
13 2017 3372
13 2017 3373
13 2017 3374
13 2017 3375
13 2017 3376
13 2017 3377
13 2017 3378
13 2017 3379
13 2017 3380
13 2017 3381
13 2017 3382
13 2017 3383
13 2018 3363
13 2018 3364
13 2018 3365
13 2018 3366
13 2018 3367
13 2018 3368
13 2018 3369
13 2018 3370
13 2018 3371
13 2018 3372
13 2018 3373
13 2018 3374
13 2018 3375
13 2018 3376
13 2018 3377
13 2018 3378
13 2018 3379
13 2018 3380
13 2018 3381
13 2018 3382
13 2018 3383
