10 310 369
10 310 369
10 310 370
10 310 370
10 310 371
10 310 371
10 311 369
10 311 369
10 311 370
10 311 370
10 311 371
10 311 371
10 314 371
10 314 371
10 315 371
10 315 371
11 622 746
11 622 747
11 622 748
12 656 1432
12 656 1432
14 2621 5725
14 2621 5726
14 2621 5727
14 2622 5725
14 2622 5726
14 2622 5727
14 4990 5952
14 4990 5953
14 4990 5954
14 4990 5955
14 4990 5956
14 4990 5957
14 4990 5958
14 4990 5959
14 4990 5960
14 4990 5961
14 4990 5962
14 4990 5963
14 4990 5964
14 4990 5965
14 4990 5966
14 4990 5967
14 4990 5968
14 4990 5969
14 4990 5970
14 4990 5971
14 4990 5972
14 4990 5973
14 4990 5974
14 4990 5975
14 4990 5976
14 4990 5977
14 4990 5978
14 4990 5979
14 4990 5980
14 4990 5981
14 4990 5982
14 4990 5983
14 4990 5984
14 4990 5985
14 4990 5986
14 4990 5987
14 4990 5988
14 4990 5989
14 4990 5990
14 4990 5991
15 10021 11948
15 10021 11948
15 10021 11949
15 10021 11949
15 10021 11950
15 10021 11950
15 10021 11951
15 10021 11951
15 10022 11948
15 10022 11948
15 10022 11949
15 10022 11949
15 10022 11950
15 10022 11950
15 10022 11951
15 10022 11951
15 10023 11948
15 10023 11948
15 10023 11949
15 10023 11949
15 10023 11950
15 10023 11950
15 10072 11924
15 10072 11925
15 10072 11926
15 10072 11927
15 10073 11924
15 10073 11925
15 10073 11926
15 10073 11927
15 10074 11924
15 10074 11925
15 10074 11926
15 10074 11927
15 10075 11924
15 10075 11925
15 10075 11926
15 10075 11927
15 9981 11904
15 9981 11905
15 9981 11906
15 9981 11907
15 9981 11908
15 9981 11909
15 9981 11910
15 9981 11911
15 9981 11912
15 9981 11913
15 9981 11914
15 9981 11915
15 9981 11916
15 9981 11917
15 9981 11918
15 9981 11919
15 9981 11920
15 9981 11921
15 9981 11922
15 9981 11923
15 9981 11924
15 9981 11925
15 9981 11926
15 9981 11927
15 9981 11928
15 9981 11929
15 9981 11930
15 9981 11931
15 9981 11932
15 9981 11933
15 9981 11934
15 9981 11935
15 9981 11936
15 9981 11937
15 9981 11938
15 9981 11939
15 9981 11940
15 9981 11941
15 9981 11942
15 9981 11943
15 9981 11944
15 9981 11945
15 9981 11946
15 9981 11947
15 9981 11948
15 9981 11949
15 9981 11950
15 9981 11951
15 9981 11952
15 9981 11953
15 9981 11954
15 9981 11955
15 9981 11956
15 9981 11957
15 9981 11958
15 9981 11959
15 9981 11960
15 9981 11961
15 9981 11962
15 9981 11963
15 9981 11964
15 9981 11965
15 9981 11966
15 9981 11967
15 9981 11968
15 9981 11969
15 9981 11970
15 9981 11971
15 9981 11972
15 9981 11973
15 9981 11974
15 9981 11975
15 9981 11976
15 9981 11977
15 9981 11978
15 9981 11979
15 9981 11980
15 9981 11981
15 9981 11982
15 9981 11983
16 19962 23808
16 19962 23809
16 19962 23810
16 19962 23811
16 19962 23812
16 19962 23813
16 19962 23814
16 19962 23815
16 19962 23816
16 19962 23817
16 19962 23818
16 19962 23819
16 19962 23820
16 19962 23821
16 19962 23822
16 19962 23823
16 19962 23824
16 19962 23825
16 19962 23826
16 19962 23827
16 19962 23828
16 19962 23829
16 19962 23830
16 19962 23831
16 19962 23832
16 19962 23833
16 19962 23834
16 19962 23835
16 19962 23836
16 19962 23837
16 19962 23838
16 19962 23839
16 19962 23840
16 19962 23841
16 19962 23842
16 19962 23843
16 19962 23844
16 19962 23845
16 19962 23846
16 19962 23847
16 19962 23848
16 19962 23849
16 19962 23850
16 19962 23851
16 19962 23852
16 19962 23853
16 19962 23854
16 19962 23855
16 19962 23856
16 19962 23857
16 19962 23858
16 19962 23859
16 19962 23860
16 19962 23861
16 19962 23862
16 19962 23863
16 19962 23864
16 19962 23865
16 19962 23866
16 19962 23867
16 19962 23868
16 19962 23869
16 19962 23870
16 19962 23871
16 19962 23872
16 19962 23873
16 19962 23874
16 19962 23875
16 19962 23876
16 19962 23877
16 19962 23878
16 19962 23879
16 19962 23880
16 19962 23881
16 19962 23882
16 19962 23883
16 19962 23884
16 19962 23885
16 19962 23886
16 19962 23887
16 19962 23888
16 19962 23889
16 19962 23890
16 19962 23891
16 19962 23892
16 19962 23893
16 19962 23894
16 19962 23895
16 19962 23896
16 19962 23897
16 19962 23898
16 19962 23899
16 19962 23900
16 19962 23901
16 19962 23902
16 19962 23903
16 19962 23904
16 19962 23905
16 19962 23906
16 19962 23907
16 19962 23908
16 19962 23909
16 19962 23910
16 19962 23911
16 19962 23912
16 19962 23913
16 19962 23914
16 19962 23915
16 19962 23916
16 19962 23917
16 19962 23918
16 19962 23919
16 19962 23920
16 19962 23921
16 19962 23922
16 19962 23923
16 19962 23924
16 19962 23925
16 19962 23926
16 19962 23927
16 19962 23928
16 19962 23929
16 19962 23930
16 19962 23931
16 19962 23932
16 19962 23933
16 19962 23934
16 19962 23935
16 19962 23936
16 19962 23937
16 19962 23938
16 19962 23939
16 19962 23940
16 19962 23941
16 19962 23942
16 19962 23943
16 19962 23944
16 19962 23945
16 19962 23946
16 19962 23947
16 19962 23948
16 19962 23949
16 19962 23950
16 19962 23951
16 19962 23952
16 19962 23953
16 19962 23954
16 19962 23955
16 19962 23956
16 19962 23957
16 19962 23958
16 19962 23959
16 19962 23960
16 19962 23961
16 19962 23962
16 19962 23963
16 19962 23964
16 19962 23965
16 19962 23966
16 20147 23849
16 20147 23850
16 20147 23851
16 20147 23852
16 20148 23849
16 20148 23850
16 20148 23851
16 20148 23852
16 20149 23849
16 20149 23850
16 20149 23851
16 20149 23852
16 20150 23849
16 20150 23850
16 20150 23851
16 20150 23852
17 39925 47617
18 79851 95235
3 2 2
4 4 5
4 4 5
5 9 11
5 9 11
6 19 23
6 19 23
