13 2028 3393
13 2028 3394
13 2028 3395
13 2028 3396
13 2028 3417
13 2029 3393
13 2029 3394
13 2029 3395
13 2029 3396
13 2029 3417
13 2030 3393
13 2030 3394
13 2030 3395
13 2030 3396
13 2030 3417
13 2031 3393
13 2031 3394
13 2031 3395
13 2031 3396
13 2031 3417
13 2032 3393
13 2032 3394
13 2032 3395
13 2032 3396
13 2032 3417
13 2033 3393
13 2033 3394
13 2033 3395
13 2033 3396
13 2033 3417
13 2034 3393
13 2034 3394
13 2034 3395
13 2034 3396
13 2034 3417
13 2035 3393
13 2035 3394
13 2035 3395
13 2035 3396
13 2035 3417
13 2036 3393
13 2036 3394
13 2036 3395
13 2036 3396
13 2036 3417
13 2037 3393
13 2037 3394
13 2037 3395
13 2037 3396
13 2037 3417
13 2038 3393
13 2038 3394
13 2038 3395
13 2038 3396
13 2038 3417
13 2039 3393
13 2039 3394
13 2039 3395
13 2039 3396
13 2039 3417
13 2040 3393
13 2040 3394
13 2040 3395
13 2040 3396
13 2040 3417
13 2041 3393
13 2041 3394
13 2041 3395
13 2041 3396
13 2041 3417
13 2042 3393
13 2042 3394
13 2042 3395
13 2042 3396
13 2042 3417
13 2043 3393
13 2043 3394
13 2043 3395
13 2043 3396
13 2043 3417
13 2044 3393
13 2044 3394
13 2044 3395
13 2044 3396
13 2044 3397
13 2044 3398
13 2044 3399
13 2044 3400
13 2044 3401
13 2044 3402
13 2044 3403
13 2044 3404
13 2044 3405
13 2044 3406
13 2044 3407
13 2044 3408
13 2044 3409
13 2044 3410
13 2044 3411
13 2044 3412
13 2044 3413
13 2044 3414
13 2044 3415
13 2044 3416
13 2044 3417
