11 567 859
12 1132 1720
12 1132 1720
12 1132 1721
12 1132 1721
12 1132 1722
12 1132 1722
12 1132 1723
12 1132 1723
12 1133 1723
12 1133 1723
12 1134 1718
12 1134 1718
12 1134 1719
12 1134 1719
12 1135 1718
12 1135 1718
12 1135 1719
12 1135 1719
12 1135 1720
12 1135 1720
12 1135 1721
12 1135 1721
12 1135 1722
12 1135 1722
13 2265 3440
13 2265 3440
13 2265 3441
13 2265 3441
13 2265 3442
13 2265 3442
13 2265 3443
13 2265 3443
13 2265 3444
13 2265 3444
13 2265 3445
13 2265 3445
13 2265 3446
13 2265 3446
13 2265 3447
13 2265 3447
13 2266 3443
13 2266 3443
13 2266 3444
13 2266 3444
13 2266 3445
13 2266 3445
13 2266 3446
13 2266 3446
13 2266 3447
13 2266 3447
13 2267 3446
13 2267 3446
13 2267 3447
13 2267 3447
13 2268 3437
13 2268 3437
13 2268 3438
13 2268 3438
13 2268 3439
13 2268 3439
13 2269 3437
13 2269 3437
13 2269 3438
13 2269 3438
13 2269 3439
13 2269 3439
13 2269 3440
13 2269 3440
13 2269 3441
13 2269 3441
13 2269 3442
13 2269 3442
13 2270 3437
13 2270 3437
13 2270 3438
13 2270 3438
13 2270 3439
13 2270 3439
13 2270 3440
13 2270 3440
13 2270 3441
13 2270 3441
13 2270 3442
13 2270 3442
13 2270 3443
13 2270 3443
13 2270 3444
13 2270 3444
13 2270 3445
13 2270 3445
14 4530 6874
14 4530 6876
14 4530 6877
14 4530 6878
14 4530 6879
14 4530 6880
14 4530 6881
14 4530 6882
14 4530 6883
14 4530 6884
14 4530 6885
14 4530 6886
14 4530 6887
14 4530 6888
14 4530 6889
14 4530 6890
14 4530 6891
14 4530 6892
14 4530 6893
14 4530 6894
14 4530 6895
14 4531 6874
14 4531 6881
14 4531 6882
14 4531 6890
14 4532 6883
14 4532 6887
14 4532 6891
14 4533 6890
14 4534 6889
14 4534 6890
14 4534 6891
14 4535 6875
14 4535 6892
14 4535 6893
14 4535 6894
15 9061 13748
15 9061 13749
15 9061 13752
15 9061 13753
15 9061 13754
15 9061 13755
15 9061 13756
15 9061 13757
15 9061 13758
15 9061 13759
15 9061 13760
15 9061 13761
15 9061 13762
15 9061 13763
15 9061 13764
15 9061 13765
15 9061 13766
15 9061 13767
15 9061 13768
15 9061 13769
15 9061 13770
15 9061 13771
15 9061 13772
15 9061 13773
15 9061 13774
15 9061 13775
15 9061 13776
15 9061 13777
15 9061 13778
15 9061 13779
15 9061 13780
15 9061 13781
15 9061 13782
15 9061 13783
15 9061 13784
15 9061 13785
15 9061 13786
15 9061 13787
15 9061 13788
15 9061 13789
15 9061 13790
15 9062 13749
15 9062 13758
15 9062 13781
15 9063 13748
15 9063 13749
15 9063 13763
15 9063 13764
15 9064 13782
15 9065 13767
15 9065 13774
15 9067 13781
15 9068 13779
15 9068 13780
15 9068 13782
15 9069 13750
15 9069 13751
15 9069 13780
15 9069 13782
15 9070 13781
15 9070 13786
15 9070 13787
15 9070 13789
15 9071 13785
15 9072 13790
16 18123 27497
16 18123 27498
16 18123 27499
16 18123 27500
16 18123 27504
16 18123 27505
16 18123 27506
16 18123 27507
16 18123 27508
16 18123 27509
16 18123 27510
16 18123 27511
16 18123 27512
16 18123 27513
16 18123 27514
16 18123 27515
16 18123 27516
16 18123 27517
16 18123 27518
16 18123 27519
16 18123 27520
16 18123 27521
16 18123 27522
16 18123 27523
16 18123 27524
16 18123 27525
16 18123 27526
16 18123 27527
16 18123 27528
16 18123 27529
16 18123 27530
16 18123 27531
16 18123 27532
16 18123 27533
16 18123 27534
16 18123 27535
16 18123 27536
16 18123 27537
16 18123 27538
16 18123 27539
16 18123 27540
16 18123 27541
16 18123 27542
16 18123 27543
16 18123 27544
16 18123 27545
16 18123 27546
16 18123 27547
16 18123 27548
16 18123 27549
16 18123 27550
16 18123 27551
16 18123 27552
16 18123 27553
16 18123 27554
16 18123 27555
16 18123 27556
16 18123 27557
16 18123 27558
16 18123 27559
16 18123 27560
16 18123 27561
16 18123 27562
16 18123 27563
16 18123 27564
16 18123 27565
16 18123 27566
16 18123 27567
16 18123 27568
16 18123 27569
16 18123 27570
16 18123 27571
16 18123 27572
16 18123 27573
16 18123 27574
16 18123 27575
16 18123 27576
16 18123 27577
16 18123 27578
16 18123 27579
16 18123 27580
16 18123 27581
16 18124 27498
16 18124 27510
16 18125 27499
16 18125 27517
16 18125 27563
16 18126 27499
16 18127 27497
16 18127 27498
16 18127 27499
16 18127 27526
16 18127 27528
16 18128 27564
16 18129 27498
16 18130 27527
16 18131 27534
16 18131 27548
16 18134 27541
16 18134 27563
16 18136 27561
16 18136 27565
16 18137 27558
16 18137 27565
16 18138 27501
16 18138 27502
16 18138 27503
16 18138 27565
16 18139 27561
16 18140 27572
16 18140 27574
16 18140 27579
16 18141 27563
16 18143 27570
16 18144 27572
16 18144 27573
16 18145 27580
17 36246 54995
17 36246 54996
17 36246 54997
17 36246 54998
17 36246 54999
17 36246 55000
17 36246 55001
17 36246 55002
17 36246 55003
17 36246 55004
17 36246 55005
17 36246 55006
17 36246 55007
17 36246 55008
17 36246 55009
17 36246 55010
17 36246 55011
17 36246 55012
17 36246 55013
17 36246 55014
17 36246 55015
17 36246 55016
17 36246 55017
17 36246 55018
17 36246 55019
17 36246 55020
17 36246 55021
17 36246 55022
17 36246 55023
17 36246 55024
17 36246 55025
17 36246 55026
17 36246 55027
17 36246 55028
17 36246 55029
17 36246 55030
17 36246 55031
17 36246 55032
17 36246 55033
17 36246 55034
17 36246 55035
17 36246 55036
17 36246 55037
17 36246 55038
17 36246 55039
17 36246 55040
17 36246 55041
17 36246 55042
17 36246 55043
17 36246 55044
17 36246 55045
17 36246 55046
17 36246 55047
17 36246 55048
17 36246 55049
17 36246 55050
17 36246 55051
17 36246 55052
17 36246 55053
17 36246 55054
17 36246 55055
17 36246 55056
17 36246 55057
17 36246 55058
17 36246 55059
17 36246 55060
17 36246 55061
17 36246 55062
17 36246 55063
17 36246 55064
17 36246 55065
17 36246 55066
17 36246 55067
17 36246 55068
17 36246 55069
17 36246 55070
17 36246 55071
17 36246 55072
17 36246 55073
17 36246 55074
17 36246 55075
17 36246 55076
17 36246 55077
17 36246 55078
17 36246 55079
17 36246 55080
17 36246 55081
17 36246 55082
17 36246 55083
17 36246 55084
17 36246 55085
17 36246 55086
17 36246 55087
17 36246 55088
17 36246 55089
17 36246 55090
17 36246 55091
17 36246 55092
17 36246 55093
17 36246 55094
17 36246 55095
17 36246 55096
17 36246 55097
17 36246 55098
17 36246 55099
17 36246 55100
17 36246 55101
17 36246 55102
17 36246 55103
17 36246 55104
17 36246 55105
17 36246 55106
17 36246 55107
17 36246 55108
17 36246 55109
17 36246 55110
17 36246 55111
17 36246 55112
17 36246 55113
17 36246 55114
17 36246 55115
17 36246 55116
17 36246 55117
17 36246 55118
17 36246 55119
17 36246 55120
17 36246 55121
17 36246 55122
17 36246 55123
17 36246 55124
17 36246 55125
17 36246 55126
17 36246 55127
17 36246 55128
17 36246 55129
17 36246 55130
17 36246 55131
17 36246 55132
17 36246 55133
17 36246 55134
17 36246 55135
17 36246 55136
17 36246 55137
17 36246 55138
17 36246 55139
17 36246 55140
17 36246 55141
17 36246 55142
17 36246 55143
17 36246 55144
17 36246 55145
17 36246 55146
17 36246 55147
17 36246 55148
17 36246 55149
17 36246 55150
17 36246 55151
17 36246 55152
17 36246 55153
17 36246 55154
17 36246 55155
17 36246 55156
17 36246 55157
17 36246 55158
17 36246 55159
17 36246 55160
17 36246 55161
17 36246 55162
18 72492 109990
3 2 3
4 4 6
4 4 6
5 8 13
5 8 13
6 17 26
6 17 26
7 35 53
7 35 53
8 70 107
8 70 107
