10 295 400
11 590 800
12 1178 1597
12 1178 1597
12 1180 1599
12 1180 1599
12 1180 1600
12 1180 1600
13 2356 3194
13 2356 3194
13 2356 3195
13 2356 3195
13 2356 3196
13 2356 3196
13 2356 3197
13 2356 3197
13 2356 3198
13 2356 3198
13 2356 3199
13 2356 3199
13 2357 3194
13 2357 3194
13 2357 3195
13 2357 3195
13 2359 3194
13 2359 3194
13 2359 3201
13 2359 3201
13 2360 3194
13 2360 3194
13 2360 3197
13 2360 3197
13 2360 3198
13 2360 3198
13 2360 3199
13 2360 3199
13 2360 3200
13 2360 3200
13 2360 3201
13 2360 3201
14 4713 6389
14 4713 6390
14 4713 6391
14 4713 6392
14 4713 6393
14 4713 6394
14 4713 6395
14 4713 6396
14 4713 6397
14 4713 6398
14 4713 6399
14 4713 6403
14 4718 6401
14 4718 6402
14 4719 6400
15 9426 12779
15 9426 12780
15 9426 12781
15 9426 12782
15 9426 12783
15 9426 12784
15 9426 12785
15 9426 12786
15 9426 12787
15 9426 12788
15 9426 12789
15 9426 12790
15 9426 12791
15 9426 12792
15 9426 12793
15 9426 12794
15 9426 12795
15 9426 12796
15 9426 12797
15 9426 12798
15 9426 12799
15 9426 12800
15 9426 12801
15 9426 12802
15 9426 12803
15 9426 12804
15 9426 12805
15 9426 12806
15 9426 12807
16 18853 25559
16 18853 25560
16 18853 25561
16 18853 25562
16 18853 25563
16 18853 25564
16 18853 25565
16 18853 25566
16 18853 25567
16 18853 25568
16 18853 25569
16 18853 25570
16 18853 25571
16 18853 25572
16 18853 25573
16 18853 25574
16 18853 25575
16 18853 25576
16 18853 25577
16 18853 25578
16 18853 25579
16 18853 25580
16 18853 25581
16 18853 25582
16 18853 25583
16 18853 25584
16 18853 25585
16 18853 25586
16 18853 25587
16 18853 25588
16 18853 25589
16 18853 25590
16 18853 25591
16 18853 25592
16 18853 25593
16 18853 25594
16 18853 25595
16 18853 25596
16 18853 25597
16 18853 25598
16 18853 25599
16 18853 25600
16 18853 25601
16 18853 25602
16 18853 25603
16 18853 25604
16 18853 25605
16 18853 25606
16 18853 25607
16 18853 25608
16 18853 25609
16 18853 25610
16 18853 25611
16 18853 25612
16 18853 25613
16 18853 25614
17 37707 51118
18 75415 102237
3 2 3
4 4 6
4 4 6
5 9 12
5 9 12
6 18 24
6 18 24
6 18 25
6 18 25
7 36 49
7 36 49
7 36 50
7 36 50
