13 2416 3082
13 2416 3082
13 2417 3082
13 2417 3082
14 4833 6165
14 4833 6169
15 9666 12330
15 9666 12331
15 9666 12338
16 19332 24660
16 19332 24661
16 19332 24662
16 19332 24663
16 19332 24664
16 19332 24665
16 19332 24666
16 19332 24667
16 19332 24668
16 19332 24669
16 19332 24670
16 19332 24671
16 19332 24672
16 19332 24673
16 19332 24674
16 19332 24675
16 19332 24676
17 38665 49320
17 38665 49321
17 38665 49322
17 38665 49323
17 38665 49324
17 38665 49325
17 38665 49326
17 38665 49327
17 38665 49328
17 38665 49329
17 38665 49330
17 38665 49331
17 38665 49332
17 38665 49333
17 38665 49334
17 38665 49335
17 38665 49336
17 38665 49337
17 38665 49338
17 38665 49339
17 38665 49340
17 38665 49341
17 38665 49342
17 38665 49343
17 38665 49344
17 38665 49345
17 38665 49346
17 38665 49347
17 38665 49348
17 38665 49349
17 38665 49350
17 38665 49351
17 38665 49352
18 77331 98640
18 77331 98641
18 77331 98642
18 77331 98643
18 77331 98644
18 77331 98645
18 77331 98646
18 77331 98647
18 77331 98648
18 77331 98649
18 77331 98650
18 77331 98651
18 77331 98652
18 77331 98653
18 77331 98654
18 77331 98655
18 77331 98656
18 77331 98657
18 77331 98658
18 77331 98659
18 77331 98660
18 77331 98661
18 77331 98662
18 77331 98663
18 77331 98664
18 77331 98665
18 77331 98666
18 77331 98667
18 77331 98668
18 77331 98669
18 77331 98670
18 77331 98671
18 77331 98672
18 77331 98673
18 77331 98674
18 77331 98675
18 77331 98676
18 77331 98677
18 77331 98678
18 77331 98679
18 77331 98680
18 77331 98681
18 77331 98682
18 77331 98683
18 77331 98684
18 77331 98685
18 77331 98686
18 77331 98687
18 77331 98688
18 77331 98689
18 77331 98690
18 77331 98691
18 77331 98692
18 77331 98693
18 77331 98694
18 77331 98695
18 77331 98696
18 77331 98697
18 77331 98698
18 77331 98699
18 77331 98700
18 77331 98701
18 77331 98702
18 77331 98703
18 77331 98704
3 2 3
4 4 6
4 4 6
5 9 12
5 9 12
6 18 24
6 18 24
7 37 48
7 37 48
8 75 96
8 75 96
14 4833 6169
15 9666 12331
15 9666 12338
