12 653 1429
12 654 1428
12 654 1429
12 655 1428
12 655 1429
12 656 1429
12 657 1429
12 658 1429
12 658 1430
12 658 1431
12 658 1432
12 658 1433
12 658 1434
12 658 1435
12 658 1436
12 659 1433
12 659 1434
12 659 1435
12 659 1436
12 660 1433
12 660 1434
12 660 1435
12 660 1436
12 661 1433
12 661 1434
12 661 1435
12 661 1436
14 2627 5718
14 2627 5719
14 2628 5716
14 2628 5717
14 2628 5718
14 2628 5719
14 2628 5720
14 2628 5721
14 2629 5716
14 2629 5717
14 2629 5718
14 2629 5719
14 2629 5720
14 2629 5721
14 2630 5718
14 2630 5719
14 2630 5720
14 2630 5721
15 5247 11443
15 5247 11444
15 5247 11445
15 5247 11446
15 5247 11447
15 5248 11443
15 5248 11444
15 5248 11445
15 5248 11446
15 5248 11447
15 5248 11448
15 5249 11443
15 5249 11444
15 5249 11445
15 5249 11446
15 5249 11447
15 5256 11435
15 5256 11436
15 5257 11433
15 5257 11434
15 5257 11435
15 5257 11436
15 5258 11434
15 5258 11435
15 5259 11433
15 5259 11434
15 5259 11435
15 5259 11436
15 5260 11433
15 5260 11434
15 5260 11435
15 5260 11436
15 5261 11433
15 5261 11434
15 5261 11435
15 5261 11436
15 5262 11433
15 5262 11434
15 5262 11435
15 5263 11433
15 5263 11434
15 5263 11435
15 5264 11433
15 5264 11434
15 5264 11435
15 5265 11433
15 5265 11434
15 5265 11435
16 10494 22885
16 10494 22886
16 10494 22887
16 10495 22883
16 10495 22884
16 10495 22885
16 10495 22886
16 10495 22887
16 10495 22888
16 10495 22889
16 10496 22883
16 10496 22884
16 10496 22885
16 10496 22886
16 10496 22887
16 10496 22888
16 10496 22889
16 10513 22869
16 10514 22869
16 10515 22870
16 10515 22871
16 10528 22867
16 10528 22868
16 10528 22869
17 21027 45737
17 21027 45738
17 21027 45739
17 21027 45740
17 21028 45737
17 21028 45738
17 21028 45739
17 21028 45740
17 21029 45737
17 21029 45738
17 21029 45739
17 21029 45740
17 21055 45734
17 21055 45735
17 21055 45736
17 21055 45737
17 21056 45734
17 21056 45735
17 21056 45736
17 21056 45737
17 21057 45735
17 21057 45736
17 21057 45737
