10 279 419
11 559 838
12 1119 1676
12 1119 1676
12 1120 1676
12 1120 1676
12 1121 1676
12 1121 1676
12 1122 1676
12 1122 1676
12 1123 1676
12 1123 1676
13 2239 3346
13 2239 3346
13 2239 3352
13 2239 3352
13 2240 3346
13 2240 3346
13 2240 3352
13 2240 3352
13 2241 3346
13 2241 3346
13 2241 3352
13 2241 3352
13 2242 3346
13 2242 3346
13 2242 3352
13 2242 3352
13 2243 3346
13 2243 3346
13 2243 3352
13 2243 3352
13 2244 3346
13 2244 3346
13 2244 3352
13 2244 3352
13 2245 3346
13 2245 3346
13 2245 3352
13 2245 3352
13 2246 3346
13 2246 3346
13 2246 3352
13 2246 3352
13 2247 3346
13 2247 3346
13 2247 3352
13 2247 3352
14 4478 6692
14 4478 6693
14 4478 6694
14 4478 6695
14 4478 6696
14 4478 6697
14 4478 6698
14 4478 6699
14 4478 6700
14 4478 6701
14 4478 6702
14 4478 6703
14 4478 6704
15 8957 13384
15 8957 13385
15 8957 13386
15 8957 13387
15 8957 13388
15 8957 13389
15 8957 13390
15 8957 13391
15 8957 13392
15 8957 13393
15 8957 13394
15 8957 13395
15 8957 13396
15 8957 13397
15 8957 13398
15 8957 13399
15 8957 13400
15 8957 13401
15 8957 13402
15 8957 13403
15 8957 13404
15 8957 13405
15 8957 13406
15 8957 13407
15 8957 13408
15 8957 13409
16 17915 26768
16 17915 26769
16 17915 26770
16 17915 26771
16 17915 26772
16 17915 26773
16 17915 26774
16 17915 26775
16 17915 26776
16 17915 26777
16 17915 26778
16 17915 26779
16 17915 26780
16 17915 26781
16 17915 26782
16 17915 26783
16 17915 26784
16 17915 26785
16 17915 26786
16 17915 26787
16 17915 26788
16 17915 26789
16 17915 26790
16 17915 26791
16 17915 26792
16 17915 26793
16 17915 26794
16 17915 26795
16 17915 26796
16 17915 26797
16 17915 26798
16 17915 26799
16 17915 26800
16 17915 26801
16 17915 26802
16 17915 26803
16 17915 26804
16 17915 26805
16 17915 26806
16 17915 26807
16 17915 26808
16 17915 26809
16 17915 26810
16 17915 26811
16 17915 26812
16 17915 26813
16 17915 26814
16 17915 26815
16 17915 26816
16 17915 26817
16 17915 26818
16 17915 26819
17 35830 53537
18 71660 107074
3 2 3
4 4 6
4 4 6
5 8 13
5 8 13
6 17 26
6 17 26
7 34 52
7 34 52
7 35 52
7 35 52
8 69 104
8 69 104
8 70 104
8 70 104
