10 235 434
11 470 868
11 470 868
12 936 1736
12 936 1736
12 936 1738
12 936 1738
12 936 1739
12 936 1739
12 937 1736
12 937 1736
12 938 1736
12 938 1736
12 938 1739
12 938 1739
12 939 1738
12 939 1738
12 939 1739
12 939 1739
12 940 1736
12 940 1736
12 940 1737
12 940 1737
12 940 1738
12 940 1738
12 940 1739
12 940 1739
13 1873 3473
13 1873 3473
13 1873 3474
13 1873 3474
13 1873 3476
13 1873 3476
13 1873 3477
13 1873 3477
13 1873 3478
13 1873 3478
13 1874 3473
13 1874 3473
13 1875 3473
13 1875 3473
13 1876 3473
13 1876 3473
13 1876 3478
13 1876 3478
13 1877 3473
13 1877 3473
13 1877 3477
13 1877 3477
13 1877 3478
13 1877 3478
13 1878 3476
13 1878 3476
13 1878 3477
13 1878 3477
13 1878 3478
13 1878 3478
13 1879 3475
13 1879 3475
13 1879 3476
13 1879 3476
13 1879 3477
13 1879 3477
13 1879 3478
13 1879 3478
13 1880 3473
13 1880 3473
13 1880 3474
13 1880 3474
13 1880 3475
13 1880 3475
13 1880 3476
13 1880 3476
13 1880 3477
13 1880 3477
13 1880 3478
13 1880 3478
14 3747 6946
14 3747 6947
14 3747 6948
14 3747 6949
14 3747 6952
14 3747 6953
14 3747 6954
14 3747 6955
14 3747 6956
14 3756 6951
14 3757 6950
15 7494 13893
15 7494 13894
15 7494 13895
15 7494 13896
15 7494 13897
15 7494 13898
15 7494 13899
15 7494 13900
15 7494 13901
15 7494 13902
15 7494 13903
15 7494 13904
15 7494 13905
15 7494 13906
15 7494 13907
15 7494 13908
15 7494 13909
15 7494 13910
15 7494 13911
15 7494 13912
15 7494 13913
16 14988 27786
16 14988 27787
16 14988 27788
16 14988 27789
16 14988 27790
16 14988 27791
16 14988 27792
16 14988 27793
16 14988 27794
16 14988 27795
16 14988 27796
16 14988 27797
16 14988 27798
16 14988 27799
16 14988 27800
16 14988 27801
16 14988 27802
16 14988 27803
16 14988 27804
16 14988 27805
16 14988 27806
16 14988 27807
16 14988 27808
16 14988 27809
16 14988 27810
16 14988 27811
16 14988 27812
16 14988 27813
16 14988 27814
16 14988 27815
16 14988 27816
16 14988 27817
16 14988 27818
16 14988 27819
16 14988 27820
16 14988 27821
16 14988 27822
16 14988 27823
16 14988 27824
16 14988 27825
16 14988 27826
16 14988 27827
17 29977 55573
17 29977 55574
17 29977 55575
17 29977 55576
17 29977 55577
17 29977 55578
17 29977 55579
17 29977 55580
17 29977 55581
17 29977 55582
17 29977 55583
17 29977 55584
17 29977 55585
17 29977 55586
17 29977 55587
17 29977 55588
17 29977 55589
17 29977 55590
17 29977 55591
17 29977 55592
17 29977 55593
17 29977 55594
17 29977 55595
17 29977 55596
17 29977 55597
17 29977 55598
17 29977 55599
17 29977 55600
17 29977 55601
17 29977 55602
17 29977 55603
17 29977 55604
17 29977 55605
17 29977 55606
17 29977 55607
17 29977 55608
17 29977 55609
17 29977 55610
17 29977 55611
17 29977 55612
17 29977 55613
17 29977 55614
17 29977 55615
17 29977 55616
17 29977 55617
17 29977 55618
17 29977 55619
17 29977 55620
17 29977 55621
17 29977 55622
17 29977 55623
17 29977 55624
17 29977 55625
17 29977 55626
17 29977 55627
17 29977 55628
17 29977 55629
17 29977 55630
17 29977 55631
17 29977 55632
17 29977 55633
17 29977 55634
17 29977 55635
17 29977 55636
17 29977 55637
17 29977 55638
17 29977 55639
17 29977 55640
17 29977 55641
17 29977 55642
17 29977 55643
17 29977 55644
17 29977 55645
17 29977 55646
17 29977 55647
17 29977 55648
17 29977 55649
17 29977 55650
17 29977 55651
17 29977 55652
17 29977 55653
17 29977 55654
18 59955 111147
3 1 3
4 3 6
4 3 6
5 7 13
5 7 13
6 14 27
6 14 27
7 29 54
7 29 54
8 58 108
8 58 108
