12 1178 1595
12 1178 1595
12 1178 1596
12 1178 1596
12 1178 1597
12 1178 1597
12 1180 1594
12 1180 1594
13 2357 3190
13 2357 3190
13 2357 3191
13 2357 3191
13 2357 3192
13 2357 3192
13 2357 3193
13 2357 3193
13 2357 3194
13 2357 3194
13 2357 3195
13 2357 3195
13 2358 3195
13 2358 3195
13 2360 3189
13 2360 3189
13 2361 3189
13 2361 3189
13 2361 3190
13 2361 3190
13 2361 3191
13 2361 3191
13 2361 3192
13 2361 3192
13 2361 3193
13 2361 3193
13 2361 3194
13 2361 3194
13 2361 3195
13 2361 3195
14 4715 6378
14 4715 6381
14 4715 6382
14 4715 6383
14 4715 6384
14 4715 6385
14 4715 6386
14 4715 6387
14 4715 6388
14 4715 6389
14 4715 6390
14 4720 6379
14 4720 6380
15 9431 12757
15 9431 12761
15 9431 12762
15 9431 12763
15 9431 12764
15 9431 12765
15 9431 12766
15 9431 12767
15 9431 12768
15 9431 12769
15 9431 12770
15 9431 12771
15 9431 12772
15 9431 12773
15 9431 12774
15 9431 12775
15 9431 12776
15 9431 12777
15 9431 12778
15 9431 12779
15 9431 12780
15 9431 12781
15 9440 12758
15 9440 12759
15 9440 12760
16 18862 25514
16 18872 25536
17 37725 51028
18 75451 102056
3 2 3
4 4 6
4 4 6
5 9 12
5 9 12
6 18 24
6 18 24
7 36 49
7 36 49
