12 1213 1534
12 1213 1534
12 1213 1537
12 1213 1537
12 1214 1534
12 1214 1534
12 1216 1537
12 1216 1537
12 1217 1534
12 1217 1534
12 1217 1537
12 1217 1537
13 2427 3069
13 2427 3069
13 2427 3070
13 2427 3070
13 2427 3074
13 2427 3074
13 2427 3075
13 2427 3075
13 2428 3069
13 2428 3069
13 2429 3069
13 2429 3069
13 2429 3075
13 2429 3075
13 2430 3075
13 2430 3075
13 2431 3075
13 2431 3075
13 2432 3074
13 2432 3074
13 2432 3075
13 2432 3075
13 2433 3074
13 2433 3074
13 2433 3075
13 2433 3075
13 2434 3069
13 2434 3069
13 2434 3070
13 2434 3070
13 2434 3073
13 2434 3073
13 2434 3074
13 2434 3074
13 2434 3075
13 2434 3075
14 4854 6138
14 4854 6139
14 4854 6140
14 4854 6141
14 4854 6145
14 4854 6146
14 4854 6147
14 4854 6148
14 4854 6149
14 4854 6150
14 4869 6142
14 4869 6143
14 4869 6144
15 9708 12276
15 9708 12277
15 9708 12278
15 9708 12279
15 9708 12280
15 9708 12281
15 9708 12282
15 9708 12283
15 9708 12284
15 9708 12288
15 9708 12289
15 9708 12290
15 9708 12291
15 9708 12292
15 9708 12293
15 9708 12294
15 9708 12295
15 9708 12296
15 9708 12297
15 9708 12298
15 9708 12299
15 9708 12300
15 9737 12285
15 9737 12286
15 9737 12287
16 19416 24552
16 19416 24553
16 19416 24554
16 19416 24555
16 19416 24556
16 19416 24557
16 19416 24558
16 19416 24559
16 19416 24560
16 19416 24561
16 19416 24562
16 19416 24563
16 19416 24564
16 19416 24565
16 19416 24566
16 19416 24567
16 19416 24568
16 19416 24569
16 19416 24570
16 19416 24571
16 19416 24572
16 19416 24573
16 19416 24574
16 19416 24575
16 19416 24576
16 19416 24577
16 19416 24578
16 19416 24579
16 19416 24580
16 19416 24581
16 19416 24582
16 19416 24583
16 19416 24584
16 19416 24585
16 19416 24586
16 19416 24587
16 19416 24588
16 19416 24589
16 19416 24590
16 19416 24591
16 19416 24592
16 19416 24593
16 19416 24594
16 19416 24595
16 19416 24596
16 19416 24597
16 19416 24598
16 19416 24599
16 19416 24600
16 19416 24601
17 38832 49104
18 77665 98209
3 2 2
4 4 5
4 4 5
4 4 6
4 4 6
5 9 11
5 9 11
5 9 12
5 9 12
6 18 23
6 18 23
6 18 24
6 18 24
6 19 23
6 19 23
6 19 24
6 19 24
7 37 47
7 37 47
7 37 48
7 37 48
7 38 47
7 38 47
7 38 48
7 38 48
