11 569 866
12 1136 1732
12 1136 1732
12 1136 1738
12 1136 1738
12 1138 1732
12 1138 1732
12 1138 1733
12 1138 1733
12 1138 1734
12 1138 1734
12 1138 1735
12 1138 1735
12 1138 1736
12 1138 1736
12 1138 1737
12 1138 1737
12 1138 1738
12 1138 1738
13 2272 3464
13 2272 3464
13 2272 3465
13 2272 3465
13 2272 3466
13 2272 3466
13 2272 3467
13 2272 3467
13 2272 3468
13 2272 3468
13 2272 3469
13 2272 3469
13 2272 3470
13 2272 3470
13 2272 3471
13 2272 3471
13 2272 3472
13 2272 3472
13 2272 3473
13 2272 3473
13 2272 3474
13 2272 3474
13 2272 3476
13 2272 3476
13 2272 3477
13 2272 3477
13 2273 3464
13 2273 3464
13 2273 3465
13 2273 3465
13 2273 3466
13 2273 3466
13 2273 3476
13 2273 3476
13 2273 3477
13 2273 3477
13 2274 3464
13 2274 3464
13 2274 3477
13 2274 3477
13 2275 3464
13 2275 3464
13 2275 3473
13 2275 3473
13 2275 3474
13 2275 3474
13 2275 3475
13 2275 3475
13 2275 3476
13 2275 3476
13 2275 3477
13 2275 3477
13 2276 3464
13 2276 3464
13 2276 3465
13 2276 3465
13 2276 3466
13 2276 3466
13 2276 3467
13 2276 3467
13 2276 3468
13 2276 3468
13 2276 3469
13 2276 3469
13 2276 3470
13 2276 3470
13 2276 3471
13 2276 3471
13 2276 3472
13 2276 3472
13 2276 3473
13 2276 3473
13 2276 3474
13 2276 3474
13 2276 3475
13 2276 3475
13 2276 3476
13 2276 3476
13 2276 3477
13 2276 3477
13 2277 3464
13 2277 3464
13 2277 3465
13 2277 3465
13 2277 3466
13 2277 3466
13 2277 3467
13 2277 3467
13 2277 3468
13 2277 3468
13 2277 3469
13 2277 3469
13 2277 3470
13 2277 3470
13 2277 3471
13 2277 3471
13 2277 3472
13 2277 3472
13 2277 3473
13 2277 3473
13 2277 3474
13 2277 3474
13 2277 3475
13 2277 3475
13 2277 3476
13 2277 3476
13 2277 3477
13 2277 3477
14 4545 6928
14 4545 6929
14 4545 6930
14 4545 6931
14 4545 6932
14 4545 6933
14 4545 6934
14 4545 6935
14 4545 6936
14 4545 6937
14 4545 6938
14 4545 6939
14 4545 6940
14 4545 6941
14 4545 6942
14 4545 6943
14 4545 6944
14 4545 6945
14 4545 6946
14 4545 6947
14 4545 6948
14 4545 6949
14 4545 6952
14 4545 6953
14 4545 6954
14 4545 6955
14 4546 6932
14 4546 6933
14 4546 6935
14 4546 6940
14 4546 6941
14 4546 6952
14 4546 6953
14 4546 6954
14 4546 6955
14 4547 6929
14 4547 6931
14 4547 6932
14 4547 6933
14 4547 6953
14 4548 6929
14 4548 6930
14 4549 6930
14 4550 6950
14 4550 6951
15 9090 13856
15 9090 13857
15 9090 13858
15 9090 13859
15 9090 13860
15 9090 13861
15 9090 13862
15 9090 13863
15 9090 13864
15 9090 13865
15 9090 13866
15 9090 13867
15 9090 13868
15 9090 13869
15 9090 13870
15 9090 13871
15 9090 13872
15 9090 13873
15 9090 13874
15 9090 13875
15 9090 13876
15 9090 13877
15 9090 13878
15 9090 13879
15 9090 13880
15 9090 13881
15 9090 13882
15 9090 13883
15 9090 13884
15 9090 13885
15 9090 13886
15 9090 13887
15 9090 13888
15 9090 13889
15 9090 13890
15 9090 13891
15 9090 13892
15 9090 13893
15 9090 13894
15 9090 13895
15 9090 13896
15 9090 13897
15 9090 13898
15 9090 13899
15 9090 13900
15 9090 13901
15 9090 13902
15 9090 13903
15 9090 13904
15 9090 13905
15 9090 13906
15 9090 13907
15 9090 13908
15 9090 13909
15 9090 13910
15 9090 13911
15 9091 13861
15 9091 13869
15 9091 13882
15 9091 13883
15 9091 13884
15 9091 13885
15 9091 13899
15 9091 13909
15 9092 13865
15 9092 13881
15 9092 13904
15 9092 13905
15 9092 13909
15 9093 13867
15 9093 13871
15 9093 13883
15 9093 13907
15 9093 13908
15 9093 13911
15 9094 13864
15 9094 13906
15 9095 13859
15 9095 13863
15 9095 13866
15 9095 13867
15 9096 13859
15 9097 13858
15 9097 13860
15 9098 13861
16 18181 27712
16 18181 27713
16 18181 27714
16 18181 27715
16 18181 27716
16 18181 27717
16 18181 27718
16 18181 27719
16 18181 27720
16 18181 27721
16 18181 27722
16 18181 27723
16 18181 27724
16 18181 27725
16 18181 27726
16 18181 27727
16 18181 27728
16 18181 27729
16 18181 27730
16 18181 27731
16 18181 27732
16 18181 27733
16 18181 27734
16 18181 27735
16 18181 27736
16 18181 27737
16 18181 27738
16 18181 27739
16 18181 27740
16 18181 27741
16 18181 27742
16 18181 27743
16 18181 27744
16 18181 27745
16 18181 27746
16 18181 27747
16 18181 27748
16 18181 27749
16 18181 27750
16 18181 27751
16 18181 27752
16 18181 27753
16 18181 27754
16 18181 27755
16 18181 27756
16 18181 27757
16 18181 27758
16 18181 27759
16 18181 27760
16 18181 27761
16 18181 27762
16 18181 27763
16 18181 27764
16 18181 27765
16 18181 27766
16 18181 27767
16 18181 27768
16 18181 27769
16 18181 27770
16 18181 27771
16 18181 27772
16 18181 27773
16 18181 27774
16 18181 27775
16 18181 27776
16 18181 27777
16 18181 27778
16 18181 27779
16 18181 27780
16 18181 27781
16 18181 27782
16 18181 27783
16 18181 27784
16 18181 27785
16 18181 27786
16 18181 27787
16 18181 27788
16 18181 27789
16 18181 27790
16 18181 27791
16 18181 27792
16 18181 27793
16 18181 27794
16 18181 27795
16 18181 27796
16 18181 27797
16 18181 27798
16 18181 27799
16 18181 27800
16 18181 27801
16 18181 27802
16 18181 27803
16 18181 27804
16 18181 27805
16 18181 27806
16 18181 27807
16 18181 27808
16 18181 27809
16 18181 27810
16 18181 27811
16 18181 27812
16 18181 27813
16 18181 27814
16 18181 27815
16 18181 27816
16 18181 27817
16 18181 27818
16 18181 27819
16 18181 27820
16 18181 27821
16 18181 27822
16 18181 27823
16 18182 27723
16 18182 27765
16 18182 27766
16 18182 27770
16 18182 27798
16 18182 27818
16 18182 27819
16 18183 27723
16 18183 27738
16 18183 27769
16 18184 27731
16 18184 27762
16 18184 27786
16 18184 27808
16 18184 27810
16 18184 27819
16 18186 27743
16 18186 27767
16 18186 27816
16 18186 27822
16 18187 27734
16 18187 27815
16 18187 27816
16 18188 27728
16 18188 27756
16 18188 27759
16 18188 27812
16 18190 27719
16 18190 27726
16 18190 27727
16 18191 27718
16 18191 27732
16 18191 27735
16 18193 27718
16 18194 27721
16 18195 27717
16 18195 27720
16 18196 27722
17 36362 55424
18 72725 110848
3 2 3
4 4 6
4 4 6
5 8 13
5 8 13
6 17 27
6 17 27
7 35 54
7 35 54
8 71 108
8 71 108
