10 289 408
11 579 817
12 1159 1634
12 1159 1634
12 1159 1635
12 1159 1635
12 1159 1636
12 1159 1636
12 1160 1634
12 1160 1634
12 1161 1638
12 1161 1638
12 1162 1636
12 1162 1636
12 1162 1637
12 1162 1637
12 1162 1638
12 1162 1638
12 1163 1634
12 1163 1634
12 1163 1635
12 1163 1635
12 1163 1636
12 1163 1636
12 1163 1637
12 1163 1637
12 1163 1638
12 1163 1638
13 2319 3268
13 2319 3268
13 2319 3269
13 2319 3269
13 2319 3270
13 2319 3270
13 2319 3271
13 2319 3271
13 2319 3272
13 2319 3272
13 2319 3273
13 2319 3273
13 2319 3274
13 2319 3274
13 2319 3277
13 2319 3277
13 2320 3268
13 2320 3268
13 2320 3269
13 2320 3269
13 2320 3270
13 2320 3270
13 2320 3271
13 2320 3271
13 2320 3272
13 2320 3272
13 2321 3268
13 2321 3268
13 2321 3269
13 2321 3269
13 2321 3270
13 2321 3270
13 2322 3268
13 2322 3268
13 2322 3276
13 2322 3276
13 2322 3277
13 2322 3277
13 2323 3274
13 2323 3274
13 2323 3275
13 2323 3275
13 2323 3276
13 2323 3276
13 2323 3277
13 2323 3277
13 2324 3272
13 2324 3272
13 2324 3273
13 2324 3273
13 2324 3274
13 2324 3274
13 2324 3275
13 2324 3275
13 2324 3276
13 2324 3276
13 2324 3277
13 2324 3277
13 2325 3268
13 2325 3268
13 2325 3269
13 2325 3269
13 2325 3270
13 2325 3270
13 2325 3271
13 2325 3271
13 2325 3272
13 2325 3272
13 2325 3273
13 2325 3273
13 2325 3274
13 2325 3274
13 2325 3275
13 2325 3275
13 2325 3276
13 2325 3276
13 2325 3277
13 2325 3277
13 2326 3268
13 2326 3268
13 2326 3269
13 2326 3269
13 2326 3270
13 2326 3270
13 2326 3271
13 2326 3271
13 2326 3272
13 2326 3272
13 2326 3273
13 2326 3273
13 2326 3274
13 2326 3274
13 2326 3275
13 2326 3275
13 2326 3276
13 2326 3276
13 2326 3277
13 2326 3277
14 4638 6536
14 4638 6537
14 4638 6538
14 4638 6539
14 4638 6540
14 4638 6541
14 4638 6542
14 4638 6543
14 4638 6544
14 4638 6545
14 4638 6546
14 4638 6547
14 4638 6548
14 4638 6549
14 4638 6550
14 4638 6551
14 4638 6552
14 4638 6553
14 4638 6554
14 4638 6555
15 9277 13073
15 9277 13074
15 9277 13075
15 9277 13076
15 9277 13077
15 9277 13078
15 9277 13079
15 9277 13080
15 9277 13081
15 9277 13082
15 9277 13083
15 9277 13084
15 9277 13085
15 9277 13086
15 9277 13087
15 9277 13088
15 9277 13089
15 9277 13090
15 9277 13091
15 9277 13092
15 9277 13093
15 9277 13094
15 9277 13095
15 9277 13096
15 9277 13097
15 9277 13098
15 9277 13099
15 9277 13100
15 9277 13101
15 9277 13102
15 9277 13103
15 9277 13104
15 9277 13105
15 9277 13106
15 9277 13107
15 9277 13108
15 9277 13109
15 9277 13110
15 9277 13111
16 18555 26146
17 37111 52293
18 74223 104586
3 2 3
4 4 6
4 4 6
5 9 12
5 9 12
6 18 25
6 18 25
7 36 51
7 36 51
