10 284 431
11 568 863
12 1136 1726
12 1136 1726
13 2270 3452
13 2270 3452
13 2270 3453
13 2270 3453
13 2272 3452
13 2272 3452
13 2272 3453
13 2272 3453
14 4541 6905
14 4541 6906
14 4541 6907
15 9083 13811
15 9083 13812
15 9083 13813
15 9083 13814
15 9083 13815
16 18167 27622
16 18167 27623
16 18167 27624
16 18167 27625
16 18167 27626
16 18167 27627
16 18167 27628
16 18167 27629
16 18167 27630
17 36335 55244
17 36335 55245
17 36335 55246
17 36335 55247
17 36335 55248
17 36335 55249
17 36335 55250
17 36335 55251
17 36335 55252
17 36335 55253
17 36335 55254
17 36335 55255
17 36335 55256
17 36335 55257
17 36335 55258
17 36335 55259
17 36335 55260
17 36335 55261
18 72671 110489
3 2 3
4 4 6
4 4 6
5 8 13
5 8 13
6 17 26
6 17 26
7 35 53
7 35 53
8 70 107
8 70 107
8 71 107
8 71 107
9 142 215
9 142 215
