10 270 421
10 270 422
11 541 843
11 541 844
11 541 845
12 1083 1687
12 1083 1687
12 1083 1688
12 1083 1688
12 1083 1689
12 1083 1689
12 1083 1690
12 1083 1690
12 1083 1691
12 1083 1691
12 1083 1692
12 1083 1692
12 1083 1693
12 1083 1693
12 1083 1694
12 1083 1694
12 1083 1695
12 1083 1695
13 2167 3374
13 2167 3374
13 2167 3375
13 2167 3375
13 2167 3376
13 2167 3376
13 2167 3377
13 2167 3377
13 2167 3378
13 2167 3378
13 2167 3379
13 2167 3379
13 2167 3380
13 2167 3380
13 2167 3381
13 2167 3381
13 2167 3382
13 2167 3382
13 2167 3383
13 2167 3383
13 2167 3384
13 2167 3384
13 2167 3385
13 2167 3385
13 2167 3386
13 2167 3386
13 2167 3387
13 2167 3387
13 2167 3388
13 2167 3388
13 2167 3389
13 2167 3389
13 2167 3390
13 2167 3390
13 2167 3391
13 2167 3391
13 2168 3374
13 2168 3374
13 2168 3391
13 2168 3391
13 2169 3374
13 2169 3374
13 2169 3391
13 2169 3391
13 2170 3374
13 2170 3374
13 2170 3391
13 2170 3391
13 2171 3374
13 2171 3374
13 2171 3391
13 2171 3391
13 2172 3374
13 2172 3374
13 2172 3391
13 2172 3391
13 2173 3374
13 2173 3374
13 2173 3391
13 2173 3391
13 2174 3374
13 2174 3374
13 2174 3391
13 2174 3391
13 2175 3374
13 2175 3374
13 2175 3391
13 2175 3391
13 2176 3374
13 2176 3374
13 2176 3391
13 2176 3391
13 2177 3374
13 2177 3374
13 2177 3391
13 2177 3391
13 2178 3374
13 2178 3374
13 2178 3391
13 2178 3391
13 2179 3374
13 2179 3374
13 2179 3391
13 2179 3391
13 2180 3374
13 2180 3374
13 2180 3391
13 2180 3391
13 2181 3374
13 2181 3374
13 2181 3391
13 2181 3391
13 2182 3374
13 2182 3374
13 2182 3391
13 2182 3391
13 2183 3374
13 2183 3374
13 2183 3391
13 2183 3391
13 2184 3374
13 2184 3374
13 2184 3391
13 2184 3391
13 2185 3374
13 2185 3374
13 2185 3391
13 2185 3391
13 2186 3374
13 2186 3374
13 2186 3391
13 2186 3391
13 2187 3374
13 2187 3374
13 2187 3391
13 2187 3391
13 2188 3374
13 2188 3374
13 2188 3391
13 2188 3391
14 4335 6749
14 4335 6750
14 4335 6751
14 4335 6752
14 4335 6753
14 4335 6754
14 4335 6755
14 4335 6756
14 4335 6757
14 4335 6758
14 4335 6759
14 4335 6760
14 4335 6761
14 4335 6762
14 4335 6763
14 4335 6764
14 4335 6765
14 4335 6766
14 4335 6767
14 4335 6768
14 4335 6769
14 4335 6770
14 4335 6771
14 4335 6772
14 4335 6773
14 4335 6774
14 4335 6775
14 4335 6776
14 4335 6777
14 4335 6778
14 4335 6779
14 4335 6780
14 4335 6781
14 4335 6782
15 8671 13499
15 8671 13500
15 8671 13501
15 8671 13502
15 8671 13503
15 8671 13504
15 8671 13505
15 8671 13506
15 8671 13507
15 8671 13508
15 8671 13509
15 8671 13510
15 8671 13511
15 8671 13512
15 8671 13513
15 8671 13514
15 8671 13515
15 8671 13516
15 8671 13517
15 8671 13518
15 8671 13519
15 8671 13520
15 8671 13521
15 8671 13522
15 8671 13523
15 8671 13524
15 8671 13525
15 8671 13526
15 8671 13527
15 8671 13528
15 8671 13529
15 8671 13530
15 8671 13531
15 8671 13532
15 8671 13533
15 8671 13534
15 8671 13535
15 8671 13536
15 8671 13537
15 8671 13538
15 8671 13539
15 8671 13540
15 8671 13541
15 8671 13542
15 8671 13543
15 8671 13544
15 8671 13545
15 8671 13546
15 8671 13547
15 8671 13548
15 8671 13549
15 8671 13550
15 8671 13551
15 8671 13552
15 8671 13553
15 8671 13554
15 8671 13555
15 8671 13556
15 8671 13557
15 8671 13558
15 8671 13559
15 8671 13560
15 8671 13561
15 8671 13562
15 8671 13563
15 8671 13564
15 8671 13565
15 8676 13500
15 8678 13500
15 8686 13500
15 8703 13500
15 8710 13500
15 8715 13500
15 8720 13500
15 8734 13500
15 8746 13500
16 17342 26999
16 17342 27000
16 17342 27001
16 17342 27002
16 17342 27003
16 17342 27004
16 17342 27005
16 17342 27006
16 17342 27007
16 17342 27008
16 17342 27009
16 17342 27010
16 17342 27011
16 17342 27012
16 17342 27013
16 17342 27014
16 17342 27015
16 17342 27016
16 17342 27017
16 17342 27018
16 17342 27019
16 17342 27020
16 17342 27021
16 17342 27022
16 17342 27023
16 17342 27024
16 17342 27025
16 17342 27026
16 17342 27027
16 17342 27028
16 17342 27029
16 17342 27030
16 17342 27031
16 17342 27032
16 17342 27033
16 17342 27034
16 17342 27035
16 17342 27036
16 17342 27037
16 17342 27038
16 17342 27039
16 17342 27040
16 17342 27041
16 17342 27042
16 17342 27043
16 17342 27044
16 17342 27045
16 17342 27046
16 17342 27047
16 17342 27048
16 17342 27049
16 17342 27050
16 17342 27051
16 17342 27052
16 17342 27053
16 17342 27054
16 17342 27055
16 17342 27056
16 17342 27057
16 17342 27058
16 17342 27059
16 17342 27060
16 17342 27061
16 17342 27062
16 17342 27063
16 17342 27064
16 17342 27065
16 17342 27066
16 17342 27067
16 17342 27068
16 17342 27069
16 17342 27070
16 17342 27071
16 17342 27072
16 17342 27073
16 17342 27074
16 17342 27075
16 17342 27076
16 17342 27077
16 17342 27078
16 17342 27079
16 17342 27080
16 17342 27081
16 17342 27082
16 17342 27083
16 17342 27084
16 17342 27085
16 17342 27086
16 17342 27087
16 17342 27088
16 17342 27089
16 17342 27090
16 17342 27091
16 17342 27092
16 17342 27093
16 17342 27094
16 17342 27095
16 17342 27096
16 17342 27097
16 17342 27098
16 17342 27099
16 17342 27100
16 17342 27101
16 17342 27102
16 17342 27103
16 17342 27104
16 17342 27105
16 17342 27106
16 17342 27107
16 17342 27108
16 17342 27109
16 17342 27110
16 17342 27111
16 17342 27112
16 17342 27113
16 17342 27114
16 17342 27115
16 17342 27116
16 17342 27117
16 17342 27118
16 17342 27119
16 17342 27120
16 17342 27121
16 17342 27122
16 17342 27123
16 17342 27124
16 17342 27125
16 17342 27126
16 17342 27127
16 17342 27128
16 17342 27129
16 17342 27130
16 17342 27131
16 17343 27006
16 17343 27014
16 17343 27043
16 17343 27045
16 17344 27007
16 17344 27092
16 17345 27046
16 17345 27048
16 17346 27021
16 17348 27058
16 17348 27074
16 17349 27065
16 17349 27071
16 17350 27011
16 17350 27080
16 17351 27004
16 17351 27006
16 17351 27007
16 17351 27066
16 17351 27071
16 17351 27073
16 17352 27030
16 17352 27066
16 17352 27068
16 17352 27069
16 17352 27073
16 17353 27001
16 17353 27004
16 17353 27072
16 17354 27007
16 17354 27011
16 17354 27063
16 17354 27069
16 17354 27070
16 17354 27072
16 17355 27002
16 17355 27003
16 17355 27047
16 17355 27063
16 17355 27066
16 17355 27069
16 17355 27072
16 17356 27000
16 17356 27012
16 17356 27036
16 17356 27061
16 17357 27002
16 17357 27018
16 17357 27021
16 17357 27060
16 17357 27066
16 17358 27018
16 17358 27019
16 17358 27057
16 17358 27060
16 17358 27065
16 17359 27003
16 17359 27022
16 17360 27022
16 17360 27054
16 17361 27065
16 17362 27017
16 17362 27052
16 17362 27053
16 17362 27054
16 17363 27019
16 17363 27024
16 17363 27063
16 17363 27066
16 17364 27026
16 17365 27027
16 17366 27023
16 17366 27024
16 17366 27057
16 17366 27079
16 17367 27062
16 17368 27024
16 17368 27030
16 17369 27015
16 17369 27030
16 17369 27052
16 17370 27020
16 17370 27056
16 17371 27016
16 17371 27018
16 17371 27032
16 17372 27042
16 17372 27044
16 17372 27057
16 17373 27000
16 17373 27033
16 17374 27036
16 17375 27031
16 17375 27033
16 17377 27036
16 17377 27037
16 17377 27042
16 17378 27043
16 17379 27030
16 17380 27036
16 17380 27042
16 17381 27019
16 17383 27016
16 17383 27019
16 17383 27075
16 17384 27041
16 17384 27049
16 17385 27049
16 17386 27008
16 17386 27016
16 17386 27025
16 17386 27057
16 17387 27037
16 17388 27039
16 17390 27020
16 17390 27038
16 17391 27050
16 17391 27059
16 17392 27013
16 17392 27033
16 17392 27034
16 17392 27037
16 17393 27052
16 17394 27024
16 17395 27038
16 17395 27041
16 17395 27046
16 17395 27056
16 17396 27043
16 17396 27048
16 17397 27038
16 17397 27042
16 17398 27003
16 17398 27027
16 17398 27037
16 17398 27038
16 17398 27058
16 17399 27033
16 17399 27035
16 17399 27038
16 17399 27041
16 17400 27045
16 17400 27047
16 17401 27025
16 17403 27003
16 17403 27014
16 17403 27030
16 17403 27032
16 17404 27003
16 17404 27014
16 17404 27016
16 17404 27022
16 17404 27028
16 17404 27040
16 17404 27057
16 17405 27009
16 17405 27021
16 17405 27030
16 17405 27033
16 17405 27044
16 17405 27048
16 17406 27005
16 17406 27016
16 17406 27038
16 17406 27046
16 17407 27001
16 17407 27007
16 17407 27033
16 17407 27034
16 17407 27038
16 17407 27043
16 17407 27060
16 17408 27037
16 17409 27033
16 17409 27034
16 17409 27042
16 17409 27054
16 17409 27056
16 17410 27026
16 17410 27028
16 17410 27031
16 17410 27034
16 17410 27044
16 17410 27048
16 17410 27055
16 17411 27025
16 17411 27040
16 17411 27060
16 17412 27042
16 17412 27045
16 17412 27049
16 17412 27060
16 17413 27031
16 17413 27052
16 17413 27056
16 17414 27043
16 17414 27044
16 17414 27049
16 17414 27053
16 17414 27054
16 17415 27032
16 17416 27021
16 17416 27023
16 17416 27027
16 17416 27031
16 17417 27022
16 17417 27023
16 17417 27026
16 17418 27023
16 17418 27026
16 17418 27028
16 17420 27001
16 17420 27025
16 17423 27026
16 17424 27022
16 17425 27023
16 17425 27025
16 17426 27018
16 17427 27015
16 17427 27016
16 17428 27002
16 17429 27015
16 17429 27019
16 17430 27021
16 17431 27001
16 17431 27015
16 17431 27016
16 17431 27020
16 17432 27019
16 17434 27015
16 17434 27020
16 17435 27020
16 17436 27003
16 17436 27004
16 17436 27020
16 17437 27006
16 17437 27007
16 17437 27008
16 17437 27009
16 17437 27019
16 17437 27020
16 17438 27004
16 17438 27006
16 17438 27012
16 17438 27014
16 17438 27016
16 17438 27017
16 17438 27019
16 17438 27020
16 17439 27012
16 17439 27015
16 17440 27003
16 17440 27010
16 17440 27011
16 17440 27060
16 17441 27000
16 17441 27003
16 17441 27010
16 17441 27018
16 17441 27020
16 17442 27030
16 17443 27019
16 17443 27021
16 17443 27022
16 17444 27007
16 17444 27016
16 17444 27018
16 17444 27021
16 17444 27022
16 17445 27016
16 17445 27023
16 17445 27030
16 17446 27019
16 17446 27020
16 17446 27023
16 17447 27006
16 17447 27014
16 17447 27019
16 17447 27022
16 17449 27006
16 17449 27010
16 17449 27018
16 17449 27021
16 17451 27013
16 17452 27019
16 17452 27020
16 17454 27018
16 17455 27020
16 17459 27006
16 17459 27018
16 17460 27022
16 17462 27018
16 17464 27007
16 17464 27017
16 17464 27027
16 17465 27017
16 17468 27016
16 17468 27022
16 17469 27000
16 17469 27017
16 17470 27002
16 17470 27016
16 17471 27003
16 17471 27016
16 17472 27016
16 17473 27006
16 17473 27014
16 17473 27017
16 17476 27016
16 17476 27017
16 17476 27021
16 17478 27020
16 17478 27022
16 17479 27023
16 17480 27023
16 17481 27007
16 17481 27009
16 17481 27023
16 17482 27006
16 17482 27012
16 17482 27024
16 17483 27002
16 17483 27024
16 17484 27024
16 17485 27026
16 17485 27027
16 17486 27026
16 17487 27027
16 17488 27029
16 17488 27030
16 17489 27030
16 17491 27009
16 17493 27000
16 17493 27025
16 17493 27026
16 17493 27032
16 17494 27010
16 17494 27032
16 17495 27011
16 17495 27034
16 17496 27003
16 17496 27034
16 17497 27020
16 17500 27010
16 17502 27014
16 17502 27038
16 17503 27020
16 17504 27037
16 17507 27042
16 17507 27044
16 17509 27011
16 17509 27031
16 17509 27042
16 17509 27048
17 34684 53999
17 34684 54000
17 34684 54001
17 34684 54002
17 34684 54003
17 34684 54004
17 34684 54005
17 34684 54006
17 34684 54007
17 34684 54008
17 34684 54009
17 34684 54010
17 34684 54011
17 34684 54012
17 34684 54013
17 34684 54014
17 34684 54015
17 34684 54016
17 34684 54017
17 34684 54018
17 34684 54019
17 34684 54020
17 34684 54021
17 34684 54022
17 34684 54023
17 34684 54024
17 34684 54025
17 34684 54026
17 34684 54027
17 34684 54028
17 34684 54029
17 34684 54030
17 34684 54031
17 34684 54032
17 34684 54033
17 34684 54034
17 34684 54035
17 34684 54036
17 34684 54037
17 34684 54038
17 34684 54039
17 34684 54040
17 34684 54041
17 34684 54042
17 34684 54043
17 34684 54044
17 34684 54045
17 34684 54046
17 34684 54047
17 34684 54048
17 34684 54049
17 34684 54050
17 34684 54051
17 34684 54052
17 34684 54053
17 34684 54054
17 34684 54055
17 34684 54056
17 34684 54057
17 34684 54058
17 34684 54059
17 34684 54060
17 34684 54061
17 34684 54062
17 34684 54063
17 34684 54064
17 34684 54065
17 34684 54066
17 34684 54067
17 34684 54068
17 34684 54069
17 34684 54070
17 34684 54071
17 34684 54072
17 34684 54073
17 34684 54074
17 34684 54075
17 34684 54076
17 34684 54077
17 34684 54078
17 34684 54079
17 34684 54080
17 34684 54081
17 34684 54082
17 34684 54083
17 34684 54084
17 34684 54085
17 34684 54086
17 34684 54087
17 34684 54088
17 34684 54089
17 34684 54090
17 34684 54091
17 34684 54092
17 34684 54093
17 34684 54094
17 34684 54095
17 34684 54096
17 34684 54097
17 34684 54098
17 34684 54099
17 34684 54100
17 34684 54101
17 34684 54102
17 34684 54103
17 34684 54104
17 34684 54105
17 34684 54106
17 34684 54107
17 34684 54108
17 34684 54109
17 34684 54110
17 34684 54111
17 34684 54112
17 34684 54113
17 34684 54114
17 34684 54115
17 34684 54116
17 34684 54117
17 34684 54118
17 34684 54119
17 34684 54120
17 34684 54121
17 34684 54122
17 34684 54123
17 34684 54124
17 34684 54125
17 34684 54126
17 34684 54127
17 34684 54128
17 34684 54129
17 34684 54130
17 34684 54131
17 34684 54132
17 34684 54133
17 34684 54134
17 34684 54135
17 34684 54136
17 34684 54137
17 34684 54138
17 34684 54139
17 34684 54140
17 34684 54141
17 34684 54142
17 34684 54143
17 34684 54144
17 34684 54145
17 34684 54146
17 34684 54147
17 34684 54148
17 34684 54149
17 34684 54150
17 34684 54151
17 34684 54152
17 34684 54153
17 34684 54154
17 34684 54155
17 34684 54156
17 34684 54157
17 34684 54158
17 34684 54159
17 34684 54160
17 34684 54161
17 34684 54162
17 34684 54163
17 34684 54164
17 34684 54165
17 34684 54166
17 34684 54167
17 34684 54168
17 34684 54169
17 34684 54170
17 34684 54171
17 34684 54172
17 34684 54173
17 34684 54174
17 34684 54175
17 34684 54176
17 34684 54177
17 34684 54178
17 34684 54179
17 34684 54180
17 34684 54181
17 34684 54182
17 34684 54183
17 34684 54184
17 34684 54185
17 34684 54186
17 34684 54187
17 34684 54188
17 34684 54189
17 34684 54190
17 34684 54191
17 34684 54192
17 34684 54193
17 34684 54194
17 34684 54195
17 34684 54196
17 34684 54197
17 34684 54198
17 34684 54199
17 34684 54200
17 34684 54201
17 34684 54202
17 34684 54203
17 34684 54204
17 34684 54205
17 34684 54206
17 34684 54207
17 34684 54208
17 34684 54209
17 34684 54210
17 34684 54211
17 34684 54212
17 34684 54213
17 34684 54214
17 34684 54215
17 34684 54216
17 34684 54217
17 34684 54218
17 34684 54219
17 34684 54220
17 34684 54221
17 34684 54222
17 34684 54223
17 34684 54224
17 34684 54225
17 34684 54226
17 34684 54227
17 34684 54228
17 34684 54229
17 34684 54230
17 34684 54231
17 34684 54232
17 34684 54233
17 34684 54234
17 34684 54235
17 34684 54236
17 34684 54237
17 34684 54238
17 34684 54239
17 34684 54240
17 34684 54241
17 34684 54242
17 34684 54243
17 34684 54244
17 34684 54245
17 34684 54246
17 34684 54247
17 34684 54248
17 34684 54249
17 34684 54250
17 34684 54251
17 34684 54252
17 34684 54253
17 34684 54254
17 34684 54255
17 34684 54256
17 34684 54257
17 34684 54258
17 34684 54259
17 34684 54260
17 34684 54261
17 34684 54262
17 34732 54048
17 34880 54022
18 69368 107999
18 69464 108096
18 69761 108044
3 2 3
4 4 6
4 4 6
5 8 13
5 8 13
6 16 26
6 16 26
6 17 26
6 17 26
7 33 52
7 33 52
7 34 52
7 34 52
