11 589 811
12 1174 1620
12 1174 1620
12 1174 1621
12 1174 1621
12 1174 1623
12 1174 1623
12 1175 1620
12 1175 1620
12 1177 1623
12 1177 1623
12 1178 1622
12 1178 1622
12 1178 1623
12 1178 1623
13 2349 3240
13 2349 3240
13 2349 3241
13 2349 3241
13 2349 3242
13 2349 3242
13 2349 3243
13 2349 3243
13 2349 3246
13 2349 3246
13 2349 3247
13 2349 3247
13 2350 3240
13 2350 3240
13 2350 3241
13 2350 3241
13 2350 3242
13 2350 3242
13 2351 3240
13 2351 3240
13 2351 3241
13 2351 3241
13 2352 3240
13 2352 3240
13 2353 3247
13 2353 3247
13 2354 3246
13 2354 3246
13 2354 3247
13 2354 3247
13 2355 3245
13 2355 3245
13 2355 3246
13 2355 3246
13 2355 3247
13 2355 3247
13 2356 3240
13 2356 3240
13 2356 3244
13 2356 3244
13 2356 3245
13 2356 3245
13 2356 3246
13 2356 3246
13 2356 3247
13 2356 3247
13 2357 3240
13 2357 3240
13 2357 3241
13 2357 3241
13 2357 3244
13 2357 3244
13 2357 3245
13 2357 3245
13 2357 3246
13 2357 3246
13 2357 3247
13 2357 3247
14 4698 6480
14 4698 6481
14 4698 6482
14 4698 6483
14 4698 6484
14 4698 6485
14 4698 6486
14 4698 6487
14 4698 6488
14 4698 6489
14 4698 6490
14 4698 6491
14 4698 6492
14 4698 6493
14 4698 6494
14 4698 6495
15 9396 12960
15 9396 12961
15 9396 12962
15 9396 12963
15 9396 12964
15 9396 12965
15 9396 12966
15 9396 12967
15 9396 12968
15 9396 12969
15 9396 12970
15 9396 12971
15 9396 12972
15 9396 12973
15 9396 12974
15 9396 12975
15 9396 12976
15 9396 12977
15 9396 12978
15 9396 12979
15 9396 12980
15 9396 12981
15 9396 12982
15 9396 12983
15 9396 12984
15 9396 12985
15 9396 12986
15 9396 12987
15 9396 12988
15 9396 12989
15 9396 12990
15 9396 12991
16 18792 25920
17 37584 51840
18 75168 103681
3 2 3
4 4 6
4 4 6
5 9 12
5 9 12
6 18 25
6 18 25
7 36 50
7 36 50
