12 1216 1533
12 1216 1533
12 1217 1533
12 1217 1533
13 2433 3066
13 2433 3066
13 2434 3066
13 2434 3066
14 4866 6132
15 9732 12258
15 9732 12259
15 9732 12260
15 9732 12261
15 9732 12262
15 9732 12263
15 9732 12264
15 9732 12265
16 19465 24516
16 19465 24517
16 19465 24518
16 19465 24519
16 19465 24520
16 19465 24521
16 19465 24522
16 19465 24523
16 19465 24524
16 19465 24525
16 19465 24526
16 19465 24527
16 19465 24528
16 19465 24529
16 19465 24530
16 19465 24531
17 38931 49033
18 77862 98067
3 2 2
4 4 5
4 4 5
5 9 11
5 9 11
6 19 23
6 19 23
7 38 47
7 38 47
8 76 95
8 76 95
