11 535 841
11 535 842
12 1063 1685
12 1063 1685
12 1064 1685
12 1064 1685
12 1065 1682
12 1065 1682
12 1065 1685
12 1065 1685
12 1066 1682
12 1066 1682
12 1066 1685
12 1066 1685
12 1067 1682
12 1067 1682
12 1068 1682
12 1068 1682
12 1069 1682
12 1069 1682
12 1069 1683
12 1069 1683
12 1069 1684
12 1069 1684
12 1069 1685
12 1069 1685
12 1070 1682
12 1070 1682
12 1070 1683
12 1070 1683
12 1070 1684
12 1070 1684
12 1070 1685
12 1070 1685
13 2126 3364
13 2126 3364
13 2126 3365
13 2126 3365
13 2126 3370
13 2126 3370
13 2127 3364
13 2127 3364
13 2127 3370
13 2127 3370
13 2128 3364
13 2128 3364
13 2128 3370
13 2128 3370
13 2129 3364
13 2129 3364
13 2129 3365
13 2129 3365
13 2129 3370
13 2129 3370
13 2130 3364
13 2130 3364
13 2130 3365
13 2130 3365
13 2130 3370
13 2130 3370
13 2131 3364
13 2131 3364
13 2131 3365
13 2131 3365
13 2131 3370
13 2131 3370
13 2132 3364
13 2132 3364
13 2132 3365
13 2132 3365
13 2132 3370
13 2132 3370
13 2133 3364
13 2133 3364
13 2133 3365
13 2133 3365
13 2133 3370
13 2133 3370
13 2134 3364
13 2134 3364
13 2134 3365
13 2134 3365
13 2134 3370
13 2134 3370
13 2135 3364
13 2135 3364
13 2135 3365
13 2135 3365
13 2136 3364
13 2136 3364
13 2136 3365
13 2136 3365
13 2137 3364
13 2137 3364
13 2137 3365
13 2137 3365
13 2137 3366
13 2137 3366
13 2137 3367
13 2137 3367
13 2138 3364
13 2138 3364
13 2138 3365
13 2138 3365
13 2138 3366
13 2138 3366
13 2138 3367
13 2138 3367
13 2138 3368
13 2138 3368
13 2138 3369
13 2138 3369
13 2138 3370
13 2138 3370
13 2139 3364
13 2139 3364
13 2139 3365
13 2139 3365
13 2139 3366
13 2139 3366
13 2139 3367
13 2139 3367
13 2139 3368
13 2139 3368
13 2139 3369
13 2139 3369
13 2139 3370
13 2139 3370
13 2140 3364
13 2140 3364
13 2140 3365
13 2140 3365
13 2140 3366
13 2140 3366
13 2140 3367
13 2140 3367
13 2140 3368
13 2140 3368
13 2140 3369
13 2140 3369
13 2140 3370
13 2140 3370
13 2141 3364
13 2141 3364
13 2141 3365
13 2141 3365
13 2141 3366
13 2141 3366
13 2141 3367
13 2141 3367
13 2141 3368
13 2141 3368
13 2141 3369
13 2141 3369
13 2141 3370
13 2141 3370
14 4253 6729
14 4253 6730
14 4253 6731
14 4253 6739
14 4253 6740
14 4254 6729
14 4254 6730
14 4254 6739
14 4255 6739
14 4256 6729
14 4256 6730
14 4259 6731
14 4260 6730
14 4260 6731
14 4261 6730
14 4262 6740
14 4263 6730
14 4263 6740
14 4264 6729
14 4264 6740
14 4265 6730
14 4265 6731
14 4266 6729
14 4266 6731
14 4266 6740
14 4267 6730
14 4267 6731
14 4270 6730
14 4270 6731
14 4271 6730
14 4272 6730
14 4272 6732
14 4273 6733
14 4273 6734
14 4274 6730
14 4274 6731
14 4274 6732
14 4274 6734
14 4274 6735
14 4275 6734
14 4275 6735
14 4275 6736
14 4275 6737
14 4275 6738
14 4275 6740
14 4276 6738
14 4276 6739
14 4277 6735
14 4277 6738
14 4277 6739
14 4277 6740
14 4278 6730
14 4278 6734
14 4278 6737
14 4278 6738
14 4279 6730
14 4279 6734
14 4279 6736
14 4279 6737
14 4279 6739
14 4280 6730
14 4280 6731
14 4280 6735
14 4280 6738
14 4280 6739
14 4281 6731
14 4281 6734
14 4281 6736
14 4281 6739
14 4281 6740
14 4282 6738
15 8506 13458
15 8506 13459
15 8506 13460
15 8506 13461
15 8506 13462
15 8506 13463
15 8506 13464
15 8506 13465
15 8506 13466
15 8506 13467
15 8506 13468
15 8506 13469
15 8506 13470
15 8506 13471
15 8506 13472
15 8506 13473
15 8506 13474
15 8506 13475
15 8506 13476
15 8506 13477
15 8506 13478
15 8506 13479
15 8506 13480
15 8506 13481
15 8507 13460
15 8508 13459
15 8508 13460
15 8508 13461
15 8509 13460
15 8509 13479
15 8510 13478
15 8511 13478
15 8512 13458
15 8512 13460
15 8512 13478
15 8513 13462
15 8517 13479
15 8519 13462
15 8520 13463
15 8521 13461
15 8521 13462
15 8522 13460
15 8522 13479
15 8523 13479
15 8524 13480
15 8525 13480
15 8526 13461
15 8526 13480
15 8527 13479
15 8528 13480
15 8529 13458
15 8529 13480
15 8530 13460
15 8530 13463
15 8531 13463
15 8532 13459
15 8532 13481
15 8533 13463
15 8534 13461
15 8534 13463
15 8537 13464
15 8539 13464
15 8540 13460
15 8540 13461
15 8540 13462
15 8543 13461
15 8544 13466
15 8545 13460
15 8548 13460
15 8548 13462
15 8548 13464
15 8549 13469
15 8550 13470
15 8550 13471
15 8550 13477
15 8550 13480
15 8551 13469
15 8551 13474
15 8551 13477
15 8553 13476
15 8553 13479
15 8554 13476
15 8554 13477
15 8554 13479
15 8555 13470
15 8555 13477
15 8555 13480
15 8556 13460
15 8556 13469
15 8557 13469
15 8557 13474
15 8557 13477
15 8558 13460
15 8558 13475
15 8559 13460
15 8559 13469
15 8559 13473
15 8559 13478
15 8560 13460
15 8560 13463
15 8560 13476
15 8560 13478
15 8561 13461
15 8561 13463
15 8561 13471
15 8561 13476
15 8562 13462
15 8562 13480
15 8563 13462
15 8563 13463
15 8563 13468
15 8563 13473
15 8563 13478
15 8563 13479
15 8564 13476
16 17013 26917
16 17013 26918
16 17013 26919
16 17013 26920
16 17013 26921
16 17013 26922
16 17013 26923
16 17013 26924
16 17013 26925
16 17013 26926
16 17013 26927
16 17013 26928
16 17013 26929
16 17013 26930
16 17013 26931
16 17013 26932
16 17013 26933
16 17013 26934
16 17013 26935
16 17013 26936
16 17013 26937
16 17013 26938
16 17013 26939
16 17013 26940
16 17013 26941
16 17013 26942
16 17013 26943
16 17013 26944
16 17013 26945
16 17013 26946
16 17013 26947
16 17013 26948
16 17013 26949
16 17013 26950
16 17013 26951
16 17013 26952
16 17013 26953
16 17013 26954
16 17013 26955
16 17013 26956
16 17013 26957
16 17013 26958
16 17013 26959
16 17013 26960
16 17013 26961
16 17013 26962
16 17013 26963
16 17014 26920
16 17017 26918
16 17017 26920
16 17017 26923
16 17018 26920
16 17019 26958
16 17021 26956
16 17023 26956
16 17024 26956
16 17025 26917
16 17025 26921
16 17026 26924
16 17026 26925
16 17035 26958
16 17036 26957
16 17038 26957
16 17039 26925
16 17040 26927
16 17041 26926
16 17042 26925
16 17043 26922
16 17043 26923
16 17044 26921
16 17044 26959
16 17046 26959
16 17049 26960
16 17051 26959
16 17051 26960
16 17053 26922
16 17053 26960
16 17054 26959
16 17056 26960
16 17057 26961
16 17058 26917
16 17058 26961
16 17059 26961
16 17060 26920
16 17060 26927
16 17063 26926
16 17065 26919
16 17065 26962
16 17067 26926
16 17068 26922
16 17068 26927
16 17070 26959
16 17072 26930
16 17075 26929
16 17076 26930
16 17078 26928
16 17080 26920
16 17080 26923
16 17080 26924
16 17087 26923
16 17089 26933
16 17091 26921
16 17092 26961
16 17096 26924
16 17096 26928
16 17097 26920
16 17099 26939
16 17100 26940
16 17100 26943
16 17100 26960
16 17101 26955
16 17102 26939
16 17102 26949
16 17102 26954
16 17107 26953
16 17107 26958
16 17108 26955
16 17108 26958
16 17109 26952
16 17110 26941
16 17110 26955
16 17111 26961
16 17112 26920
16 17113 26938
16 17114 26938
16 17115 26948
16 17115 26955
16 17116 26920
16 17117 26951
16 17118 26921
16 17118 26938
16 17118 26946
16 17118 26957
16 17120 26921
16 17121 26927
16 17121 26952
16 17121 26956
16 17122 26926
16 17123 26922
16 17123 26943
16 17123 26952
16 17124 26925
16 17124 26960
16 17126 26924
16 17126 26936
16 17126 26947
16 17126 26956
16 17126 26959
16 17127 26927
16 17128 26953
17 34026 53834
17 34026 53835
17 34026 53836
17 34026 53837
17 34026 53838
17 34026 53839
17 34026 53840
17 34026 53841
17 34026 53842
17 34026 53843
17 34026 53844
17 34026 53845
17 34026 53846
17 34026 53847
17 34026 53848
17 34026 53849
17 34026 53850
17 34026 53851
17 34026 53852
17 34026 53853
17 34026 53854
17 34026 53855
17 34026 53856
17 34026 53857
17 34026 53858
17 34026 53859
17 34026 53860
17 34026 53861
17 34026 53862
17 34026 53863
17 34026 53864
17 34026 53865
17 34026 53866
17 34026 53867
17 34026 53868
17 34026 53869
17 34026 53870
17 34026 53871
17 34026 53872
17 34026 53873
17 34026 53874
17 34026 53875
17 34026 53876
17 34026 53877
17 34026 53878
17 34026 53879
17 34026 53880
17 34026 53881
17 34026 53882
17 34026 53883
17 34026 53884
17 34026 53885
17 34026 53886
17 34026 53887
17 34026 53888
17 34026 53889
17 34026 53890
17 34026 53891
17 34026 53892
17 34026 53893
17 34026 53894
17 34026 53895
17 34026 53896
17 34026 53897
17 34026 53898
17 34026 53899
17 34026 53900
17 34026 53901
17 34026 53902
17 34026 53903
17 34026 53904
17 34026 53905
17 34026 53906
17 34026 53907
17 34026 53908
17 34026 53909
17 34026 53910
17 34026 53911
17 34026 53912
17 34026 53913
17 34026 53914
17 34026 53915
17 34026 53916
17 34026 53917
17 34026 53918
17 34026 53919
17 34026 53920
17 34026 53921
17 34026 53922
17 34026 53923
17 34026 53924
17 34026 53925
17 34026 53926
18 68053 107668
18 68053 107669
18 68053 107670
18 68053 107671
18 68053 107672
18 68053 107673
18 68053 107674
18 68053 107675
18 68053 107676
18 68053 107677
18 68053 107678
18 68053 107679
18 68053 107680
18 68053 107681
18 68053 107682
18 68053 107683
18 68053 107684
18 68053 107685
18 68053 107686
18 68053 107687
18 68053 107688
18 68053 107689
18 68053 107690
18 68053 107691
18 68053 107692
18 68053 107693
18 68053 107694
18 68053 107695
18 68053 107696
18 68053 107697
18 68053 107698
18 68053 107699
18 68053 107700
18 68053 107701
18 68053 107702
18 68053 107703
18 68053 107704
18 68053 107705
18 68053 107706
18 68053 107707
18 68053 107708
18 68053 107709
18 68053 107710
18 68053 107711
18 68053 107712
18 68053 107713
18 68053 107714
18 68053 107715
18 68053 107716
18 68053 107717
18 68053 107718
18 68053 107719
18 68053 107720
18 68053 107721
18 68053 107722
18 68053 107723
18 68053 107724
18 68053 107725
18 68053 107726
18 68053 107727
18 68053 107728
18 68053 107729
18 68053 107730
18 68053 107731
18 68053 107732
18 68053 107733
18 68053 107734
18 68053 107735
18 68053 107736
18 68053 107737
18 68053 107738
18 68053 107739
18 68053 107740
18 68053 107741
18 68053 107742
18 68053 107743
18 68053 107744
18 68053 107745
18 68053 107746
18 68053 107747
18 68053 107748
18 68053 107749
18 68053 107750
18 68053 107751
18 68053 107752
18 68053 107753
18 68053 107754
18 68053 107755
18 68053 107756
18 68053 107757
18 68053 107758
18 68053 107759
18 68053 107760
18 68053 107761
18 68053 107762
18 68053 107763
18 68053 107764
18 68053 107765
18 68053 107766
18 68053 107767
18 68053 107768
18 68053 107769
18 68053 107770
18 68053 107771
18 68053 107772
18 68053 107773
18 68053 107774
18 68053 107775
18 68053 107776
18 68053 107777
18 68053 107778
18 68053 107779
18 68053 107780
18 68053 107781
18 68053 107782
18 68053 107783
18 68053 107784
18 68053 107785
18 68053 107786
18 68053 107787
18 68053 107788
18 68053 107789
18 68053 107790
18 68053 107791
18 68053 107792
18 68053 107793
18 68053 107794
18 68053 107795
18 68053 107796
18 68053 107797
18 68053 107798
18 68053 107799
18 68053 107800
18 68053 107801
18 68053 107802
18 68053 107803
18 68053 107804
18 68053 107805
18 68053 107806
18 68053 107807
18 68053 107808
18 68053 107809
18 68053 107810
18 68053 107811
18 68053 107812
18 68053 107813
18 68053 107814
18 68053 107815
18 68053 107816
18 68053 107817
18 68053 107818
18 68053 107819
18 68053 107820
18 68053 107821
18 68053 107822
18 68053 107823
18 68053 107824
18 68053 107825
18 68053 107826
18 68053 107827
18 68053 107828
18 68053 107829
18 68053 107830
18 68053 107831
18 68053 107832
18 68053 107833
18 68053 107834
18 68053 107835
18 68053 107836
18 68053 107837
18 68053 107838
18 68053 107839
18 68053 107840
18 68053 107841
18 68053 107842
18 68053 107843
18 68053 107844
18 68053 107845
18 68053 107846
18 68053 107847
18 68053 107848
18 68053 107849
18 68053 107850
18 68053 107851
18 68053 107852
3 2 3
4 4 6
4 4 6
5 8 13
5 8 13
6 16 26
6 16 26
7 33 52
7 33 52
8 66 105
8 66 105
