11 489 844
11 489 844
12 979 1688
12 979 1688
12 979 1689
12 979 1689
12 979 1691
12 979 1691
12 980 1688
12 980 1688
12 981 1691
12 981 1691
13 1958 3376
13 1958 3376
13 1958 3377
13 1958 3377
13 1958 3378
13 1958 3378
13 1958 3379
13 1958 3379
13 1958 3380
13 1958 3380
13 1958 3381
13 1958 3381
13 1958 3382
13 1958 3382
13 1959 3376
13 1959 3376
13 1959 3377
13 1959 3377
13 1959 3378
13 1959 3378
13 1959 3379
13 1959 3379
13 1959 3382
13 1959 3382
13 1960 3376
13 1960 3376
13 1960 3377
13 1960 3377
13 1960 3378
13 1960 3378
13 1961 3376
13 1961 3376
13 1961 3377
13 1961 3377
13 1961 3382
13 1961 3382
13 1962 3376
13 1962 3376
13 1962 3381
13 1962 3381
13 1962 3382
13 1962 3382
13 1963 3376
13 1963 3376
13 1963 3377
13 1963 3377
13 1963 3380
13 1963 3380
13 1963 3381
13 1963 3381
13 1963 3382
13 1963 3382
14 3916 6753
15 7833 13506
16 15666 27013
17 31333 54027
18 62667 108054
3 1 3
4 3 6
4 3 6
5 7 13
5 7 13
6 15 26
6 15 26
7 30 52
7 30 52
8 61 105
8 61 105
14 3916 6754
14 3916 6755
14 3916 6756
14 3916 6757
14 3916 6758
14 3916 6759
14 3916 6760
14 3916 6761
14 3916 6762
14 3916 6763
14 3916 6764
15 7833 13507
15 7833 13508
15 7833 13509
15 7833 13510
15 7833 13511
15 7833 13512
15 7833 13513
15 7833 13514
15 7833 13515
15 7833 13516
15 7833 13517
15 7833 13518
15 7833 13519
15 7833 13520
15 7833 13521
15 7833 13522
15 7833 13523
15 7833 13524
15 7833 13525
15 7833 13526
15 7833 13527
15 7833 13528
