13 2226 3462
13 2226 3463
13 2226 3464
13 2226 3465
13 2226 3466
13 2226 3467
13 2226 3468
13 2226 3469
13 2226 3470
13 2226 3471
13 2226 3472
13 2226 3473
13 2226 3474
13 2226 3475
13 2226 3476
13 2227 3462
13 2227 3463
13 2227 3464
13 2227 3465
13 2227 3466
13 2227 3467
13 2227 3468
13 2227 3469
13 2227 3470
13 2227 3471
13 2227 3472
13 2227 3473
13 2227 3474
13 2227 3475
13 2227 3476
13 2228 3462
13 2228 3463
13 2228 3464
13 2228 3465
13 2228 3466
13 2228 3467
13 2228 3468
13 2228 3469
13 2228 3470
13 2228 3471
13 2228 3472
13 2228 3473
13 2228 3474
13 2228 3475
13 2228 3476
13 2229 3462
13 2229 3463
13 2229 3464
13 2229 3465
13 2229 3466
13 2229 3467
13 2229 3468
13 2229 3469
13 2229 3470
13 2229 3473
13 2229 3474
13 2229 3475
13 2229 3476
13 2230 3462
13 2230 3463
13 2230 3464
13 2230 3465
13 2230 3466
13 2230 3467
13 2230 3468
13 2230 3469
13 2230 3475
13 2230 3476
13 2231 3462
13 2231 3463
13 2231 3464
13 2231 3465
13 2231 3466
13 2231 3467
13 2231 3468
13 2231 3469
13 2232 3462
13 2232 3463
13 2232 3464
13 2232 3465
13 2232 3466
13 2232 3467
13 2232 3468
13 2233 3462
13 2233 3463
13 2233 3464
13 2233 3465
13 2233 3466
13 2233 3467
13 2233 3468
13 2233 3469
13 2234 3462
13 2234 3463
13 2234 3464
13 2234 3465
13 2234 3466
13 2234 3467
13 2234 3468
13 2234 3469
13 2234 3470
13 2234 3471
13 2234 3472
13 2234 3476
13 2235 3462
13 2235 3463
13 2235 3464
13 2235 3465
13 2235 3466
13 2235 3467
13 2235 3468
13 2235 3469
13 2235 3470
13 2235 3471
13 2235 3472
13 2235 3473
13 2235 3474
13 2235 3475
13 2235 3476
13 2236 3462
13 2236 3463
13 2236 3464
13 2236 3465
13 2236 3466
13 2236 3467
13 2236 3468
13 2236 3469
13 2236 3470
13 2236 3471
13 2236 3472
13 2236 3473
13 2236 3474
13 2236 3475
13 2236 3476
