13 2235 3389
13 2235 3390
13 2235 3391
13 2235 3392
13 2235 3393
13 2235 3394
13 2235 3395
13 2235 3396
13 2235 3397
13 2235 3398
13 2236 3389
13 2236 3398
13 2237 3389
13 2237 3398
13 2238 3389
13 2238 3398
13 2239 3389
13 2239 3390
13 2239 3391
13 2239 3392
13 2239 3393
13 2239 3394
13 2239 3395
13 2239 3396
13 2239 3397
13 2239 3398
13 2240 3389
13 2240 3390
13 2240 3391
13 2240 3392
13 2240 3393
13 2240 3394
13 2240 3395
13 2240 3396
13 2240 3397
13 2240 3398
13 2241 3389
13 2241 3390
13 2241 3391
13 2241 3392
13 2241 3393
13 2241 3394
13 2241 3395
13 2241 3396
13 2241 3397
13 2241 3398
13 2242 3389
13 2242 3390
13 2242 3391
13 2242 3392
13 2242 3393
13 2242 3394
13 2242 3395
13 2242 3396
13 2242 3397
13 2242 3398
