12 1175 1560
12 1175 1560
13 1309 2857
13 1309 2858
13 1309 2859
13 1310 2857
13 1310 2858
13 1310 2859
13 1311 2857
13 1311 2858
13 1311 2859
13 1311 2860
13 1312 2858
13 1312 2859
13 1312 2860
13 2351 3121
13 2351 3121
13 2352 3121
13 2352 3121
13 2532 2972
13 2532 2973
13 2532 2974
13 2533 2972
13 2533 2973
13 2533 2974
14 4702 6242
14 4702 6243
14 4702 6244
14 4702 6245
14 4702 6246
14 4702 6247
14 4702 6248
14 4702 6249
14 4702 6250
14 4702 6251
14 4702 6252
14 4702 6253
14 4702 6254
14 4702 6255
14 4702 6256
14 4702 6257
14 4702 6258
14 4702 6259
14 4702 6260
14 4702 6261
14 5080 5925
14 5080 5926
14 5080 5927
14 5081 5925
14 5081 5926
14 5081 5927
15 9405 12484
15 9405 12485
15 9405 12486
15 9405 12487
15 9405 12488
15 9405 12489
15 9405 12490
15 9405 12491
15 9405 12492
15 9405 12493
15 9405 12494
15 9405 12495
15 9405 12496
15 9405 12497
15 9405 12498
15 9405 12499
15 9405 12500
15 9405 12501
15 9405 12502
15 9405 12503
15 9405 12504
15 9405 12505
15 9405 12506
15 9405 12507
15 9405 12508
15 9405 12509
15 9405 12510
15 9405 12511
15 9405 12512
15 9405 12513
15 9405 12514
15 9405 12515
15 9405 12516
15 9405 12517
15 9405 12518
15 9405 12519
15 9405 12520
15 9405 12521
15 9405 12522
16 18811 24969
16 18813 24980
16 18836 25027
16 18848 24991
16 18850 24979
16 18891 24990
16 18893 25034
16 18898 24979
16 18900 25002
17 37623 49938
18 75246 99877
3 2 3
4 4 6
4 4 6
5 9 12
5 9 12
6 18 24
6 18 24
7 36 48
7 36 48
