10 296 391
11 592 782
12 1183 1564
12 1183 1564
12 1183 1565
12 1183 1565
12 1183 1566
12 1183 1566
12 1184 1563
12 1184 1563
12 1184 1564
12 1184 1564
12 1184 1565
12 1184 1565
12 1184 1566
12 1184 1566
13 2366 3128
13 2366 3128
13 2366 3129
13 2366 3129
13 2366 3130
13 2366 3130
13 2366 3131
13 2366 3131
13 2366 3132
13 2366 3132
13 2367 3125
13 2367 3125
13 2367 3126
13 2367 3126
13 2367 3127
13 2367 3127
13 2367 3128
13 2367 3128
13 2367 3129
13 2367 3129
13 2367 3130
13 2367 3130
13 2367 3131
13 2367 3131
13 2367 3132
13 2367 3132
13 2368 3125
13 2368 3125
13 2368 3126
13 2368 3126
13 2368 3127
13 2368 3127
13 2368 3128
13 2368 3128
13 2368 3129
13 2368 3129
13 2368 3130
13 2368 3130
13 2368 3131
13 2368 3131
13 2368 3132
13 2368 3132
13 2369 3125
13 2369 3125
13 2369 3126
13 2369 3126
13 2369 3127
13 2369 3127
13 2369 3128
13 2369 3128
13 2369 3129
13 2369 3129
13 2369 3130
13 2369 3130
13 2369 3131
13 2369 3131
13 2369 3132
13 2369 3132
14 4732 6256
14 4732 6257
14 4732 6258
14 4732 6259
14 4732 6260
14 4732 6261
14 4732 6262
14 4732 6263
14 4732 6264
14 4734 6250
14 4734 6251
14 4734 6252
14 4734 6253
14 4734 6254
14 4734 6255
14 4739 6246
14 4739 6247
14 4739 6248
14 4739 6249
15 9435 12492
15 9435 12529
15 9464 12511
15 9464 12512
15 9464 12513
15 9464 12514
15 9464 12515
15 9464 12516
15 9464 12517
15 9464 12518
15 9464 12519
15 9464 12520
15 9464 12521
15 9464 12522
15 9464 12523
15 9464 12524
15 9464 12525
15 9464 12526
15 9464 12527
15 9464 12528
15 9468 12499
15 9468 12500
15 9468 12501
15 9468 12502
15 9468 12503
15 9468 12504
15 9468 12505
15 9468 12506
15 9468 12507
15 9468 12508
15 9468 12509
15 9468 12510
15 9478 12493
15 9478 12494
15 9478 12495
15 9478 12496
15 9478 12497
15 9478 12498
16 18870 24984
16 18870 24985
16 18870 24986
16 18870 24987
16 18870 24988
16 18870 24989
16 18870 24990
16 18870 24991
16 18870 24992
16 18870 24993
16 18870 24994
16 18870 24995
16 18870 24996
16 18870 24997
16 18870 24998
16 18870 24999
16 18870 25000
16 18870 25001
16 18870 25002
16 18870 25003
16 18870 25004
16 18870 25005
16 18870 25006
16 18870 25007
16 18870 25008
16 18870 25009
16 18870 25010
16 18870 25011
16 18870 25012
16 18870 25013
16 18870 25014
16 18870 25015
16 18870 25016
16 18870 25017
16 18870 25018
16 18870 25019
16 18870 25020
16 18870 25021
16 18870 25022
16 18870 25023
16 18870 25024
16 18870 25025
16 18870 25026
16 18870 25027
16 18870 25028
16 18870 25029
16 18870 25030
16 18870 25031
16 18870 25032
16 18870 25033
16 18870 25034
16 18870 25035
16 18870 25036
16 18870 25037
16 18870 25038
16 18870 25039
16 18870 25040
16 18870 25041
16 18870 25042
16 18870 25043
16 18870 25044
16 18870 25045
16 18870 25046
16 18870 25047
16 18870 25048
16 18870 25049
16 18870 25050
16 18870 25051
16 18870 25052
16 18870 25053
16 18870 25054
16 18870 25055
16 18870 25056
16 18870 25057
16 18870 25058
16 18870 25059
16 18880 25052
16 18891 24990
16 18893 25034
16 18900 25002
16 18922 25004
17 37740 49969
18 75480 99939
3 2 3
4 4 6
4 4 6
5 9 12
5 9 12
6 18 24
6 18 24
7 36 48
7 36 48
7 37 48
7 37 48
