13 2235 3370
13 2235 3370
13 2235 3379
13 2235 3379
13 2236 3370
13 2236 3370
13 2236 3379
13 2236 3379
13 2237 3370
13 2237 3370
13 2237 3379
13 2237 3379
13 2238 3370
13 2238 3370
13 2238 3379
13 2238 3379
13 2239 3370
13 2239 3370
13 2239 3379
13 2239 3379
14 4470 6741
14 4470 6758
14 4472 6741
14 4475 6741
14 4475 6758
14 4476 6741
14 4476 6758
14 4477 6741
14 4478 6741
14 4479 6742
14 4479 6743
14 4479 6744
14 4479 6745
14 4479 6746
14 4479 6747
14 4479 6748
14 4479 6749
14 4479 6750
14 4479 6751
14 4479 6752
14 4479 6753
14 4479 6754
14 4479 6755
14 4479 6756
14 4479 6757
14 4978 6115
14 4978 6116
14 4979 6115
14 4979 6116
15 8940 13483
15 8940 13516
15 8944 13483
15 8950 13483
15 8951 13483
15 8951 13516
15 8952 13483
15 8953 13483
15 8953 13516
15 8954 13483
15 8955 13483
15 8956 13483
15 8957 13484
15 8957 13485
15 8957 13486
15 8957 13487
15 8957 13488
15 8957 13489
15 8957 13490
15 8957 13491
15 8957 13492
15 8957 13493
15 8957 13494
15 8957 13495
15 8957 13496
15 8957 13497
15 8957 13498
15 8957 13499
15 8957 13500
15 8957 13501
15 8957 13502
15 8957 13503
15 8957 13504
15 8957 13505
15 8957 13506
15 8957 13507
15 8957 13508
15 8957 13509
15 8957 13510
15 8957 13511
15 8957 13512
15 8957 13513
15 8957 13514
15 8957 13515
15 8958 13484
15 8958 13485
15 8958 13487
15 8958 13488
15 8958 13490
15 8958 13497
15 8958 13506
15 8958 13510
16 17880 26966
16 17880 26967
16 17880 26968
16 17880 26969
16 17880 26970
16 17880 26971
16 17880 26972
16 17880 26973
16 17880 26974
16 17880 26975
16 17880 26976
16 17880 26977
16 17880 26978
16 17880 26979
16 17880 26980
16 17880 26981
16 17880 26982
16 17880 26983
16 17880 26984
16 17880 26985
16 17880 26986
16 17880 26987
16 17880 26988
16 17880 26989
16 17880 26990
16 17880 26991
16 17880 26992
16 17880 26993
16 17880 26994
16 17880 26995
16 17880 26996
16 17880 26997
16 17880 26998
16 17880 26999
16 17880 27000
16 17880 27001
16 17880 27002
16 17880 27003
16 17880 27004
16 17880 27005
16 17880 27006
16 17880 27007
16 17880 27008
16 17880 27009
16 17880 27010
16 17880 27011
16 17880 27012
16 17880 27013
16 17880 27014
16 17880 27015
16 17880 27016
16 17880 27017
16 17880 27018
16 17880 27019
16 17880 27020
16 17880 27021
16 17880 27022
16 17880 27023
16 17880 27024
16 17880 27025
16 17880 27026
16 17880 27027
16 17880 27028
16 17880 27029
16 17880 27030
16 17880 27031
16 17880 27032
16 17880 27033
16 17888 26966
16 17900 26967
16 17902 26966
16 17902 27032
16 17903 27032
16 17904 26967
16 17906 26966
16 17907 26966
16 17907 27032
16 17908 26966
16 17911 26966
16 17912 26967
16 17913 26966
16 17914 26968
16 17914 26970
16 17914 26981
16 17914 27005
16 17914 27022
16 17914 27023
16 17915 26968
16 17915 26971
16 17915 26974
16 17915 26975
16 17915 26976
16 17915 26983
16 17915 27012
16 17916 26969
16 17916 26970
16 17916 26971
16 17916 26974
16 17916 26977
16 17916 27012
16 17916 27020
16 17917 26981
16 17917 26995
17 35760 53932
17 35760 53933
17 35760 53934
17 35760 53935
17 35760 53936
17 35760 53937
17 35760 53938
17 35760 53939
17 35760 53940
17 35760 53941
17 35760 53942
17 35760 53943
17 35760 53944
17 35760 53945
17 35760 53946
17 35760 53947
17 35760 53948
17 35760 53949
17 35760 53950
17 35760 53951
17 35760 53952
17 35760 53953
17 35760 53954
17 35760 53955
17 35760 53956
17 35760 53957
17 35760 53958
17 35760 53959
17 35760 53960
17 35760 53961
17 35760 53962
17 35760 53963
17 35760 53964
17 35760 53965
17 35760 53966
17 35760 53967
17 35760 53968
17 35760 53969
17 35760 53970
17 35760 53971
17 35760 53972
17 35760 53973
17 35760 53974
17 35760 53975
17 35760 53976
17 35760 53977
17 35760 53978
17 35760 53979
17 35760 53980
17 35760 53981
17 35760 53982
17 35760 53983
17 35760 53984
17 35760 53985
17 35760 53986
17 35760 53987
17 35760 53988
17 35760 53989
17 35760 53990
17 35760 53991
17 35760 53992
17 35760 53993
17 35760 53994
17 35760 53995
17 35760 53996
17 35760 53997
17 35760 53998
17 35760 53999
17 35760 54000
17 35760 54001
17 35760 54002
17 35760 54003
17 35760 54004
17 35760 54005
17 35760 54006
17 35760 54007
17 35760 54008
17 35760 54009
17 35760 54010
17 35760 54011
17 35760 54012
17 35760 54013
17 35760 54014
17 35760 54015
17 35760 54016
17 35760 54017
17 35760 54018
17 35760 54019
17 35760 54020
17 35760 54021
17 35760 54022
17 35760 54023
17 35760 54024
17 35760 54025
17 35760 54026
17 35760 54027
17 35760 54028
17 35760 54029
17 35760 54030
17 35760 54031
17 35760 54032
17 35760 54033
17 35760 54034
17 35760 54035
17 35760 54036
17 35760 54037
17 35760 54038
17 35760 54039
17 35760 54040
17 35760 54041
17 35760 54042
17 35760 54043
17 35760 54044
17 35760 54045
17 35760 54046
17 35760 54047
17 35760 54048
17 35760 54049
17 35760 54050
17 35760 54051
17 35760 54052
17 35760 54053
17 35760 54054
17 35760 54055
17 35760 54056
17 35760 54057
17 35760 54058
17 35760 54059
17 35760 54060
17 35760 54061
17 35760 54062
17 35760 54063
17 35760 54064
17 35760 54065
17 35760 54066
17 35786 53986
17 35790 53958
18 71521 107865
18 71521 107866
18 71521 107867
18 71521 107868
18 71521 107869
18 71521 107870
18 71521 107871
18 71521 107872
18 71521 107873
18 71521 107874
18 71521 107875
18 71521 107876
18 71521 107877
18 71521 107878
18 71521 107879
18 71521 107880
18 71521 107881
18 71521 107882
18 71521 107883
18 71521 107884
18 71521 107885
18 71521 107886
18 71521 107887
18 71521 107888
18 71521 107889
18 71521 107890
18 71521 107891
18 71521 107892
18 71521 107893
18 71521 107894
18 71521 107895
18 71521 107896
18 71521 107897
18 71521 107898
18 71521 107899
18 71521 107900
18 71521 107901
18 71521 107902
18 71521 107903
18 71521 107904
18 71521 107905
18 71521 107906
18 71521 107907
18 71521 107908
18 71521 107909
18 71521 107910
18 71521 107911
18 71521 107912
18 71521 107913
18 71521 107914
18 71521 107915
18 71521 107916
18 71521 107917
18 71521 107918
18 71521 107919
18 71521 107920
18 71521 107921
18 71521 107922
18 71521 107923
18 71521 107924
18 71521 107925
18 71521 107926
18 71521 107927
18 71521 107928
18 71521 107929
18 71521 107930
18 71521 107931
18 71521 107932
18 71521 107933
18 71521 107934
18 71521 107935
18 71521 107936
18 71521 107937
18 71521 107938
18 71521 107939
18 71521 107940
18 71521 107941
18 71521 107942
18 71521 107943
18 71521 107944
18 71521 107945
18 71521 107946
18 71521 107947
18 71521 107948
18 71521 107949
18 71521 107950
18 71521 107951
18 71521 107952
18 71521 107953
18 71521 107954
18 71521 107955
18 71521 107956
18 71521 107957
18 71521 107958
18 71521 107959
18 71521 107960
18 71521 107961
18 71521 107962
18 71521 107963
18 71521 107964
18 71521 107965
18 71521 107966
18 71521 107967
18 71521 107968
18 71521 107969
18 71521 107970
18 71521 107971
18 71521 107972
18 71521 107973
18 71521 107974
18 71521 107975
18 71521 107976
18 71521 107977
18 71521 107978
18 71521 107979
18 71521 107980
18 71521 107981
18 71521 107982
18 71521 107983
18 71521 107984
18 71521 107985
18 71521 107986
18 71521 107987
18 71521 107988
18 71521 107989
18 71521 107990
18 71521 107991
18 71521 107992
18 71521 107993
18 71521 107994
18 71521 107995
18 71521 107996
18 71521 107997
18 71521 107998
18 71521 107999
18 71521 108000
18 71521 108001
18 71521 108002
18 71521 108003
18 71521 108004
18 71521 108005
18 71521 108006
18 71521 108007
18 71521 108008
18 71521 108009
18 71521 108010
18 71521 108011
18 71521 108012
18 71521 108013
18 71521 108014
18 71521 108015
18 71521 108016
18 71521 108017
18 71521 108018
18 71521 108019
18 71521 108020
18 71521 108021
18 71521 108022
18 71521 108023
18 71521 108024
18 71521 108025
18 71521 108026
18 71521 108027
18 71521 108028
18 71521 108029
18 71521 108030
18 71521 108031
18 71521 108032
18 71521 108033
18 71521 108034
18 71521 108035
18 71521 108036
18 71521 108037
18 71521 108038
18 71521 108039
18 71521 108040
18 71521 108041
18 71521 108042
18 71521 108043
18 71521 108044
18 71521 108045
18 71521 108046
18 71521 108047
18 71521 108048
18 71521 108049
18 71521 108050
18 71521 108051
18 71521 108052
18 71521 108053
18 71521 108054
18 71521 108055
18 71521 108056
18 71521 108057
18 71521 108058
18 71521 108059
18 71521 108060
18 71521 108061
18 71521 108062
18 71521 108063
18 71521 108064
18 71521 108065
18 71521 108066
18 71521 108067
18 71521 108068
18 71521 108069
18 71521 108070
18 71521 108071
18 71521 108072
18 71521 108073
18 71521 108074
18 71521 108075
18 71521 108076
18 71521 108077
18 71521 108078
18 71521 108079
18 71521 108080
18 71521 108081
18 71521 108082
18 71521 108083
18 71521 108084
18 71521 108085
18 71521 108086
18 71521 108087
18 71521 108088
18 71521 108089
18 71521 108090
18 71521 108091
18 71521 108092
18 71521 108093
18 71521 108094
18 71521 108095
18 71521 108096
18 71521 108097
18 71521 108098
18 71521 108099
18 71521 108100
18 71521 108101
18 71521 108102
18 71521 108103
18 71521 108104
18 71521 108105
18 71521 108106
18 71521 108107
18 71521 108108
18 71521 108109
18 71521 108110
18 71521 108111
18 71521 108112
18 71521 108113
18 71521 108114
18 71521 108115
18 71521 108116
18 71521 108117
18 71521 108118
18 71521 108119
18 71521 108120
18 71521 108121
18 71521 108122
18 71521 108123
18 71521 108124
18 71521 108125
18 71521 108126
18 71521 108127
18 71521 108128
18 71521 108129
18 71521 108130
18 71521 108131
18 71521 108132
18 71572 107972
18 71580 107916
3 2 3
4 4 6
4 4 6
5 8 13
5 8 13
6 17 26
6 17 26
7 34 52
7 34 52
8 69 105
8 69 105
