11 589 803
12 1179 1606
12 1179 1606
12 1181 1605
12 1181 1605
12 1181 1606
12 1181 1606
13 2358 3210
13 2358 3210
13 2358 3211
13 2358 3211
13 2358 3212
13 2358 3212
13 2359 3212
13 2359 3212
13 2361 3210
13 2361 3210
13 2362 3210
13 2362 3210
13 2362 3211
13 2362 3211
13 2362 3212
13 2362 3212
14 4717 6421
14 4717 6422
14 4717 6423
14 4717 6424
14 4717 6425
15 9435 12842
15 9435 12843
15 9435 12844
15 9435 12845
15 9435 12846
15 9435 12847
15 9435 12848
15 9435 12849
15 9435 12850
15 9435 12851
16 18870 25684
16 18870 25685
16 18870 25686
16 18870 25687
16 18870 25688
16 18870 25689
16 18870 25690
16 18870 25691
16 18870 25692
16 18870 25693
16 18870 25694
16 18870 25695
16 18870 25696
16 18870 25697
16 18870 25698
16 18870 25699
16 18870 25700
16 18870 25701
16 18870 25702
16 18870 25703
17 37741 51368
17 37741 51369
17 37741 51370
17 37741 51371
17 37741 51372
17 37741 51373
17 37741 51374
17 37741 51375
17 37741 51376
17 37741 51377
17 37741 51378
17 37741 51379
17 37741 51380
17 37741 51381
17 37741 51382
17 37741 51383
17 37741 51384
17 37741 51385
17 37741 51386
17 37741 51387
17 37741 51388
17 37741 51389
17 37741 51390
17 37741 51391
17 37741 51392
17 37741 51393
17 37741 51394
17 37741 51395
17 37741 51396
17 37741 51397
17 37741 51398
17 37741 51399
17 37741 51400
17 37741 51401
17 37741 51402
17 37741 51403
17 37741 51404
17 37741 51405
17 37741 51406
17 37741 51407
18 75482 102736
3 2 3
4 4 6
4 4 6
5 9 12
5 9 12
6 18 25
6 18 25
