12 1200 1559
12 1200 1559
12 1200 1560
12 1200 1560
13 2401 3119
13 2401 3119
13 2401 3120
13 2401 3120
14 4803 6238
14 4803 6239
14 4803 6240
14 4803 6241
15 9607 12477
15 9607 12478
15 9607 12479
15 9607 12480
15 9607 12481
15 9607 12482
16 19215 24954
16 19215 24955
16 19215 24956
16 19215 24957
16 19215 24958
16 19215 24959
16 19215 24960
16 19215 24961
16 19215 24962
16 19215 24963
16 19215 24964
16 19215 24965
17 38431 49909
17 38431 49910
17 38431 49911
17 38431 49912
17 38431 49913
17 38431 49914
17 38431 49915
17 38431 49916
17 38431 49917
17 38431 49918
17 38431 49919
17 38431 49920
17 38431 49921
17 38431 49922
17 38431 49923
17 38431 49924
17 38431 49925
17 38431 49926
17 38431 49927
17 38431 49928
17 38431 49929
17 38431 49930
17 38431 49931
18 76863 99818
3 2 3
4 4 6
4 4 6
5 9 12
5 9 12
6 18 24
6 18 24
7 37 48
7 37 48
8 75 97
8 75 97
