12 1052 1683
12 1052 1683
13 2105 3366
13 2105 3366
13 2105 3367
13 2105 3367
14 4211 6733
15 8422 13467
16 16845 26935
16 16847 26957
16 16848 26958
16 16849 26936
16 16849 26948
16 16850 26936
16 16850 26951
16 16850 26953
16 16851 26944
16 16852 26935
16 16852 26954
16 16853 26944
16 16857 26949
16 16858 26952
16 16860 26942
16 16861 26942
16 16861 26951
16 16862 26951
16 16866 26954
16 16867 26937
17 33691 53870
18 67382 107740
3 2 3
4 4 6
4 4 6
5 8 13
5 8 13
6 16 26
6 16 26
7 32 52
7 32 52
