12 1121 1704
12 1121 1704
12 1121 1707
12 1121 1707
12 1122 1707
12 1122 1707
12 1125 1704
12 1125 1704
12 1126 1704
12 1126 1704
12 1126 1707
12 1126 1707
13 2243 3408
13 2243 3408
13 2243 3409
13 2243 3409
13 2243 3410
13 2243 3410
13 2243 3413
13 2243 3413
13 2243 3414
13 2243 3414
13 2243 3415
13 2243 3415
13 2244 3414
13 2244 3414
13 2244 3415
13 2244 3415
13 2245 3414
13 2245 3414
13 2245 3415
13 2245 3415
13 2246 3414
13 2246 3414
13 2246 3415
13 2246 3415
13 2247 3408
13 2247 3408
13 2247 3415
13 2247 3415
13 2248 3408
13 2248 3408
13 2248 3415
13 2248 3415
13 2249 3408
13 2249 3408
13 2249 3415
13 2249 3415
13 2250 3408
13 2250 3408
13 2250 3409
13 2250 3409
13 2250 3415
13 2250 3415
13 2251 3408
13 2251 3408
13 2251 3409
13 2251 3409
13 2252 3408
13 2252 3408
13 2252 3409
13 2252 3409
13 2252 3414
13 2252 3414
13 2252 3415
13 2252 3415
13 2253 3408
13 2253 3408
13 2253 3409
13 2253 3409
13 2253 3410
13 2253 3410
13 2253 3411
13 2253 3411
13 2253 3412
13 2253 3412
13 2253 3413
13 2253 3413
13 2253 3414
13 2253 3414
13 2253 3415
13 2253 3415
14 4486 6816
14 4486 6817
14 4486 6818
14 4486 6819
14 4486 6820
14 4486 6821
14 4486 6822
14 4486 6823
14 4486 6824
14 4486 6825
14 4486 6826
14 4486 6827
14 4486 6828
14 4486 6829
14 4486 6830
14 4487 6821
14 4487 6822
14 4487 6827
14 4487 6828
14 4487 6829
14 4487 6830
14 4488 6817
14 4488 6818
14 4488 6827
14 4488 6828
14 4488 6829
14 4489 6827
14 4489 6828
14 4489 6829
14 4489 6830
14 4490 6827
14 4490 6828
14 4490 6829
14 4491 6828
14 4491 6829
14 4492 6828
14 4492 6829
14 4492 6830
14 4493 6816
14 4493 6817
14 4493 6828
14 4494 6816
14 4494 6817
14 4494 6828
14 4495 6816
14 4495 6817
14 4495 6829
14 4495 6830
14 4496 6817
14 4496 6818
14 4496 6829
14 4496 6830
14 4497 6818
14 4497 6829
14 4498 6818
14 4498 6829
14 4498 6830
14 4499 6818
14 4499 6830
14 4500 6819
14 4500 6830
14 4501 6817
14 4502 6816
14 4502 6818
14 4502 6819
14 4503 6817
14 4504 6817
14 4504 6819
14 4504 6820
14 4504 6827
14 4504 6828
14 4504 6829
14 4505 6817
14 4505 6819
14 4506 6827
15 8973 13633
15 8973 13634
15 8973 13635
15 8973 13636
15 8973 13637
15 8973 13638
15 8973 13639
15 8973 13640
15 8973 13641
15 8973 13642
15 8973 13643
15 8973 13644
15 8973 13645
15 8973 13646
15 8973 13647
15 8973 13648
15 8973 13649
15 8973 13650
15 8973 13651
15 8973 13652
15 8973 13653
15 8973 13654
15 8973 13655
15 8973 13656
15 8973 13657
15 8973 13658
15 8973 13659
15 8973 13660
15 8974 13642
15 8974 13643
15 8974 13644
15 8974 13656
15 8974 13658
15 8975 13644
15 8975 13645
15 8975 13655
15 8975 13656
15 8975 13660
15 8976 13637
15 8976 13638
15 8976 13656
15 8976 13658
15 8976 13659
15 8977 13635
15 8977 13637
15 8977 13653
15 8977 13654
15 8977 13657
15 8977 13658
15 8977 13659
15 8978 13634
15 8978 13654
15 8978 13655
15 8978 13656
15 8978 13657
15 8978 13659
15 8979 13653
15 8979 13654
15 8979 13657
15 8979 13658
15 8979 13659
15 8979 13660
15 8980 13653
15 8980 13654
15 8980 13655
15 8980 13656
15 8980 13657
15 8980 13658
15 8980 13659
15 8981 13654
15 8981 13655
15 8981 13656
15 8981 13657
15 8981 13658
15 8982 13634
15 8982 13657
15 8982 13658
15 8983 13634
15 8983 13657
15 8983 13658
15 8984 13657
15 8984 13658
15 8984 13660
15 8985 13655
15 8985 13658
15 8986 13633
15 8987 13634
15 8987 13635
15 8987 13656
15 8987 13657
15 8988 13633
15 8988 13657
15 8989 13634
15 8989 13635
15 8989 13636
15 8990 13633
15 8990 13634
15 8990 13635
15 8990 13636
15 8990 13659
15 8990 13660
15 8991 13634
15 8991 13635
15 8991 13636
15 8991 13659
15 8992 13634
15 8992 13636
15 8992 13658
15 8992 13660
15 8993 13634
15 8993 13635
15 8993 13657
15 8993 13658
15 8993 13659
15 8994 13636
15 8995 13659
15 8996 13636
15 8996 13637
15 8996 13638
15 8997 13637
15 8997 13659
15 8997 13660
15 8998 13637
15 8998 13659
15 8998 13660
15 9001 13639
15 9001 13660
15 9002 13635
15 9004 13633
15 9004 13636
15 9005 13639
15 9007 13634
15 9008 13640
15 9008 13654
15 9008 13655
15 9008 13658
15 9009 13634
15 9009 13635
15 9009 13638
15 9009 13657
15 9009 13658
15 9009 13659
15 9010 13635
15 9010 13647
15 9011 13638
15 9012 13654
16 17947 27267
16 17947 27268
16 17947 27269
16 17947 27270
16 17947 27271
16 17947 27272
16 17947 27273
16 17947 27274
16 17947 27275
16 17947 27276
16 17947 27277
16 17947 27278
16 17947 27279
16 17947 27280
16 17947 27281
16 17947 27282
16 17947 27283
16 17947 27284
16 17947 27285
16 17947 27286
16 17947 27287
16 17947 27288
16 17947 27289
16 17947 27290
16 17947 27291
16 17947 27292
16 17947 27293
16 17947 27294
16 17947 27295
16 17947 27296
16 17947 27297
16 17947 27298
16 17947 27299
16 17947 27300
16 17947 27301
16 17947 27302
16 17947 27303
16 17947 27304
16 17947 27305
16 17947 27306
16 17947 27307
16 17947 27308
16 17947 27309
16 17947 27310
16 17947 27311
16 17947 27312
16 17947 27313
16 17947 27314
16 17947 27315
16 17947 27316
16 17947 27317
16 17947 27318
16 17947 27319
16 17947 27320
16 17947 27321
16 17949 27285
16 17949 27287
16 17949 27288
16 17949 27289
16 17949 27312
16 17949 27317
16 17950 27289
16 17950 27290
16 17950 27311
16 17950 27312
16 17950 27320
16 17952 27274
16 17952 27313
16 17952 27316
16 17952 27318
16 17953 27276
16 17954 27306
16 17954 27317
16 17954 27319
16 17955 27271
16 17955 27275
16 17955 27308
16 17955 27309
16 17955 27314
16 17955 27317
16 17955 27318
16 17956 27268
16 17956 27272
16 17956 27311
16 17956 27313
16 17956 27315
16 17956 27318
16 17957 27269
16 17957 27270
16 17957 27308
16 17958 27268
16 17958 27306
16 17958 27315
16 17958 27318
16 17958 27320
16 17959 27308
16 17959 27314
16 17959 27315
16 17959 27317
16 17959 27318
16 17960 27306
16 17960 27309
16 17960 27311
16 17960 27313
16 17960 27314
16 17960 27318
16 17961 27307
16 17961 27308
16 17961 27309
16 17961 27310
16 17961 27312
16 17961 27314
16 17961 27315
16 17961 27316
16 17962 27311
16 17962 27313
16 17962 27314
16 17962 27315
16 17963 27308
16 17963 27310
16 17963 27311
16 17963 27316
16 17963 27317
16 17964 27315
16 17965 27269
16 17965 27315
16 17965 27317
16 17966 27269
16 17966 27315
16 17966 27317
16 17968 27316
16 17969 27271
16 17969 27315
16 17969 27320
16 17971 27309
16 17971 27311
16 17971 27316
16 17972 27267
16 17974 27268
16 17974 27270
16 17974 27314
16 17975 27268
16 17975 27312
16 17977 27267
16 17977 27314
16 17978 27270
16 17978 27271
16 17978 27272
16 17979 27268
16 17979 27269
16 17979 27271
16 17979 27272
16 17980 27267
16 17980 27268
16 17980 27269
16 17980 27318
16 17980 27320
16 17981 27267
16 17981 27268
16 17981 27270
16 17981 27272
16 17981 27274
16 17982 27269
16 17982 27270
16 17982 27271
16 17982 27273
16 17982 27319
16 17983 27272
16 17983 27274
16 17984 27273
16 17984 27316
16 17984 27321
16 17985 27268
16 17986 27270
16 17986 27314
16 17986 27315
16 17986 27319
16 17987 27268
16 17987 27315
16 17987 27317
16 17988 27273
16 17991 27319
16 17992 27315
16 17993 27273
16 17993 27275
16 17993 27277
16 17994 27319
16 17995 27275
16 17995 27321
16 17996 27274
16 17996 27278
16 17997 27319
16 17997 27321
16 18002 27279
16 18003 27279
16 18003 27320
16 18005 27270
16 18008 27273
16 18009 27267
16 18011 27279
16 18015 27268
16 18016 27310
16 18016 27317
16 18017 27281
16 18017 27309
16 18017 27311
16 18018 27270
16 18018 27277
16 18018 27314
16 18018 27317
16 18018 27319
16 18019 27269
16 18020 27271
16 18020 27294
16 18021 27289
16 18022 27277
16 18024 27309
17 35895 54534
17 35895 54535
17 35895 54536
17 35895 54537
17 35895 54538
17 35895 54539
17 35895 54540
17 35895 54541
17 35895 54542
17 35895 54543
17 35895 54544
17 35895 54545
17 35895 54546
17 35895 54547
17 35895 54548
17 35895 54549
17 35895 54550
17 35895 54551
17 35895 54552
17 35895 54553
17 35895 54554
17 35895 54555
17 35895 54556
17 35895 54557
17 35895 54558
17 35895 54559
17 35895 54560
17 35895 54561
17 35895 54562
17 35895 54563
17 35895 54564
17 35895 54565
17 35895 54566
17 35895 54567
17 35895 54568
17 35895 54569
17 35895 54570
17 35895 54571
17 35895 54572
17 35895 54573
17 35895 54574
17 35895 54575
17 35895 54576
17 35895 54577
17 35895 54578
17 35895 54579
17 35895 54580
17 35895 54581
17 35895 54582
17 35895 54583
17 35895 54584
17 35895 54585
17 35895 54586
17 35895 54587
17 35895 54588
17 35895 54589
17 35895 54590
17 35895 54591
17 35895 54592
17 35895 54593
17 35895 54594
17 35895 54595
17 35895 54596
17 35895 54597
17 35895 54598
17 35895 54599
17 35895 54600
17 35895 54601
17 35895 54602
17 35895 54603
17 35895 54604
17 35895 54605
17 35895 54606
17 35895 54607
17 35895 54608
17 35895 54609
17 35895 54610
17 35895 54611
17 35895 54612
17 35895 54613
17 35895 54614
17 35895 54615
17 35895 54616
17 35895 54617
17 35895 54618
17 35895 54619
17 35895 54620
17 35895 54621
17 35895 54622
17 35895 54623
17 35895 54624
17 35895 54625
17 35895 54626
17 35895 54627
17 35895 54628
17 35895 54629
17 35895 54630
17 35895 54631
17 35895 54632
17 35895 54633
17 35895 54634
17 35895 54635
17 35895 54636
17 35895 54637
17 35895 54638
17 35895 54639
17 35895 54640
17 35895 54641
17 35895 54642
17 35895 54643
17 35925 54568
17 35975 54608
18 71791 109069
18 71791 109070
18 71791 109071
18 71791 109072
18 71791 109073
18 71791 109074
18 71791 109075
18 71791 109076
18 71791 109077
18 71791 109078
18 71791 109079
18 71791 109080
18 71791 109081
18 71791 109082
18 71791 109083
18 71791 109084
18 71791 109085
18 71791 109086
18 71791 109087
18 71791 109088
18 71791 109089
18 71791 109090
18 71791 109091
18 71791 109092
18 71791 109093
18 71791 109094
18 71791 109095
18 71791 109096
18 71791 109097
18 71791 109098
18 71791 109099
18 71791 109100
18 71791 109101
18 71791 109102
18 71791 109103
18 71791 109104
18 71791 109105
18 71791 109106
18 71791 109107
18 71791 109108
18 71791 109109
18 71791 109110
18 71791 109111
18 71791 109112
18 71791 109113
18 71791 109114
18 71791 109115
18 71791 109116
18 71791 109117
18 71791 109118
18 71791 109119
18 71791 109120
18 71791 109121
18 71791 109122
18 71791 109123
18 71791 109124
18 71791 109125
18 71791 109126
18 71791 109127
18 71791 109128
18 71791 109129
18 71791 109130
18 71791 109131
18 71791 109132
18 71791 109133
18 71791 109134
18 71791 109135
18 71791 109136
18 71791 109137
18 71791 109138
18 71791 109139
18 71791 109140
18 71791 109141
18 71791 109142
18 71791 109143
18 71791 109144
18 71791 109145
18 71791 109146
18 71791 109147
18 71791 109148
18 71791 109149
18 71791 109150
18 71791 109151
18 71791 109152
18 71791 109153
18 71791 109154
18 71791 109155
18 71791 109156
18 71791 109157
18 71791 109158
18 71791 109159
18 71791 109160
18 71791 109161
18 71791 109162
18 71791 109163
18 71791 109164
18 71791 109165
18 71791 109166
18 71791 109167
18 71791 109168
18 71791 109169
18 71791 109170
18 71791 109171
18 71791 109172
18 71791 109173
18 71791 109174
18 71791 109175
18 71791 109176
18 71791 109177
18 71791 109178
18 71791 109179
18 71791 109180
18 71791 109181
18 71791 109182
18 71791 109183
18 71791 109184
18 71791 109185
18 71791 109186
18 71791 109187
18 71791 109188
18 71791 109189
18 71791 109190
18 71791 109191
18 71791 109192
18 71791 109193
18 71791 109194
18 71791 109195
18 71791 109196
18 71791 109197
18 71791 109198
18 71791 109199
18 71791 109200
18 71791 109201
18 71791 109202
18 71791 109203
18 71791 109204
18 71791 109205
18 71791 109206
18 71791 109207
18 71791 109208
18 71791 109209
18 71791 109210
18 71791 109211
18 71791 109212
18 71791 109213
18 71791 109214
18 71791 109215
18 71791 109216
18 71791 109217
18 71791 109218
18 71791 109219
18 71791 109220
18 71791 109221
18 71791 109222
18 71791 109223
18 71791 109224
18 71791 109225
18 71791 109226
18 71791 109227
18 71791 109228
18 71791 109229
18 71791 109230
18 71791 109231
18 71791 109232
18 71791 109233
18 71791 109234
18 71791 109235
18 71791 109236
18 71791 109237
18 71791 109238
18 71791 109239
18 71791 109240
18 71791 109241
18 71791 109242
18 71791 109243
18 71791 109244
18 71791 109245
18 71791 109246
18 71791 109247
18 71791 109248
18 71791 109249
18 71791 109250
18 71791 109251
18 71791 109252
18 71791 109253
18 71791 109254
18 71791 109255
18 71791 109256
18 71791 109257
18 71791 109258
18 71791 109259
18 71791 109260
18 71791 109261
18 71791 109262
18 71791 109263
18 71791 109264
18 71791 109265
18 71791 109266
18 71791 109267
18 71791 109268
18 71791 109269
18 71791 109270
18 71791 109271
18 71791 109272
18 71791 109273
18 71791 109274
18 71791 109275
18 71791 109276
18 71791 109277
18 71791 109278
18 71791 109279
18 71791 109280
18 71791 109281
18 71791 109282
18 71791 109283
18 71791 109284
18 71791 109285
18 71791 109286
18 71851 109136
18 71951 109217
3 2 3
4 4 6
4 4 6
5 8 13
5 8 13
6 17 26
6 17 26
7 35 53
7 35 53
8 70 106
8 70 106
