11 588 802
12 1177 1605
12 1177 1605
12 1178 1605
12 1178 1605
12 1179 1605
12 1179 1605
12 1180 1605
12 1180 1605
12 1181 1605
12 1181 1605
12 1182 1605
12 1182 1605
12 1183 1605
12 1183 1605
12 1184 1605
12 1184 1605
12 1185 1605
12 1185 1605
13 2355 3211
13 2355 3211
13 2355 3212
13 2355 3212
13 2355 3219
13 2355 3219
13 2356 3211
13 2356 3211
13 2356 3219
13 2356 3219
13 2357 3211
13 2357 3211
13 2357 3219
13 2357 3219
13 2358 3211
13 2358 3211
13 2358 3219
13 2358 3219
13 2359 3211
13 2359 3211
13 2360 3211
13 2360 3211
13 2361 3211
13 2361 3211
13 2362 3211
13 2362 3211
13 2363 3211
13 2363 3211
13 2364 3211
13 2364 3211
13 2365 3211
13 2365 3211
13 2366 3211
13 2366 3211
13 2367 3211
13 2367 3211
13 2368 3211
13 2368 3211
13 2369 3211
13 2369 3211
13 2370 3211
13 2370 3211
13 2371 3211
13 2371 3211
14 4710 6423
14 4710 6424
14 4710 6425
14 4710 6426
14 4710 6434
14 4710 6435
14 4710 6436
14 4710 6437
14 4710 6438
14 4710 6439
14 4714 6427
15 9421 12847
15 9421 12848
15 9421 12849
15 9421 12850
15 9421 12851
15 9421 12852
15 9421 12853
15 9421 12854
15 9421 12855
15 9421 12856
15 9421 12857
15 9421 12858
15 9421 12859
15 9421 12860
15 9421 12861
15 9421 12862
15 9421 12863
15 9421 12864
15 9421 12865
15 9421 12866
15 9421 12867
15 9421 12868
15 9421 12869
15 9421 12870
15 9421 12871
15 9421 12872
15 9421 12873
15 9421 12874
15 9421 12875
15 9421 12876
15 9421 12877
15 9421 12878
15 9421 12879
16 18842 25695
16 18842 25696
16 18842 25697
16 18842 25698
16 18842 25699
16 18842 25700
16 18842 25701
16 18842 25702
16 18842 25703
16 18842 25704
16 18842 25705
16 18842 25706
16 18842 25707
16 18842 25708
16 18842 25709
16 18842 25710
16 18842 25711
16 18842 25712
16 18842 25713
16 18842 25714
16 18842 25715
16 18842 25716
16 18842 25717
16 18842 25718
16 18842 25719
16 18842 25720
16 18842 25721
16 18842 25722
16 18842 25723
16 18842 25724
16 18842 25725
16 18842 25726
16 18842 25727
16 18842 25728
16 18842 25729
16 18842 25730
16 18842 25731
16 18842 25732
16 18842 25733
16 18842 25734
16 18842 25735
16 18842 25736
16 18842 25737
16 18842 25738
16 18842 25739
16 18842 25740
16 18842 25741
16 18842 25742
16 18842 25743
16 18842 25744
16 18842 25745
16 18842 25746
16 18842 25747
16 18842 25748
16 18842 25749
16 18842 25750
16 18842 25751
16 18842 25752
16 18842 25753
16 18842 25754
16 18842 25755
16 18842 25756
16 18842 25757
16 18842 25758
17 37684 51391
18 75369 102782
3 2 3
4 4 6
4 4 6
5 9 12
5 9 12
6 18 25
6 18 25
