16 17715 27446
16 17715 27447
16 17715 27450
16 17715 27456
16 17715 27457
16 17715 27460
16 17715 27473
16 17716 27398
16 17716 27417
16 17716 27453
16 17717 27394
16 17717 27395
16 17717 27445
16 17717 27450
16 17717 27453
16 17717 27475
16 17718 27396
16 17718 27399
16 17718 27442
16 17718 27444
16 17718 27448
17 35319 54732
17 35319 54733
17 35319 54734
17 35319 54735
17 35319 54736
17 35319 54737
17 35319 54738
17 35319 54739
17 35319 54740
17 35319 54741
17 35319 54742
17 35319 54743
17 35319 54744
17 35319 54745
17 35319 54746
17 35319 54747
17 35319 54748
17 35319 54749
17 35319 54750
17 35319 54751
17 35319 54752
17 35319 54753
17 35319 54754
17 35319 54755
17 35319 54756
17 35319 54757
17 35319 54758
17 35319 54759
17 35319 54760
17 35319 54761
17 35319 54762
17 35319 54763
17 35319 54764
17 35319 54765
17 35319 54766
17 35319 54767
17 35319 54768
17 35319 54769
17 35319 54770
17 35319 54771
17 35319 54772
17 35319 54773
17 35319 54774
17 35319 54775
17 35319 54776
17 35319 54777
17 35319 54778
17 35319 54779
17 35319 54780
17 35319 54781
17 35319 54782
17 35319 54783
17 35319 54784
17 35319 54785
17 35319 54786
17 35319 54787
17 35319 54788
17 35319 54789
17 35319 54790
17 35319 54791
17 35319 54792
17 35319 54793
17 35319 54794
17 35319 54795
17 35319 54796
17 35319 54797
17 35319 54798
17 35319 54799
17 35319 54800
17 35319 54801
17 35319 54802
17 35319 54803
17 35319 54804
17 35319 54805
17 35319 54806
17 35319 54807
17 35319 54808
17 35319 54809
17 35319 54810
17 35319 54811
17 35319 54812
17 35319 54813
17 35319 54814
17 35319 54815
17 35319 54816
17 35319 54817
17 35319 54818
17 35319 54819
17 35319 54820
17 35319 54821
17 35319 54822
17 35319 54823
17 35319 54824
17 35319 54825
17 35319 54826
17 35319 54827
17 35319 54828
17 35319 54829
17 35319 54830
17 35319 54831
17 35319 54832
17 35319 54833
17 35319 54834
17 35319 54835
17 35319 54836
17 35319 54837
17 35319 54838
17 35319 54839
17 35319 54840
17 35319 54841
17 35319 54842
17 35319 54843
17 35319 54844
17 35319 54845
17 35319 54846
17 35319 54847
17 35319 54848
17 35319 54849
17 35319 54850
17 35319 54851
17 35319 54852
17 35319 54853
17 35319 54854
17 35319 54855
17 35319 54856
17 35319 54857
17 35319 54858
17 35319 54859
17 35319 54860
17 35319 54861
17 35319 54862
17 35319 54863
17 35319 54864
17 35319 54865
17 35319 54866
17 35319 54867
17 35319 54868
17 35319 54869
17 35319 54870
17 35319 54871
17 35319 54872
17 35319 54873
17 35319 54874
17 35319 54875
17 35319 54876
17 35319 54877
17 35319 54878
17 35319 54879
17 35319 54880
17 35319 54881
17 35319 54882
17 35319 54883
17 35319 54884
17 35319 54885
17 35319 54886
17 35319 54887
17 35319 54888
17 35319 54889
17 35319 54890
17 35319 54891
17 35319 54892
17 35319 54893
17 35319 54894
17 35319 54895
17 35319 54896
17 35319 54897
17 35319 54898
17 35319 54899
17 35319 54900
17 35319 54901
17 35319 54902
17 35319 54903
17 35319 54904
17 35319 54905
17 35319 54906
17 35319 54907
17 35319 54908
17 35319 54909
17 35319 54910
17 35319 54911
17 35319 54912
17 35319 54913
17 35319 54914
17 35319 54915
17 35319 54916
17 35319 54917
17 35319 54918
17 35319 54919
17 35319 54920
17 35319 54921
17 35319 54922
17 35319 54923
17 35319 54924
17 35319 54925
17 35319 54926
17 35319 54927
17 35319 54928
17 35319 54929
17 35319 54930
17 35319 54931
17 35319 54932
17 35319 54933
17 35319 54934
17 35319 54935
17 35319 54936
17 35319 54937
17 35319 54938
17 35319 54939
17 35319 54940
17 35319 54941
17 35319 54942
17 35319 54943
17 35319 54944
17 35319 54945
17 35319 54946
17 35319 54947
17 35319 54948
17 35319 54949
17 35319 54950
17 35319 54951
17 35355 54943
17 35370 54830
17 35371 54834
17 35371 54950
17 35372 54830
17 35372 54832
17 35372 54860
17 35372 54943
17 35372 54944
17 35373 54840
17 35373 54938
17 35373 54940
17 35373 54941
17 35373 54943
17 35373 54944
17 35373 54945
17 35373 54946
17 35373 54947
17 35373 54949
17 35374 54823
17 35374 54939
17 35374 54940
17 35374 54942
17 35374 54944
17 35375 54937
17 35376 54878
17 35376 54933
17 35376 54941
17 35377 54879
17 35377 54937
17 35377 54950
17 35377 54951
17 35378 54875
17 35378 54880
17 35379 54883
17 35379 54884
17 35379 54913
17 35379 54915
17 35379 54916
17 35379 54918
17 35379 54919
17 35379 54926
17 35379 54927
17 35379 54943
17 35379 54947
17 35380 54879
17 35380 54902
17 35380 54916
17 35380 54926
17 35380 54940
17 35380 54948
17 35381 54829
17 35381 54897
17 35381 54901
17 35381 54905
17 35381 54918
17 35381 54921
17 35381 54923
17 35381 54940
17 35382 54890
17 35382 54904
17 35382 54908
17 35382 54913
17 35382 54918
17 35382 54930
17 35382 54939
17 35382 54942
17 35383 54896
17 35383 54906
17 35383 54918
17 35383 54920
17 35383 54932
17 35383 54936
17 35383 54942
17 35383 54943
17 35383 54944
17 35384 54907
17 35384 54935
17 35384 54936
17 35384 54939
17 35384 54940
17 35385 54907
17 35385 54910
17 35385 54922
17 35385 54935
17 35385 54937
17 35385 54938
17 35386 54921
17 35386 54935
17 35386 54936
17 35387 54837
17 35387 54892
17 35387 54924
17 35387 54935
17 35387 54936
17 35387 54948
17 35387 54949
17 35388 54835
17 35388 54836
17 35388 54840
17 35388 54923
17 35388 54924
17 35388 54926
17 35388 54935
17 35388 54943
17 35389 54839
17 35389 54846
17 35389 54875
17 35389 54923
17 35389 54931
17 35389 54933
17 35389 54934
17 35390 54833
17 35390 54837
17 35390 54842
17 35390 54913
17 35390 54916
17 35390 54919
17 35390 54920
17 35390 54923
17 35390 54929
17 35390 54934
17 35390 54938
17 35391 54834
17 35391 54837
17 35391 54888
17 35391 54904
17 35391 54912
17 35391 54913
17 35391 54921
17 35391 54931
17 35391 54932
17 35391 54941
17 35392 54831
17 35392 54837
17 35392 54846
17 35392 54850
17 35392 54894
17 35392 54898
17 35392 54904
17 35392 54917
17 35392 54920
17 35392 54930
17 35392 54931
17 35392 54933
17 35392 54943
17 35392 54944
17 35393 54836
17 35393 54843
17 35393 54888
17 35393 54894
17 35393 54901
17 35393 54911
17 35393 54914
17 35393 54917
17 35393 54929
17 35393 54946
17 35394 54846
17 35394 54849
17 35394 54852
17 35394 54883
17 35394 54891
17 35394 54895
17 35394 54908
17 35394 54917
17 35394 54932
17 35394 54944
17 35395 54824
17 35395 54827
17 35395 54840
17 35395 54844
17 35395 54855
17 35395 54859
17 35395 54875
17 35395 54883
17 35395 54892
17 35395 54895
17 35395 54913
17 35395 54926
17 35395 54934
17 35396 54826
17 35396 54837
17 35396 54857
17 35396 54860
17 35396 54862
17 35396 54864
17 35396 54867
17 35396 54868
17 35396 54870
17 35396 54871
17 35396 54875
17 35396 54877
17 35396 54882
17 35396 54885
17 35396 54889
17 35396 54902
17 35396 54903
17 35396 54947
17 35397 54840
17 35397 54846
17 35397 54848
17 35397 54856
17 35397 54865
17 35397 54871
17 35397 54875
17 35397 54884
17 35397 54899
17 35397 54900
17 35397 54911
17 35397 54918
17 35397 54919
17 35397 54921
17 35398 54848
17 35398 54877
17 35398 54881
17 35398 54903
17 35398 54921
17 35399 54839
17 35399 54851
17 35399 54857
17 35399 54866
17 35399 54867
17 35399 54870
17 35399 54871
17 35399 54873
17 35399 54883
17 35399 54894
17 35399 54901
17 35399 54924
17 35399 54926
17 35399 54947
17 35399 54950
17 35400 54829
17 35400 54843
17 35400 54844
17 35400 54847
17 35400 54876
17 35400 54880
17 35400 54889
17 35400 54904
17 35400 54906
17 35400 54920
17 35400 54921
17 35401 54822
17 35401 54846
17 35401 54859
17 35401 54875
17 35401 54918
17 35401 54920
17 35401 54929
17 35401 54940
17 35401 54943
17 35402 54818
17 35402 54848
17 35402 54850
17 35402 54853
17 35402 54877
17 35402 54897
17 35402 54924
17 35402 54943
17 35403 54819
17 35403 54833
17 35403 54846
17 35403 54848
17 35403 54849
17 35403 54912
17 35403 54949
17 35404 54812
17 35404 54849
17 35404 54851
17 35404 54855
17 35404 54895
17 35404 54909
17 35404 54919
17 35404 54921
17 35405 54804
17 35405 54818
17 35405 54823
17 35405 54841
17 35405 54849
17 35405 54863
17 35405 54877
17 35405 54891
17 35405 54898
17 35405 54905
17 35405 54911
17 35405 54922
17 35405 54927
17 35406 54809
17 35406 54815
17 35406 54820
17 35406 54832
17 35406 54834
17 35406 54847
17 35406 54905
17 35406 54910
17 35406 54911
17 35406 54913
17 35406 54915
17 35406 54930
17 35407 54792
17 35407 54852
17 35407 54912
17 35407 54921
17 35408 54811
17 35408 54836
17 35408 54908
17 35408 54910
17 35408 54913
17 35409 54800
17 35409 54802
17 35409 54810
17 35409 54822
17 35409 54917
17 35410 54795
17 35410 54799
17 35410 54840
17 35410 54849
17 35410 54855
17 35410 54878
17 35410 54887
17 35410 54900
17 35410 54902
17 35411 54832
17 35411 54918
17 35411 54949
17 35412 54852
17 35412 54854
17 35412 54863
17 35412 54886
17 35412 54918
17 35412 54919
17 35412 54943
17 35413 54777
17 35413 54782
17 35413 54786
17 35413 54790
17 35413 54792
17 35413 54864
17 35413 54866
17 35414 54774
17 35414 54802
17 35414 54812
17 35414 54815
17 35414 54836
17 35414 54851
17 35414 54918
17 35414 54920
17 35414 54922
17 35414 54943
17 35415 54774
17 35415 54779
17 35415 54795
17 35415 54819
17 35415 54842
17 35415 54865
17 35415 54886
17 35415 54930
17 35415 54944
17 35416 54795
17 35416 54800
17 35416 54809
17 35416 54811
17 35416 54889
17 35416 54900
17 35416 54901
17 35416 54919
17 35417 54820
17 35417 54841
17 35417 54847
17 35417 54859
17 35417 54860
17 35417 54904
17 35417 54907
17 35417 54909
17 35417 54920
17 35417 54935
17 35418 54770
17 35418 54796
17 35418 54797
17 35418 54805
17 35418 54808
17 35418 54835
17 35418 54839
17 35418 54863
17 35418 54884
17 35418 54908
17 35418 54909
17 35418 54917
17 35418 54934
17 35419 54770
17 35419 54794
17 35419 54807
17 35419 54812
17 35419 54871
17 35419 54882
17 35419 54914
17 35420 54758
17 35420 54765
17 35420 54778
17 35420 54793
17 35420 54804
17 35420 54806
17 35420 54889
17 35420 54915
17 35420 54919
17 35421 54758
17 35421 54765
17 35421 54870
17 35421 54882
17 35421 54905
17 35421 54908
17 35421 54926
17 35421 54943
17 35422 54746
17 35422 54756
17 35422 54759
17 35422 54809
17 35422 54876
17 35422 54888
17 35422 54916
17 35422 54939
17 35423 54743
17 35423 54749
17 35423 54753
17 35423 54757
17 35423 54764
17 35423 54806
17 35423 54891
17 35423 54922
17 35423 54944
17 35424 54812
17 35424 54887
17 35424 54919
17 35424 54925
17 35425 54747
17 35425 54756
17 35425 54772
17 35425 54872
17 35425 54875
17 35425 54910
17 35426 54739
17 35426 54759
17 35426 54772
17 35426 54830
17 35426 54893
17 35426 54911
17 35426 54915
17 35426 54916
17 35426 54917
17 35426 54920
17 35427 54736
17 35427 54863
17 35427 54902
17 35427 54906
17 35427 54908
17 35427 54915
17 35427 54917
17 35427 54921
17 35428 54740
17 35428 54759
17 35428 54802
17 35428 54891
17 35428 54894
17 35428 54913
17 35429 54766
17 35429 54788
17 35429 54898
17 35429 54904
17 35429 54912
17 35429 54913
17 35429 54948
17 35430 54760
17 35430 54892
17 35430 54913
17 35430 54914
17 35430 54920
17 35430 54946
17 35431 54732
17 35431 54774
17 35431 54894
17 35431 54900
17 35431 54912
17 35432 54796
17 35432 54835
17 35433 54907
17 35434 54901
17 35434 54906
17 35435 54789
17 35435 54791
17 35435 54891
17 35435 54907
17 35435 54950
17 35436 54798
17 35436 54889
17 35437 54792
17 35437 54885
17 35437 54896
18 70639 109464
18 70639 109465
18 70639 109466
18 70639 109467
18 70639 109468
18 70639 109469
18 70639 109470
18 70639 109471
18 70639 109472
18 70639 109473
18 70639 109474
18 70639 109475
18 70639 109476
18 70639 109477
18 70639 109478
18 70639 109479
18 70639 109480
18 70639 109481
18 70639 109482
18 70639 109483
18 70639 109484
18 70639 109485
18 70639 109486
18 70639 109487
18 70639 109488
18 70639 109489
18 70639 109490
18 70639 109491
18 70639 109492
18 70639 109493
18 70639 109494
18 70639 109495
18 70639 109496
18 70639 109497
18 70639 109498
18 70639 109499
18 70639 109500
18 70639 109501
18 70639 109502
18 70639 109503
18 70639 109504
18 70639 109505
18 70639 109506
18 70639 109507
18 70639 109508
18 70639 109509
18 70639 109510
18 70639 109511
18 70639 109512
18 70639 109513
18 70639 109514
18 70639 109515
18 70639 109516
18 70639 109517
18 70639 109518
18 70639 109519
18 70639 109520
18 70639 109521
18 70639 109522
18 70639 109523
18 70639 109524
18 70639 109525
18 70639 109526
18 70639 109527
18 70639 109528
18 70639 109529
18 70639 109530
18 70639 109531
18 70639 109532
18 70639 109533
18 70639 109534
18 70639 109535
18 70639 109536
18 70639 109537
18 70639 109538
18 70639 109539
18 70639 109540
18 70639 109541
18 70639 109542
18 70639 109543
18 70639 109544
18 70639 109545
18 70639 109546
18 70639 109547
18 70639 109548
18 70639 109549
18 70639 109550
18 70639 109551
18 70639 109552
18 70639 109553
18 70639 109554
18 70639 109555
18 70639 109556
18 70639 109557
18 70639 109558
18 70639 109559
18 70639 109560
18 70639 109561
18 70639 109562
18 70639 109563
18 70639 109564
18 70639 109565
18 70639 109566
18 70639 109567
18 70639 109568
18 70639 109569
18 70639 109570
18 70639 109571
18 70639 109572
18 70639 109573
18 70639 109574
18 70639 109575
18 70639 109576
18 70639 109577
18 70639 109578
18 70639 109579
18 70639 109580
18 70639 109581
18 70639 109582
18 70639 109583
18 70639 109584
18 70639 109585
18 70639 109586
18 70639 109587
18 70639 109588
18 70639 109589
18 70639 109590
18 70639 109591
18 70639 109592
18 70639 109593
18 70639 109594
18 70639 109595
18 70639 109596
18 70639 109597
18 70639 109598
18 70639 109599
18 70639 109600
18 70639 109601
18 70639 109602
18 70639 109603
18 70639 109604
18 70639 109605
18 70639 109606
18 70639 109607
18 70639 109608
18 70639 109609
18 70639 109610
18 70639 109611
18 70639 109612
18 70639 109613
18 70639 109614
18 70639 109615
18 70639 109616
18 70639 109617
18 70639 109618
18 70639 109619
18 70639 109620
18 70639 109621
18 70639 109622
18 70639 109623
18 70639 109624
18 70639 109625
18 70639 109626
18 70639 109627
18 70639 109628
18 70639 109629
18 70639 109630
18 70639 109631
18 70639 109632
18 70639 109633
18 70639 109634
18 70639 109635
18 70639 109636
18 70639 109637
18 70639 109638
18 70639 109639
18 70639 109640
18 70639 109641
18 70639 109642
18 70639 109643
18 70639 109644
18 70639 109645
18 70639 109646
18 70639 109647
18 70639 109648
18 70639 109649
18 70639 109650
18 70639 109651
18 70639 109652
18 70639 109653
18 70639 109654
18 70639 109655
18 70639 109656
18 70639 109657
18 70639 109658
18 70639 109659
18 70639 109660
18 70639 109661
18 70639 109662
18 70639 109663
18 70639 109664
18 70639 109665
18 70639 109666
18 70639 109667
18 70639 109668
18 70639 109669
18 70639 109670
18 70639 109671
18 70639 109672
18 70639 109673
18 70639 109674
18 70639 109675
18 70639 109676
18 70639 109677
18 70639 109678
18 70639 109679
18 70639 109680
18 70639 109681
18 70639 109682
18 70639 109683
18 70639 109684
18 70639 109685
18 70639 109686
18 70639 109687
18 70639 109688
18 70639 109689
18 70639 109690
18 70639 109691
18 70639 109692
18 70639 109693
18 70639 109694
18 70639 109695
18 70639 109696
18 70639 109697
18 70639 109698
18 70639 109699
18 70639 109700
18 70639 109701
18 70639 109702
18 70639 109703
18 70639 109704
18 70639 109705
18 70639 109706
18 70639 109707
18 70639 109708
18 70639 109709
18 70639 109710
18 70639 109711
18 70639 109712
18 70639 109713
18 70639 109714
18 70639 109715
18 70639 109716
18 70639 109717
18 70639 109718
18 70639 109719
18 70639 109720
18 70639 109721
18 70639 109722
18 70639 109723
18 70639 109724
18 70639 109725
18 70639 109726
18 70639 109727
18 70639 109728
18 70639 109729
18 70639 109730
18 70639 109731
18 70639 109732
18 70639 109733
18 70639 109734
18 70639 109735
18 70639 109736
18 70639 109737
18 70639 109738
18 70639 109739
18 70639 109740
18 70639 109741
18 70639 109742
18 70639 109743
18 70639 109744
18 70639 109745
18 70639 109746
18 70639 109747
18 70639 109748
18 70639 109749
18 70639 109750
18 70639 109751
18 70639 109752
18 70639 109753
18 70639 109754
18 70639 109755
18 70639 109756
18 70639 109757
18 70639 109758
18 70639 109759
18 70639 109760
18 70639 109761
18 70639 109762
18 70639 109763
18 70639 109764
18 70639 109765
18 70639 109766
18 70639 109767
18 70639 109768
18 70639 109769
18 70639 109770
18 70639 109771
18 70639 109772
18 70639 109773
18 70639 109774
18 70639 109775
18 70639 109776
18 70639 109777
18 70639 109778
18 70639 109779
18 70639 109780
18 70639 109781
18 70639 109782
18 70639 109783
18 70639 109784
18 70639 109785
18 70639 109786
18 70639 109787
18 70639 109788
18 70639 109789
18 70639 109790
18 70639 109791
18 70639 109792
18 70639 109793
18 70639 109794
18 70639 109795
18 70639 109796
18 70639 109797
18 70639 109798
18 70639 109799
18 70639 109800
18 70639 109801
18 70639 109802
18 70639 109803
18 70639 109804
18 70639 109805
18 70639 109806
18 70639 109807
18 70639 109808
18 70639 109809
18 70639 109810
18 70639 109811
18 70639 109812
18 70639 109813
18 70639 109814
18 70639 109815
18 70639 109816
18 70639 109817
18 70639 109818
18 70639 109819
18 70639 109820
18 70639 109821
18 70639 109822
18 70639 109823
18 70639 109824
18 70639 109825
18 70639 109826
18 70639 109827
18 70639 109828
18 70639 109829
18 70639 109830
18 70639 109831
18 70639 109832
18 70639 109833
18 70639 109834
18 70639 109835
18 70639 109836
18 70639 109837
18 70639 109838
18 70639 109839
18 70639 109840
18 70639 109841
18 70639 109842
18 70639 109843
18 70639 109844
18 70639 109845
18 70639 109846
18 70639 109847
18 70639 109848
18 70639 109849
18 70639 109850
18 70639 109851
18 70639 109852
18 70639 109853
18 70639 109854
18 70639 109855
18 70639 109856
18 70639 109857
18 70639 109858
18 70639 109859
18 70639 109860
18 70639 109861
18 70639 109862
18 70639 109863
18 70639 109864
18 70639 109865
18 70639 109866
18 70639 109867
18 70639 109868
18 70639 109869
18 70639 109870
18 70639 109871
18 70639 109872
18 70639 109873
18 70639 109874
18 70639 109875
18 70639 109876
18 70639 109877
18 70639 109878
18 70639 109879
18 70639 109880
18 70639 109881
18 70639 109882
18 70639 109883
18 70639 109884
18 70639 109885
18 70639 109886
18 70639 109887
18 70639 109888
18 70639 109889
18 70639 109890
18 70639 109891
18 70639 109892
18 70639 109893
18 70639 109894
18 70639 109895
18 70639 109896
18 70639 109897
18 70639 109898
18 70639 109899
18 70639 109900
18 70639 109901
18 70639 109902
18 70639 109903
18 70710 109887
18 70741 109660
18 70743 109668
18 70745 109660
18 70745 109664
18 70745 109888
18 70746 109681
18 70747 109882
18 70747 109899
18 70755 109875
18 70756 109761
18 70758 109768
18 70758 109838
18 70758 109894
18 70759 109766
18 70759 109827
18 70760 109759
18 70760 109804
18 70760 109896
18 70762 109847
18 70763 109658
18 70763 109795
18 70763 109802
18 70763 109842
18 70764 109827
18 70766 109884
18 70766 109887
18 70766 109888
18 70767 109841
18 70767 109865
18 70767 109873
18 70771 109814
18 70771 109821
18 70772 109842
18 70774 109872
18 70775 109675
18 70776 109673
18 70776 109846
18 70777 109671
18 70777 109852
18 70778 109847
18 70779 109693
18 70779 109863
18 70780 109675
18 70780 109869
18 70781 109841
18 70781 109877
18 70782 109777
18 70782 109827
18 70782 109863
18 70783 109809
18 70785 109796
18 70785 109863
18 70785 109867
18 70786 109802
18 70786 109859
18 70787 109687
18 70787 109788
18 70787 109893
18 70788 109782
18 70789 109766
18 70790 109655
18 70790 109711
18 70790 109785
18 70791 109649
18 70791 109680
18 70791 109718
18 70791 109750
18 70792 109674
18 70792 109724
18 70792 109728
18 70792 109779
18 70792 109805
18 70792 109806
18 70793 109720
18 70793 109735
18 70793 109736
18 70793 109743
18 70793 109765
18 70794 109750
18 70794 109837
18 70795 109730
18 70795 109823
18 70796 109806
18 70798 109702
18 70798 109742
18 70798 109746
18 70798 109767
18 70798 109802
18 70798 109848
18 70799 109741
18 70799 109849
18 70799 109853
18 70800 109689
18 70800 109694
18 70801 109841
18 70802 109719
18 70802 109836
18 70802 109887
18 70803 109841
18 70803 109881
18 70805 109637
18 70806 109639
18 70806 109692
18 70806 109693
18 70807 109698
18 70809 109625
18 70809 109839
18 70810 109727
18 70810 109783
18 70810 109811
18 70811 109609
18 70811 109636
18 70811 109647
18 70811 109754
18 70812 109619
18 70812 109664
18 70812 109694
18 70813 109821
18 70816 109622
18 70816 109821
18 70817 109826
18 70818 109644
18 70819 109620
18 70820 109775
18 70821 109710
18 70822 109664
18 70824 109837
18 70825 109704
18 70825 109727
18 70826 109581
18 70826 109585
18 70826 109733
18 70827 109572
18 70828 109672
18 70829 109549
18 70829 109624
18 70830 109548
18 70830 109559
18 70830 109639
18 70830 109861
18 70830 109888
18 70832 109622
18 70832 109803
18 70834 109683
18 70835 109640
18 70835 109815
18 70835 109871
18 70836 109541
18 70836 109678
18 70836 109869
18 70837 109671
18 70837 109817
18 70838 109625
18 70838 109829
18 70839 109541
18 70842 109887
18 70843 109516
18 70843 109764
18 70843 109852
18 70844 109619
18 70845 109492
18 70845 109776
18 70845 109833
18 70846 109499
18 70847 109487
18 70847 109507
18 70847 109514
18 70847 109889
18 70850 109751
18 70851 109513
18 70851 109545
18 70852 109545
18 70852 109661
18 70853 109518
18 70853 109834
18 70854 109472
18 70854 109843
18 70855 109727
18 70855 109835
18 70856 109518
18 70857 109480
18 70857 109783
18 70858 109577
18 70858 109796
18 70860 109520
18 70860 109841
18 70862 109801
18 70863 109549
18 70864 109670
18 70871 109901
18 70873 109596
3 2 3
4 4 6
5 8 13
6 17 26
7 34 53
8 68 106
8 68 107
8 69 106
8 69 107
9 137 213
