12 1164 1625
12 1164 1626
12 1164 1627
12 1164 1628
12 1164 1629
12 1164 1630
12 1164 1631
12 1165 1625
12 1165 1626
12 1165 1627
12 1165 1628
12 1165 1629
12 1165 1630
12 1165 1631
12 1166 1625
12 1166 1626
12 1166 1627
12 1166 1631
12 1167 1625
12 1167 1626
12 1167 1627
12 1167 1630
12 1167 1631
12 1168 1625
12 1168 1626
12 1168 1630
12 1168 1631
12 1169 1625
12 1169 1626
12 1169 1629
12 1169 1630
12 1169 1631
12 1170 1625
12 1170 1629
12 1170 1630
12 1170 1631
12 1171 1625
12 1171 1628
12 1171 1629
12 1171 1630
12 1171 1631
12 1172 1625
12 1172 1626
12 1172 1627
12 1172 1628
12 1172 1629
12 1172 1630
12 1172 1631
13 2329 3250
4 4 6
5 9 12
6 18 25
7 36 50
