13 2062 3399
13 2062 3399
13 2063 3399
13 2063 3399
13 2064 3399
13 2064 3399
14 4124 6790
14 4124 6791
14 4124 6792
14 4124 6793
14 4124 6794
14 4124 6795
14 4124 6796
14 4124 6797
14 4124 6798
15 8249 13581
15 8249 13582
15 8249 13583
15 8249 13584
15 8249 13585
15 8249 13586
15 8249 13587
15 8249 13588
15 8249 13589
15 8249 13590
15 8249 13591
15 8249 13592
15 8249 13593
15 8249 13594
15 8249 13595
15 8249 13596
16 16499 27162
16 16499 27163
16 16499 27164
16 16499 27165
16 16499 27166
16 16499 27167
16 16499 27168
16 16499 27169
16 16499 27170
16 16499 27171
16 16499 27172
16 16499 27173
16 16499 27174
16 16499 27175
16 16499 27176
16 16499 27177
16 16499 27178
16 16499 27179
16 16499 27180
16 16499 27181
16 16499 27182
16 16499 27183
16 16499 27184
16 16499 27185
16 16499 27186
16 16499 27187
16 16499 27188
16 16499 27189
16 16499 27190
16 16499 27191
16 16499 27192
17 32999 54325
17 32999 54326
17 32999 54327
17 32999 54328
17 32999 54329
17 32999 54330
17 32999 54331
17 32999 54332
17 32999 54333
17 32999 54334
17 32999 54335
17 32999 54336
17 32999 54337
17 32999 54338
17 32999 54339
17 32999 54340
17 32999 54341
17 32999 54342
17 32999 54343
17 32999 54344
17 32999 54345
17 32999 54346
17 32999 54347
17 32999 54348
17 32999 54349
17 32999 54350
17 32999 54351
17 32999 54352
17 32999 54353
17 32999 54354
17 32999 54355
17 32999 54356
17 32999 54357
17 32999 54358
17 32999 54359
17 32999 54360
17 32999 54361
17 32999 54362
17 32999 54363
17 32999 54364
17 32999 54365
17 32999 54366
17 32999 54367
17 32999 54368
17 32999 54369
17 32999 54370
17 32999 54371
17 32999 54372
17 32999 54373
17 32999 54374
17 32999 54375
17 32999 54376
17 32999 54377
17 32999 54378
17 32999 54379
17 32999 54380
17 32999 54381
17 32999 54382
17 32999 54383
17 32999 54384
18 65998 108650
3 2 3
4 4 6
4 4 6
5 8 13
5 8 13
6 16 26
6 16 26
7 32 53
7 32 53
8 64 106
8 64 106
9 128 212
9 128 212
9 129 212
9 129 212
