13 2206 3431
13 2206 3432
13 2206 3435
13 2206 3436
13 2206 3437
13 2206 3438
13 2206 3439
13 2206 3440
13 2206 3441
13 2206 3442
13 2206 3443
13 2206 3444
13 2207 3431
13 2207 3437
13 2207 3438
13 2207 3439
13 2207 3440
13 2207 3441
13 2207 3442
13 2207 3443
13 2207 3444
13 2208 3431
13 2208 3439
13 2208 3440
13 2208 3441
13 2208 3442
13 2208 3443
13 2208 3444
13 2209 3441
13 2209 3442
13 2209 3443
13 2209 3444
13 2210 3442
13 2210 3443
13 2210 3444
13 2211 3431
13 2211 3444
13 2212 3431
13 2212 3432
13 2212 3433
13 2213 3431
13 2213 3432
13 2213 3433
13 2213 3434
13 2213 3435
13 2214 3431
13 2214 3432
13 2214 3433
13 2214 3434
13 2214 3435
13 2214 3436
13 2214 3444
13 2215 3431
13 2215 3432
13 2215 3433
13 2215 3434
13 2215 3435
13 2215 3436
13 2215 3437
13 2215 3438
13 2215 3444
13 2216 3431
13 2216 3432
13 2216 3433
13 2216 3434
13 2216 3435
13 2216 3436
13 2216 3437
13 2216 3438
13 2216 3439
13 2216 3440
13 2216 3443
13 2216 3444
