10 302 383
11 602 766
12 1205 1532
12 1205 1532
12 1205 1533
12 1205 1533
12 1205 1534
12 1205 1534
12 1205 1535
12 1205 1535
12 1205 1536
12 1205 1536
12 1205 1537
12 1205 1537
12 1205 1538
12 1205 1538
12 1208 1532
12 1208 1532
12 1208 1533
12 1208 1533
12 1208 1534
12 1208 1534
12 1208 1535
12 1208 1535
12 1208 1536
12 1208 1536
12 1208 1537
12 1208 1537
12 1208 1538
12 1208 1538
13 2411 3064
13 2411 3064
13 2411 3065
13 2411 3065
13 2411 3066
13 2411 3066
13 2411 3067
13 2411 3067
13 2411 3068
13 2411 3068
13 2411 3069
13 2411 3069
13 2411 3070
13 2411 3070
13 2411 3071
13 2411 3071
13 2411 3072
13 2411 3072
13 2411 3073
13 2411 3073
13 2411 3074
13 2411 3074
13 2411 3075
13 2411 3075
13 2411 3076
13 2411 3076
13 2416 3064
13 2416 3064
13 2416 3065
13 2416 3065
13 2416 3066
13 2416 3066
13 2416 3067
13 2416 3067
13 2416 3068
13 2416 3068
13 2416 3069
13 2416 3069
13 2416 3070
13 2416 3070
13 2416 3071
13 2416 3071
13 2416 3072
13 2416 3072
13 2416 3073
13 2416 3073
13 2416 3074
13 2416 3074
13 2416 3075
13 2416 3075
13 2416 3076
13 2416 3076
14 4823 6129
14 4823 6130
14 4823 6131
14 4823 6132
14 4823 6133
14 4823 6134
14 4823 6135
14 4823 6136
14 4823 6137
14 4823 6138
14 4823 6139
14 4823 6140
14 4823 6141
14 4823 6142
14 4823 6143
14 4823 6144
14 4823 6145
14 4823 6146
14 4823 6147
14 4823 6148
14 4823 6149
14 4823 6150
14 4823 6151
14 4823 6152
15 9647 12258
15 9647 12259
15 9647 12260
15 9647 12261
15 9647 12262
15 9647 12263
15 9647 12264
15 9647 12265
15 9647 12266
15 9647 12267
15 9647 12268
15 9647 12269
15 9647 12270
15 9647 12271
15 9647 12272
15 9647 12273
15 9647 12274
15 9647 12275
15 9647 12276
15 9647 12277
15 9647 12278
15 9647 12279
15 9647 12280
15 9647 12281
15 9647 12282
15 9647 12283
15 9647 12284
15 9647 12285
15 9647 12286
15 9647 12287
15 9647 12288
15 9647 12289
15 9647 12290
15 9647 12291
15 9647 12292
15 9647 12293
15 9647 12294
15 9647 12295
15 9647 12296
15 9647 12297
15 9647 12298
15 9647 12299
15 9647 12300
15 9647 12301
15 9647 12302
15 9647 12303
15 9647 12304
16 19295 24517
16 19295 24518
16 19295 24519
16 19295 24520
16 19295 24521
16 19295 24522
16 19295 24523
16 19295 24524
16 19295 24525
16 19295 24526
16 19295 24527
16 19295 24528
16 19295 24529
16 19295 24530
16 19295 24531
16 19295 24532
16 19295 24533
16 19295 24534
16 19295 24535
16 19295 24536
16 19295 24537
16 19295 24538
16 19295 24539
16 19295 24540
16 19295 24541
16 19295 24542
16 19295 24543
16 19295 24544
16 19295 24545
16 19295 24546
16 19295 24547
16 19295 24548
16 19295 24549
16 19295 24550
16 19295 24551
16 19295 24552
16 19295 24553
16 19295 24554
16 19295 24555
16 19295 24556
16 19295 24557
16 19295 24558
16 19295 24559
16 19295 24560
16 19295 24561
16 19295 24562
16 19295 24563
16 19295 24564
16 19295 24565
16 19295 24566
16 19295 24567
16 19295 24568
16 19295 24569
16 19295 24570
16 19295 24571
16 19295 24572
16 19295 24573
16 19295 24574
16 19295 24575
16 19295 24576
16 19295 24577
16 19295 24578
16 19295 24579
16 19295 24580
16 19295 24581
16 19295 24582
16 19295 24583
16 19295 24584
16 19295 24585
16 19295 24586
16 19295 24587
16 19295 24588
16 19295 24589
16 19295 24590
16 19295 24591
16 19295 24592
16 19295 24593
16 19295 24594
16 19295 24595
16 19295 24596
16 19295 24597
16 19295 24598
16 19295 24599
16 19295 24600
16 19295 24601
16 19295 24602
16 19295 24603
16 19295 24604
16 19295 24605
16 19295 24606
16 19295 24607
16 19295 24608
16 19295 24609
17 38591 49035
17 38591 49036
17 38591 49037
17 38591 49038
17 38591 49039
17 38591 49040
17 38591 49041
17 38591 49042
17 38591 49043
17 38591 49044
17 38591 49045
17 38591 49046
17 38591 49047
17 38591 49048
17 38591 49049
17 38591 49050
17 38591 49051
17 38591 49052
17 38591 49053
17 38591 49054
17 38591 49055
17 38591 49056
17 38591 49057
17 38591 49058
17 38591 49059
17 38591 49060
17 38591 49061
17 38591 49062
17 38591 49063
17 38591 49064
17 38591 49065
17 38591 49066
17 38591 49067
17 38591 49068
17 38591 49069
17 38591 49070
17 38591 49071
17 38591 49072
17 38591 49073
17 38591 49074
17 38591 49075
17 38591 49076
17 38591 49077
17 38591 49078
17 38591 49079
17 38591 49080
17 38591 49081
17 38591 49082
17 38591 49083
17 38591 49084
17 38591 49085
17 38591 49086
17 38591 49087
17 38591 49088
17 38591 49089
17 38591 49090
17 38591 49091
17 38591 49092
17 38591 49093
17 38591 49094
17 38591 49095
17 38591 49096
17 38591 49097
17 38591 49098
17 38591 49099
17 38591 49100
17 38591 49101
17 38591 49102
17 38591 49103
17 38591 49104
17 38591 49105
17 38591 49106
17 38591 49107
17 38591 49108
17 38591 49109
17 38591 49110
17 38591 49111
17 38591 49112
17 38591 49113
17 38591 49114
17 38591 49115
17 38591 49116
17 38591 49117
17 38591 49118
17 38591 49119
17 38591 49120
17 38591 49121
17 38591 49122
17 38591 49123
17 38591 49124
17 38591 49125
17 38591 49126
17 38591 49127
17 38591 49128
17 38591 49129
17 38591 49130
17 38591 49131
17 38591 49132
17 38591 49133
17 38591 49134
17 38591 49135
17 38591 49136
17 38591 49137
17 38591 49138
17 38591 49139
17 38591 49140
17 38591 49141
17 38591 49142
17 38591 49143
17 38591 49144
17 38591 49145
17 38591 49146
17 38591 49147
17 38591 49148
17 38591 49149
17 38591 49150
17 38591 49151
17 38591 49152
17 38591 49153
17 38591 49154
17 38591 49155
17 38591 49156
17 38591 49157
17 38591 49158
17 38591 49159
17 38591 49160
17 38591 49161
17 38591 49162
17 38591 49163
17 38591 49164
17 38591 49165
17 38591 49166
17 38591 49167
17 38591 49168
17 38591 49169
17 38591 49170
17 38591 49171
17 38591 49172
17 38591 49173
17 38591 49174
17 38591 49175
17 38591 49176
17 38591 49177
17 38591 49178
17 38591 49179
17 38591 49180
17 38591 49181
17 38591 49182
17 38591 49183
17 38591 49184
17 38591 49185
17 38591 49186
17 38591 49187
17 38591 49188
17 38591 49189
17 38591 49190
17 38591 49191
17 38591 49192
17 38591 49193
17 38591 49194
17 38591 49195
17 38591 49196
17 38591 49197
17 38591 49198
17 38591 49199
17 38591 49200
17 38591 49201
17 38591 49202
17 38591 49203
17 38591 49204
17 38591 49205
17 38591 49206
17 38591 49207
17 38591 49208
17 38591 49209
17 38591 49210
17 38591 49211
17 38591 49212
17 38591 49213
17 38591 49214
17 38591 49215
17 38591 49216
17 38591 49217
17 38591 49218
17 38591 49219
18 77182 98070
3 2 2
4 4 5
4 4 5
4 4 6
4 4 6
5 9 11
5 9 11
5 9 12
5 9 12
6 18 23
6 18 23
6 18 24
6 18 24
7 37 47
7 37 47
7 37 48
7 37 48
9 151 191
9 151 191
9 151 192
9 151 192
