10 252 420
11 504 841
12 1008 1683
12 1008 1683
12 1008 1684
12 1008 1684
12 1008 1685
12 1008 1685
12 1008 1686
12 1008 1686
12 1008 1687
12 1008 1687
12 1008 1688
12 1008 1688
12 1008 1689
12 1008 1689
12 1009 1683
12 1009 1683
12 1009 1687
12 1009 1687
12 1009 1688
12 1009 1688
12 1009 1689
12 1009 1689
12 1010 1683
12 1010 1683
12 1010 1689
12 1010 1689
12 1011 1683
12 1011 1683
12 1012 1683
12 1012 1683
12 1012 1684
12 1012 1684
12 1012 1685
12 1012 1685
12 1013 1683
12 1013 1683
12 1013 1684
12 1013 1684
12 1013 1685
12 1013 1685
12 1013 1686
12 1013 1686
12 1013 1687
12 1013 1687
12 1013 1689
12 1013 1689
13 2017 3367
13 2017 3367
13 2017 3368
13 2017 3368
13 2017 3369
13 2017 3369
13 2017 3370
13 2017 3370
13 2017 3371
13 2017 3371
13 2017 3372
13 2017 3372
13 2017 3373
13 2017 3373
13 2017 3374
13 2017 3374
13 2017 3375
13 2017 3375
13 2017 3376
13 2017 3376
13 2017 3377
13 2017 3377
13 2017 3378
13 2017 3378
13 2017 3379
13 2017 3379
13 2018 3367
13 2018 3367
13 2018 3368
13 2018 3368
13 2018 3369
13 2018 3369
13 2018 3372
13 2018 3372
13 2018 3373
13 2018 3373
13 2018 3374
13 2018 3374
13 2018 3375
13 2018 3375
13 2018 3376
13 2018 3376
13 2018 3377
13 2018 3377
13 2018 3378
13 2018 3378
13 2018 3379
13 2018 3379
13 2019 3367
13 2019 3367
13 2019 3374
13 2019 3374
13 2019 3375
13 2019 3375
13 2019 3376
13 2019 3376
13 2019 3377
13 2019 3377
13 2019 3378
13 2019 3378
13 2019 3379
13 2019 3379
13 2020 3367
13 2020 3367
13 2020 3375
13 2020 3375
13 2020 3376
13 2020 3376
13 2020 3377
13 2020 3377
13 2020 3378
13 2020 3378
13 2020 3379
13 2020 3379
13 2021 3367
13 2021 3367
13 2021 3377
13 2021 3377
13 2021 3378
13 2021 3378
13 2021 3379
13 2021 3379
13 2022 3367
13 2022 3367
13 2022 3368
13 2022 3368
13 2022 3378
13 2022 3378
13 2022 3379
13 2022 3379
13 2023 3367
13 2023 3367
13 2023 3368
13 2023 3368
13 2023 3369
13 2023 3369
13 2023 3370
13 2023 3370
13 2023 3379
13 2023 3379
13 2024 3367
13 2024 3367
13 2024 3368
13 2024 3368
13 2024 3369
13 2024 3369
13 2024 3370
13 2024 3370
13 2024 3371
13 2024 3371
13 2024 3372
13 2024 3372
13 2024 3379
13 2024 3379
13 2025 3367
13 2025 3367
13 2025 3368
13 2025 3368
13 2025 3369
13 2025 3369
13 2025 3370
13 2025 3370
13 2025 3371
13 2025 3371
13 2025 3372
13 2025 3372
13 2025 3373
13 2025 3373
13 2025 3378
13 2025 3378
13 2025 3379
13 2025 3379
13 2026 3367
13 2026 3367
13 2026 3368
13 2026 3368
13 2026 3369
13 2026 3369
13 2026 3370
13 2026 3370
13 2026 3371
13 2026 3371
13 2026 3372
13 2026 3372
13 2026 3373
13 2026 3373
13 2026 3374
13 2026 3374
13 2026 3375
13 2026 3375
13 2026 3378
13 2026 3378
13 2026 3379
13 2026 3379
13 2027 3367
13 2027 3367
13 2027 3368
13 2027 3368
13 2027 3369
13 2027 3369
13 2027 3370
13 2027 3370
13 2027 3371
13 2027 3371
13 2027 3372
13 2027 3372
13 2027 3373
13 2027 3373
13 2027 3374
13 2027 3374
13 2027 3375
13 2027 3375
13 2027 3376
13 2027 3376
13 2027 3377
13 2027 3377
13 2027 3378
13 2027 3378
13 2027 3379
13 2027 3379
14 4035 6734
14 4035 6735
14 4035 6736
14 4035 6737
14 4035 6738
14 4035 6739
14 4035 6740
14 4035 6741
14 4035 6742
14 4035 6743
14 4035 6744
14 4035 6745
14 4035 6746
14 4035 6747
14 4035 6748
14 4035 6749
14 4035 6750
14 4035 6751
14 4035 6752
14 4035 6753
14 4035 6754
14 4035 6755
14 4035 6756
14 4035 6757
14 4035 6758
14 4037 6739
15 8071 13469
15 8071 13470
15 8071 13471
15 8071 13472
15 8071 13473
15 8071 13474
15 8071 13475
15 8071 13476
15 8071 13477
15 8071 13478
15 8071 13479
15 8071 13480
15 8071 13481
15 8071 13482
15 8071 13483
15 8071 13484
15 8071 13485
15 8071 13486
15 8071 13487
15 8071 13488
15 8071 13489
15 8071 13490
15 8071 13491
15 8071 13492
15 8071 13493
15 8071 13494
15 8071 13495
15 8071 13496
15 8071 13497
15 8071 13498
15 8071 13499
15 8071 13500
15 8071 13501
15 8071 13502
15 8071 13503
15 8071 13504
15 8071 13505
15 8071 13506
15 8071 13507
15 8071 13508
15 8071 13509
15 8071 13510
15 8071 13511
15 8071 13512
15 8071 13513
15 8071 13514
15 8071 13515
15 8071 13516
15 8074 13478
16 16142 26939
16 16142 26940
16 16142 26941
16 16142 26942
16 16142 26943
16 16142 26944
16 16142 26945
16 16142 26946
16 16142 26947
16 16142 26948
16 16142 26949
16 16142 26950
16 16142 26951
16 16142 26952
16 16142 26953
16 16142 26954
16 16142 26955
16 16142 26956
16 16142 26957
16 16142 26958
16 16142 26959
16 16142 26960
16 16142 26961
16 16142 26962
16 16142 26963
16 16142 26964
16 16142 26965
16 16142 26966
16 16142 26967
16 16142 26968
16 16142 26969
16 16142 26970
16 16142 26971
16 16142 26972
16 16142 26973
16 16142 26974
16 16142 26975
16 16142 26976
16 16142 26977
16 16142 26978
16 16142 26979
16 16142 26980
16 16142 26981
16 16142 26982
16 16142 26983
16 16142 26984
16 16142 26985
16 16142 26986
16 16142 26987
16 16142 26988
16 16142 26989
16 16142 26990
16 16142 26991
16 16142 26992
16 16142 26993
16 16142 26994
16 16142 26995
16 16142 26996
16 16142 26997
16 16142 26998
16 16142 26999
16 16142 27000
16 16142 27001
16 16142 27002
16 16142 27003
16 16142 27004
16 16142 27005
16 16142 27006
16 16142 27007
16 16142 27008
16 16142 27009
16 16142 27010
16 16142 27011
16 16142 27012
16 16142 27013
16 16142 27014
16 16142 27015
16 16142 27016
16 16142 27017
16 16142 27018
16 16142 27019
16 16142 27020
16 16142 27021
16 16142 27022
16 16142 27023
16 16142 27024
16 16142 27025
16 16142 27026
16 16142 27027
16 16142 27028
16 16142 27029
16 16142 27030
16 16142 27031
16 16142 27032
16 16143 26983
16 16149 26956
17 32285 53879
17 32285 53880
17 32285 53881
17 32285 53882
17 32285 53883
17 32285 53884
17 32285 53885
17 32285 53886
17 32285 53887
17 32285 53888
17 32285 53889
17 32285 53890
17 32285 53891
17 32285 53892
17 32285 53893
17 32285 53894
17 32285 53895
17 32285 53896
17 32285 53897
17 32285 53898
17 32285 53899
17 32285 53900
17 32285 53901
17 32285 53902
17 32285 53903
17 32285 53904
17 32285 53905
17 32285 53906
17 32285 53907
17 32285 53908
17 32285 53909
17 32285 53910
17 32285 53911
17 32285 53912
17 32285 53913
17 32285 53914
17 32285 53915
17 32285 53916
17 32285 53917
17 32285 53918
17 32285 53919
17 32285 53920
17 32285 53921
17 32285 53922
17 32285 53923
17 32285 53924
17 32285 53925
17 32285 53926
17 32285 53927
17 32285 53928
17 32285 53929
17 32285 53930
17 32285 53931
17 32285 53932
17 32285 53933
17 32285 53934
17 32285 53935
17 32285 53936
17 32285 53937
17 32285 53938
17 32285 53939
17 32285 53940
17 32285 53941
17 32285 53942
17 32285 53943
17 32285 53944
17 32285 53945
17 32285 53946
17 32285 53947
17 32285 53948
17 32285 53949
17 32285 53950
17 32285 53951
17 32285 53952
17 32285 53953
17 32285 53954
17 32285 53955
17 32285 53956
17 32285 53957
17 32285 53958
17 32285 53959
17 32285 53960
17 32285 53961
17 32285 53962
17 32285 53963
17 32285 53964
17 32285 53965
17 32285 53966
17 32285 53967
17 32285 53968
17 32285 53969
17 32285 53970
17 32285 53971
17 32285 53972
17 32285 53973
17 32285 53974
17 32285 53975
17 32285 53976
17 32285 53977
17 32285 53978
17 32285 53979
17 32285 53980
17 32285 53981
17 32285 53982
17 32285 53983
17 32285 53984
17 32285 53985
17 32285 53986
17 32285 53987
17 32285 53988
17 32285 53989
17 32285 53990
17 32285 53991
17 32285 53992
17 32285 53993
17 32285 53994
17 32285 53995
17 32285 53996
17 32285 53997
17 32285 53998
17 32285 53999
17 32285 54000
17 32285 54001
17 32285 54002
17 32285 54003
17 32285 54004
17 32285 54005
17 32285 54006
17 32285 54007
17 32285 54008
17 32285 54009
17 32285 54010
17 32285 54011
17 32285 54012
17 32285 54013
17 32285 54014
17 32285 54015
17 32285 54016
17 32285 54017
17 32285 54018
17 32285 54019
17 32285 54020
17 32285 54021
17 32285 54022
17 32285 54023
17 32285 54024
17 32285 54025
17 32285 54026
17 32285 54027
17 32285 54028
17 32285 54029
17 32285 54030
17 32285 54031
17 32285 54032
17 32285 54033
17 32285 54034
17 32285 54035
17 32285 54036
17 32285 54037
17 32285 54038
17 32285 54039
17 32285 54040
17 32285 54041
17 32285 54042
17 32285 54043
17 32285 54044
17 32285 54045
17 32285 54046
17 32285 54047
17 32285 54048
17 32285 54049
17 32285 54050
17 32285 54051
17 32285 54052
17 32285 54053
17 32285 54054
17 32285 54055
17 32285 54056
17 32285 54057
17 32285 54058
17 32285 54059
17 32285 54060
17 32285 54061
17 32285 54062
17 32285 54063
17 32285 54064
17 32298 53913
18 64571 107758
18 64596 107826
3 1 3
4 3 6
4 3 6
5 7 13
5 7 13
6 15 26
6 15 26
7 31 52
7 31 52
8 63 105
8 63 105
