11 511 844
12 1015 1690
12 1015 1690
12 1015 1691
12 1015 1691
12 1016 1690
12 1016 1690
12 1016 1691
12 1016 1691
12 1017 1690
12 1017 1690
12 1017 1691
12 1017 1691
12 1018 1688
12 1018 1688
12 1018 1691
12 1018 1691
12 1019 1688
12 1019 1688
12 1019 1691
12 1019 1691
12 1020 1688
12 1020 1688
12 1021 1688
12 1021 1688
12 1022 1688
12 1022 1688
12 1022 1689
12 1022 1689
13 2030 3376
13 2030 3376
13 2030 3377
13 2030 3377
13 2030 3378
13 2030 3378
13 2030 3380
13 2030 3380
13 2030 3381
13 2030 3381
13 2030 3382
13 2030 3382
13 2031 3376
13 2031 3376
13 2031 3380
13 2031 3380
13 2031 3381
13 2031 3381
13 2031 3382
13 2031 3382
13 2032 3376
13 2032 3376
13 2032 3380
13 2032 3380
13 2032 3381
13 2032 3381
13 2032 3382
13 2032 3382
13 2033 3376
13 2033 3376
13 2033 3380
13 2033 3380
13 2033 3381
13 2033 3381
13 2033 3382
13 2033 3382
13 2034 3376
13 2034 3376
13 2034 3380
13 2034 3380
13 2034 3381
13 2034 3381
13 2034 3382
13 2034 3382
13 2035 3376
13 2035 3376
13 2035 3377
13 2035 3377
13 2035 3380
13 2035 3380
13 2035 3381
13 2035 3381
13 2035 3382
13 2035 3382
13 2036 3376
13 2036 3376
13 2036 3377
13 2036 3377
13 2036 3382
13 2036 3382
13 2037 3376
13 2037 3376
13 2037 3377
13 2037 3377
13 2037 3382
13 2037 3382
13 2038 3376
13 2038 3376
13 2038 3377
13 2038 3377
13 2038 3382
13 2038 3382
13 2039 3376
13 2039 3376
13 2039 3377
13 2039 3377
13 2039 3382
13 2039 3382
13 2040 3376
13 2040 3376
13 2040 3377
13 2040 3377
13 2041 3376
13 2041 3376
13 2041 3377
13 2041 3377
13 2042 3376
13 2042 3376
13 2042 3377
13 2042 3377
13 2043 3376
13 2043 3376
13 2043 3377
13 2043 3377
13 2044 3376
13 2044 3376
13 2044 3377
13 2044 3377
13 2044 3378
13 2044 3378
13 2044 3379
13 2044 3379
13 2045 3376
13 2045 3376
13 2045 3377
13 2045 3377
13 2045 3378
13 2045 3378
13 2045 3379
13 2045 3379
13 2045 3380
13 2045 3380
13 2045 3381
13 2045 3381
13 2045 3382
13 2045 3382
14 4061 6752
14 4061 6753
14 4061 6754
14 4061 6755
14 4061 6756
14 4061 6757
14 4061 6760
14 4061 6761
14 4061 6762
14 4061 6763
14 4061 6764
14 4069 6759
14 4087 6758
15 8123 13505
15 8123 13506
15 8123 13507
15 8123 13508
15 8123 13509
15 8123 13510
15 8123 13511
15 8123 13512
15 8123 13513
15 8123 13514
15 8123 13515
15 8123 13516
15 8123 13519
15 8123 13520
15 8123 13521
15 8123 13522
15 8123 13523
15 8123 13524
15 8123 13525
15 8123 13526
15 8123 13527
15 8123 13528
15 8123 13529
15 8137 13518
15 8142 13517
16 16246 27011
16 16246 27012
16 16246 27013
16 16246 27014
16 16246 27015
16 16246 27016
16 16246 27017
16 16246 27018
16 16246 27019
16 16246 27020
16 16246 27021
16 16246 27022
16 16246 27023
16 16246 27024
16 16246 27025
16 16246 27026
16 16246 27027
16 16246 27028
16 16246 27029
16 16246 27030
16 16246 27031
16 16246 27032
16 16246 27033
16 16246 27034
16 16246 27035
16 16246 27036
16 16246 27037
16 16246 27038
16 16246 27039
16 16246 27040
16 16246 27041
16 16246 27042
16 16246 27043
16 16246 27044
16 16246 27045
16 16246 27046
16 16246 27047
16 16246 27048
16 16246 27049
16 16246 27050
16 16246 27051
16 16246 27052
16 16246 27053
16 16246 27054
16 16246 27055
16 16246 27056
16 16246 27057
16 16246 27058
16 16246 27059
17 32492 54022
17 32492 54023
17 32492 54024
17 32492 54025
17 32492 54026
17 32492 54027
17 32492 54028
17 32492 54029
17 32492 54030
17 32492 54031
17 32492 54032
17 32492 54033
17 32492 54034
17 32492 54035
17 32492 54036
17 32492 54037
17 32492 54038
17 32492 54039
17 32492 54040
17 32492 54041
17 32492 54042
17 32492 54043
17 32492 54044
17 32492 54045
17 32492 54046
17 32492 54047
17 32492 54048
17 32492 54049
17 32492 54050
17 32492 54051
17 32492 54052
17 32492 54053
17 32492 54054
17 32492 54055
17 32492 54056
17 32492 54057
17 32492 54058
17 32492 54059
17 32492 54060
17 32492 54061
17 32492 54062
17 32492 54063
17 32492 54064
17 32492 54065
17 32492 54066
17 32492 54067
17 32492 54068
17 32492 54069
17 32492 54070
17 32492 54071
17 32492 54072
17 32492 54073
17 32492 54074
17 32492 54075
17 32492 54076
17 32492 54077
17 32492 54078
17 32492 54079
17 32492 54080
17 32492 54081
17 32492 54082
17 32492 54083
17 32492 54084
17 32492 54085
17 32492 54086
17 32492 54087
17 32492 54088
17 32492 54089
17 32492 54090
17 32492 54091
17 32492 54092
17 32492 54093
17 32492 54094
17 32492 54095
17 32492 54096
17 32492 54097
17 32492 54098
17 32492 54099
17 32492 54100
17 32492 54101
17 32492 54102
17 32492 54103
17 32492 54104
17 32492 54105
17 32492 54106
17 32492 54107
17 32492 54108
17 32492 54109
17 32492 54110
17 32492 54111
17 32492 54112
17 32492 54113
17 32492 54114
17 32492 54115
17 32492 54116
17 32492 54117
17 32492 54118
17 32640 54111
18 64984 108045
18 64984 108046
18 64984 108047
18 64984 108048
18 64984 108049
18 64984 108050
18 64984 108051
18 64984 108052
18 64984 108053
18 64984 108054
18 64984 108055
18 64984 108056
18 64984 108057
18 64984 108058
18 64984 108059
18 64984 108060
18 64984 108061
18 64984 108062
18 64984 108063
18 64984 108064
18 64984 108065
18 64984 108066
18 64984 108067
18 64984 108068
18 64984 108069
18 64984 108070
18 64984 108071
18 64984 108072
18 64984 108073
18 64984 108074
18 64984 108075
18 64984 108076
18 64984 108077
18 64984 108078
18 64984 108079
18 64984 108080
18 64984 108081
18 64984 108082
18 64984 108083
18 64984 108084
18 64984 108085
18 64984 108086
18 64984 108087
18 64984 108088
18 64984 108089
18 64984 108090
18 64984 108091
18 64984 108092
18 64984 108093
18 64984 108094
18 64984 108095
18 64984 108096
18 64984 108097
18 64984 108098
18 64984 108099
18 64984 108100
18 64984 108101
18 64984 108102
18 64984 108103
18 64984 108104
18 64984 108105
18 64984 108106
18 64984 108107
18 64984 108108
18 64984 108109
18 64984 108110
18 64984 108111
18 64984 108112
18 64984 108113
18 64984 108114
18 64984 108115
18 64984 108116
18 64984 108117
18 64984 108118
18 64984 108119
18 64984 108120
18 64984 108121
18 64984 108122
18 64984 108123
18 64984 108124
18 64984 108125
18 64984 108126
18 64984 108127
18 64984 108128
18 64984 108129
18 64984 108130
18 64984 108131
18 64984 108132
18 64984 108133
18 64984 108134
18 64984 108135
18 64984 108136
18 64984 108137
18 64984 108138
18 64984 108139
18 64984 108140
18 64984 108141
18 64984 108142
18 64984 108143
18 64984 108144
18 64984 108145
18 64984 108146
18 64984 108147
18 64984 108148
18 64984 108149
18 64984 108150
18 64984 108151
18 64984 108152
18 64984 108153
18 64984 108154
18 64984 108155
18 64984 108156
18 64984 108157
18 64984 108158
18 64984 108159
18 64984 108160
18 64984 108161
18 64984 108162
18 64984 108163
18 64984 108164
18 64984 108165
18 64984 108166
18 64984 108167
18 64984 108168
18 64984 108169
18 64984 108170
18 64984 108171
18 64984 108172
18 64984 108173
18 64984 108174
18 64984 108175
18 64984 108176
18 64984 108177
18 64984 108178
18 64984 108179
18 64984 108180
18 64984 108181
18 64984 108182
18 64984 108183
18 64984 108184
18 64984 108185
18 64984 108186
18 64984 108187
18 64984 108188
18 64984 108189
18 64984 108190
18 64984 108191
18 64984 108192
18 64984 108193
18 64984 108194
18 64984 108195
18 64984 108196
18 64984 108197
18 64984 108198
18 64984 108199
18 64984 108200
18 64984 108201
18 64984 108202
18 64984 108203
18 64984 108204
18 64984 108205
18 64984 108206
18 64984 108207
18 64984 108208
18 64984 108209
18 64984 108210
18 64984 108211
18 64984 108212
18 64984 108213
18 64984 108214
18 64984 108215
18 64984 108216
18 64984 108217
18 64984 108218
18 64984 108219
18 64984 108220
18 64984 108221
18 64984 108222
18 64984 108223
18 64984 108224
18 64984 108225
18 64984 108226
18 64984 108227
18 64984 108228
18 64984 108229
18 64984 108230
18 64984 108231
18 64984 108232
18 64984 108233
18 64984 108234
18 64984 108235
18 64984 108236
18 64984 108237
18 65280 108223
3 1 3
4 3 6
4 3 6
5 7 13
5 7 13
6 15 26
6 15 26
7 31 52
7 31 52
8 63 105
8 63 105
