13 2260 3508
13 2260 3508
13 2260 3510
13 2260 3510
14 4520 7016
14 4521 7016
14 4525 7017
15 9041 14032
15 9041 14033
15 9046 14032
15 9050 14035
16 18082 28065
16 18083 28066
16 18093 28065
16 18101 28070
17 36165 56130
18 72330 112260
3 2 3
4 4 6
4 4 6
5 8 13
5 8 13
6 17 27
6 17 27
7 35 54
7 35 54
8 70 109
8 70 109
14 4520 7017
14 4520 7018
14 4520 7019
14 4520 7020
14 4520 7021
15 9041 14034
15 9041 14035
15 9041 14036
15 9041 14037
15 9041 14038
15 9041 14039
15 9041 14040
15 9041 14041
15 9041 14042
