11 480 850
11 480 850
12 960 1701
12 960 1701
12 960 1702
12 960 1702
12 960 1705
12 960 1705
12 961 1701
12 961 1701
12 961 1702
12 961 1702
12 962 1701
12 962 1701
12 963 1701
12 963 1701
12 963 1705
12 963 1705
12 964 1701
12 964 1701
12 964 1705
12 964 1705
12 965 1701
12 965 1701
12 965 1702
12 965 1702
12 965 1704
12 965 1704
12 965 1705
12 965 1705
13 1921 3403
13 1921 3403
13 1921 3404
13 1921 3404
13 1921 3405
13 1921 3405
13 1921 3406
13 1921 3406
13 1921 3409
13 1921 3409
13 1921 3410
13 1921 3410
13 1922 3403
13 1922 3403
13 1922 3404
13 1922 3404
13 1922 3405
13 1922 3405
13 1923 3403
13 1923 3403
13 1923 3404
13 1923 3404
13 1923 3405
13 1923 3405
13 1924 3403
13 1924 3403
13 1924 3404
13 1924 3404
13 1924 3405
13 1924 3405
13 1925 3403
13 1925 3403
13 1925 3404
13 1925 3404
13 1925 3410
13 1925 3410
13 1926 3403
13 1926 3403
13 1926 3404
13 1926 3404
13 1926 3410
13 1926 3410
13 1927 3403
13 1927 3403
13 1927 3410
13 1927 3410
13 1928 3403
13 1928 3403
13 1928 3409
13 1928 3409
13 1928 3410
13 1928 3410
13 1929 3403
13 1929 3403
13 1929 3409
13 1929 3409
13 1929 3410
13 1929 3410
13 1930 3403
13 1930 3403
13 1930 3404
13 1930 3404
13 1930 3405
13 1930 3405
13 1930 3406
13 1930 3406
13 1930 3408
13 1930 3408
13 1930 3409
13 1930 3409
13 1930 3410
13 1930 3410
14 3842 6806
14 3842 6807
14 3842 6808
14 3842 6809
14 3842 6810
14 3842 6811
14 3842 6812
14 3842 6813
14 3842 6814
14 3842 6815
14 3842 6816
14 3842 6817
14 3842 6818
14 3842 6819
14 3842 6820
14 3842 6821
15 7684 13613
15 7684 13614
15 7684 13615
15 7684 13616
15 7684 13617
15 7684 13618
15 7684 13619
15 7684 13620
15 7684 13621
15 7684 13622
15 7684 13623
15 7684 13624
15 7684 13625
15 7684 13626
15 7684 13627
15 7684 13628
15 7684 13629
15 7684 13630
15 7684 13631
15 7684 13632
15 7684 13633
15 7684 13634
15 7684 13635
15 7684 13636
15 7684 13637
15 7684 13638
15 7684 13639
15 7684 13640
15 7684 13641
15 7684 13642
16 15368 27227
16 15368 27228
16 15368 27229
16 15368 27230
16 15368 27231
16 15368 27232
16 15368 27233
16 15368 27234
16 15368 27235
16 15368 27236
16 15368 27237
16 15368 27238
16 15368 27239
16 15368 27240
16 15368 27241
16 15368 27242
16 15368 27243
16 15368 27244
16 15368 27245
16 15368 27246
16 15368 27247
16 15368 27248
16 15368 27249
16 15368 27250
16 15368 27251
16 15368 27252
16 15368 27253
16 15368 27254
16 15368 27255
16 15368 27256
16 15368 27257
16 15368 27258
16 15368 27259
16 15368 27260
16 15368 27261
16 15368 27262
16 15368 27263
16 15368 27264
16 15368 27265
16 15368 27266
16 15368 27267
16 15368 27268
16 15368 27269
16 15368 27270
16 15368 27271
16 15368 27272
16 15368 27273
16 15368 27274
16 15368 27275
16 15368 27276
16 15368 27277
16 15368 27278
16 15368 27279
16 15368 27280
16 15368 27281
16 15368 27282
16 15368 27283
16 15368 27284
16 15368 27285
17 30737 54454
17 30737 54455
17 30737 54456
17 30737 54457
17 30737 54458
17 30737 54459
17 30737 54460
17 30737 54461
17 30737 54462
17 30737 54463
17 30737 54464
17 30737 54465
17 30737 54466
17 30737 54467
17 30737 54468
17 30737 54469
17 30737 54470
17 30737 54471
17 30737 54472
17 30737 54473
17 30737 54474
17 30737 54475
17 30737 54476
17 30737 54477
17 30737 54478
17 30737 54479
17 30737 54480
17 30737 54481
17 30737 54482
17 30737 54483
17 30737 54484
17 30737 54485
17 30737 54486
17 30737 54487
17 30737 54488
17 30737 54489
17 30737 54490
17 30737 54491
17 30737 54492
17 30737 54493
17 30737 54494
17 30737 54495
17 30737 54496
17 30737 54497
17 30737 54498
17 30737 54499
17 30737 54500
17 30737 54501
17 30737 54502
17 30737 54503
17 30737 54504
17 30737 54505
17 30737 54506
17 30737 54507
17 30737 54508
17 30737 54509
17 30737 54510
17 30737 54511
17 30737 54512
17 30737 54513
17 30737 54514
17 30737 54515
17 30737 54516
17 30737 54517
17 30737 54518
17 30737 54519
17 30737 54520
17 30737 54521
17 30737 54522
17 30737 54523
17 30737 54524
17 30737 54525
17 30737 54526
17 30737 54527
17 30737 54528
17 30737 54529
17 30737 54530
17 30737 54531
17 30737 54532
17 30737 54533
17 30737 54534
17 30737 54535
17 30737 54536
17 30737 54537
17 30737 54538
17 30737 54539
17 30737 54540
17 30737 54541
17 30737 54542
17 30737 54543
17 30737 54544
17 30737 54545
17 30737 54546
17 30737 54547
17 30737 54548
17 30737 54549
17 30737 54550
17 30737 54551
17 30737 54552
17 30737 54553
17 30737 54554
17 30737 54555
17 30737 54556
17 30737 54557
17 30737 54558
17 30737 54559
17 30737 54560
17 30737 54561
17 30737 54562
17 30737 54563
17 30737 54564
17 30737 54565
17 30737 54566
17 30737 54567
17 30737 54568
17 30737 54569
17 30737 54570
17 30737 54571
18 61474 108909
3 1 3
4 3 6
4 3 6
5 7 13
5 7 13
6 15 26
6 15 26
7 30 53
7 30 53
8 60 106
8 60 106
