12 1206 1534
12 1206 1534
12 1207 1534
12 1207 1534
13 2413 3069
13 2413 3069
13 2414 3069
13 2414 3069
13 2415 3069
13 2415 3069
14 4827 6139
15 9654 12279
15 9654 12280
15 9654 12281
15 9654 12282
15 9654 12283
15 9654 12284
15 9654 12285
15 9654 12286
15 9654 12287
15 9654 12288
15 9654 12289
15 9654 12290
15 9654 12291
15 9654 12292
16 19309 24559
16 19309 24560
16 19309 24561
16 19309 24562
16 19309 24563
16 19309 24564
16 19309 24565
16 19309 24566
16 19309 24567
16 19309 24568
16 19309 24569
16 19309 24570
16 19309 24571
16 19309 24572
16 19309 24573
16 19309 24574
16 19309 24575
16 19309 24576
16 19309 24577
16 19309 24578
16 19309 24579
16 19309 24580
16 19309 24581
16 19309 24582
16 19309 24583
16 19309 24584
16 19309 24585
17 38619 49119
18 77238 98239
3 2 2
4 4 5
4 4 5
4 4 6
4 4 6
5 9 11
5 9 11
5 9 12
5 9 12
6 18 23
6 18 23
6 18 24
6 18 24
7 37 47
7 37 47
7 37 48
7 37 48
8 75 95
8 75 95
8 75 96
8 75 96
9 150 191
9 150 191
9 150 192
9 150 192
