10 281 435
11 559 870
11 561 870
11 562 871
12 1119 1741
12 1119 1741
12 1119 1742
12 1119 1742
12 1119 1744
12 1119 1744
12 1119 1745
12 1119 1745
12 1119 1746
12 1119 1746
12 1120 1741
12 1120 1741
12 1120 1745
12 1120 1745
12 1120 1746
12 1120 1746
12 1121 1741
12 1121 1741
12 1121 1746
12 1121 1746
12 1122 1741
12 1122 1741
12 1122 1742
12 1122 1742
12 1123 1741
12 1123 1741
12 1123 1742
12 1123 1742
12 1124 1741
12 1124 1741
12 1124 1742
12 1124 1742
12 1124 1743
12 1124 1743
12 1124 1746
12 1124 1746
13 2239 3483
13 2239 3483
13 2239 3484
13 2239 3484
13 2239 3485
13 2239 3485
13 2239 3488
13 2239 3488
13 2239 3489
13 2239 3489
13 2239 3490
13 2239 3490
13 2239 3491
13 2239 3491
13 2239 3492
13 2239 3492
13 2240 3483
13 2240 3483
13 2240 3484
13 2240 3484
13 2240 3488
13 2240 3488
13 2240 3489
13 2240 3489
13 2240 3490
13 2240 3490
13 2240 3491
13 2240 3491
13 2240 3492
13 2240 3492
13 2241 3483
13 2241 3483
13 2241 3489
13 2241 3489
13 2241 3490
13 2241 3490
13 2241 3491
13 2241 3491
13 2241 3492
13 2241 3492
13 2242 3483
13 2242 3483
13 2242 3490
13 2242 3490
13 2242 3491
13 2242 3491
13 2242 3492
13 2242 3492
13 2243 3483
13 2243 3483
13 2243 3484
13 2243 3484
13 2243 3491
13 2243 3491
13 2243 3492
13 2243 3492
13 2244 3483
13 2244 3483
13 2244 3484
13 2244 3484
13 2244 3485
13 2244 3485
13 2244 3492
13 2244 3492
13 2245 3483
13 2245 3483
13 2245 3484
13 2245 3484
13 2245 3485
13 2245 3485
13 2246 3483
13 2246 3483
13 2246 3484
13 2246 3484
13 2246 3485
13 2246 3485
13 2246 3486
13 2246 3486
13 2247 3483
13 2247 3483
13 2247 3484
13 2247 3484
13 2247 3485
13 2247 3485
13 2247 3486
13 2247 3486
13 2247 3487
13 2247 3487
13 2247 3492
13 2247 3492
13 2248 3483
13 2248 3483
13 2248 3484
13 2248 3484
13 2248 3485
13 2248 3485
13 2248 3486
13 2248 3486
13 2248 3487
13 2248 3487
13 2248 3488
13 2248 3488
13 2248 3491
13 2248 3491
13 2248 3492
13 2248 3492
13 2249 3483
13 2249 3483
13 2249 3484
13 2249 3484
13 2249 3485
13 2249 3485
13 2249 3486
13 2249 3486
13 2249 3487
13 2249 3487
13 2249 3488
13 2249 3488
13 2249 3489
13 2249 3489
13 2249 3490
13 2249 3490
13 2249 3491
13 2249 3491
13 2249 3492
13 2249 3492
14 4479 6966
14 4479 6967
14 4479 6968
14 4479 6969
14 4479 6970
14 4479 6971
14 4479 6972
14 4479 6975
14 4479 6976
14 4479 6977
14 4479 6978
14 4479 6979
14 4479 6980
14 4479 6981
14 4479 6982
14 4479 6983
14 4479 6984
14 4480 6971
14 4489 6968
14 4489 6970
14 4490 6967
14 4491 6967
14 4491 6973
14 4492 6974
14 4493 6984
14 4494 6984
14 4495 6971
14 4495 6982
14 4496 6981
14 4497 6976
14 4497 6981
14 4497 6982
14 4498 6972
15 8958 13933
15 8958 13934
15 8958 13935
15 8958 13936
15 8958 13937
15 8958 13938
15 8958 13939
15 8958 13940
15 8958 13941
15 8958 13942
15 8958 13943
15 8958 13944
15 8958 13945
15 8958 13946
15 8958 13947
15 8958 13948
15 8958 13949
15 8958 13950
15 8958 13951
15 8958 13952
15 8958 13953
15 8958 13954
15 8958 13955
15 8958 13956
15 8958 13957
15 8958 13958
15 8958 13959
15 8958 13960
15 8958 13961
15 8958 13962
15 8958 13963
15 8958 13964
15 8958 13965
15 8958 13966
15 8958 13967
15 8958 13968
15 8958 13969
15 8959 13943
15 8960 13942
15 8978 13936
15 8978 13940
15 8980 13934
15 8983 13935
15 8986 13969
15 8988 13968
15 8990 13942
15 8990 13965
15 8991 13965
15 8992 13961
15 8992 13963
15 8994 13952
15 8994 13962
15 8994 13964
15 8995 13965
15 8996 13945
16 17917 27866
16 17917 27867
16 17917 27868
16 17917 27869
16 17917 27870
16 17917 27871
16 17917 27872
16 17917 27873
16 17917 27874
16 17917 27875
16 17917 27876
16 17917 27877
16 17917 27878
16 17917 27879
16 17917 27880
16 17917 27881
16 17917 27882
16 17917 27883
16 17917 27884
16 17917 27885
16 17917 27886
16 17917 27887
16 17917 27888
16 17917 27889
16 17917 27890
16 17917 27891
16 17917 27892
16 17917 27893
16 17917 27894
16 17917 27895
16 17917 27896
16 17917 27897
16 17917 27898
16 17917 27899
16 17917 27900
16 17917 27901
16 17917 27902
16 17917 27903
16 17917 27904
16 17917 27905
16 17917 27906
16 17917 27907
16 17917 27908
16 17917 27909
16 17917 27910
16 17917 27911
16 17917 27912
16 17917 27913
16 17917 27914
16 17917 27915
16 17917 27916
16 17917 27917
16 17917 27918
16 17917 27919
16 17917 27920
16 17917 27921
16 17917 27922
16 17917 27923
16 17917 27924
16 17917 27925
16 17917 27926
16 17917 27927
16 17917 27928
16 17917 27929
16 17917 27930
16 17917 27931
16 17917 27932
16 17917 27933
16 17917 27934
16 17917 27935
16 17917 27936
16 17917 27937
16 17917 27938
16 17919 27886
16 17920 27885
16 17956 27873
16 17956 27881
16 17957 27872
16 17961 27869
16 17966 27870
16 17973 27938
16 17976 27936
16 17980 27885
16 17980 27931
16 17983 27930
16 17985 27922
16 17985 27927
16 17988 27925
16 17989 27904
16 17989 27928
16 17990 27931
16 17993 27891
17 35834 55733
17 35834 55734
17 35834 55735
17 35834 55736
17 35834 55737
17 35834 55738
17 35834 55739
17 35834 55740
17 35834 55741
17 35834 55742
17 35834 55743
17 35834 55744
17 35834 55745
17 35834 55746
17 35834 55747
17 35834 55748
17 35834 55749
17 35834 55750
17 35834 55751
17 35834 55752
17 35834 55753
17 35834 55754
17 35834 55755
17 35834 55756
17 35834 55757
17 35834 55758
17 35834 55759
17 35834 55760
17 35834 55761
17 35834 55762
17 35834 55763
17 35834 55764
17 35834 55765
17 35834 55766
17 35834 55767
17 35834 55768
17 35834 55769
17 35834 55770
17 35834 55771
17 35834 55772
17 35834 55773
17 35834 55774
17 35834 55775
17 35834 55776
17 35834 55777
17 35834 55778
17 35834 55779
17 35834 55780
17 35834 55781
17 35834 55782
17 35834 55783
17 35834 55784
17 35834 55785
17 35834 55786
17 35834 55787
17 35834 55788
17 35834 55789
17 35834 55790
17 35834 55791
17 35834 55792
17 35834 55793
17 35834 55794
17 35834 55795
17 35834 55796
17 35834 55797
17 35834 55798
17 35834 55799
17 35834 55800
17 35834 55801
17 35834 55802
17 35834 55803
17 35834 55804
17 35834 55805
17 35834 55806
17 35834 55807
17 35834 55808
17 35834 55809
17 35834 55810
17 35834 55811
17 35834 55812
17 35834 55813
17 35834 55814
17 35834 55815
17 35834 55816
17 35834 55817
17 35834 55818
17 35834 55819
17 35834 55820
17 35834 55821
17 35834 55822
17 35834 55823
17 35834 55824
17 35834 55825
17 35834 55826
17 35834 55827
17 35834 55828
17 35834 55829
17 35834 55830
17 35834 55831
17 35834 55832
17 35834 55833
17 35834 55834
17 35834 55835
17 35834 55836
17 35834 55837
17 35834 55838
17 35834 55839
17 35834 55840
17 35834 55841
17 35834 55842
17 35834 55843
17 35834 55844
17 35834 55845
17 35834 55846
17 35834 55847
17 35834 55848
17 35834 55849
17 35834 55850
17 35834 55851
17 35834 55852
17 35834 55853
17 35834 55854
17 35834 55855
17 35834 55856
17 35834 55857
17 35834 55858
17 35834 55859
17 35834 55860
17 35834 55861
17 35834 55862
17 35834 55863
17 35834 55864
17 35834 55865
17 35834 55866
17 35834 55867
17 35834 55868
17 35834 55869
17 35834 55870
17 35834 55871
17 35834 55872
17 35834 55873
17 35834 55874
17 35834 55875
17 35834 55876
18 71669 111466
3 2 3
4 4 6
4 4 6
5 8 13
5 8 13
6 17 27
6 17 27
7 34 54
7 34 54
7 35 54
7 35 54
8 69 108
8 69 108
8 69 109
8 69 109
8 70 108
8 70 108
8 70 109
8 70 109
9 139 218
9 139 218
