13 2211 3441
13 2211 3442
13 2211 3443
13 2211 3444
13 2211 3445
13 2211 3446
13 2211 3447
13 2211 3448
13 2211 3449
13 2211 3450
13 2211 3451
13 2211 3452
13 2211 3453
13 2211 3454
13 2211 3455
13 2211 3456
13 2212 3441
13 2212 3442
13 2212 3446
13 2212 3447
13 2212 3448
13 2212 3449
13 2212 3450
13 2212 3451
13 2212 3452
13 2212 3453
13 2212 3454
13 2212 3455
13 2212 3456
13 2213 3441
13 2213 3449
13 2213 3450
13 2213 3451
13 2213 3452
13 2213 3453
13 2213 3454
13 2213 3455
13 2213 3456
13 2214 3441
13 2214 3451
13 2214 3452
13 2214 3453
13 2214 3454
13 2214 3455
13 2214 3456
13 2215 3441
13 2215 3453
13 2215 3454
13 2215 3455
13 2215 3456
13 2216 3441
13 2216 3442
13 2216 3443
13 2216 3445
13 2216 3455
13 2216 3456
13 2217 3441
13 2217 3442
13 2217 3443
13 2217 3444
13 2217 3445
13 2218 3441
13 2218 3442
13 2218 3443
13 2218 3444
13 2218 3445
13 2218 3446
13 2218 3447
13 2218 3456
13 2219 3441
13 2219 3442
13 2219 3443
13 2219 3444
13 2219 3445
13 2219 3446
13 2219 3447
13 2219 3448
13 2219 3449
13 2219 3456
13 2220 3441
13 2220 3442
13 2220 3443
13 2220 3444
13 2220 3445
13 2220 3446
13 2220 3447
13 2220 3448
13 2220 3449
13 2220 3450
13 2220 3451
13 2220 3452
13 2220 3453
13 2220 3454
13 2220 3455
13 2220 3456
13 2221 3441
13 2221 3442
13 2221 3443
13 2221 3444
13 2221 3445
13 2221 3446
13 2221 3447
13 2221 3448
13 2221 3449
13 2221 3450
13 2221 3451
13 2221 3452
13 2221 3453
13 2221 3454
13 2221 3455
13 2221 3456
