13 2400 3113
13 2400 3113
13 2400 3115
13 2400 3115
13 2403 3113
13 2403 3113
14 4801 6226
14 4801 6227
14 4801 6230
14 4801 6231
15 9602 12452
15 9602 12453
15 9602 12454
15 9602 12455
15 9602 12456
15 9602 12459
15 9602 12460
15 9602 12461
15 9602 12462
15 9602 12463
16 19204 24904
16 19204 24905
16 19204 24906
16 19204 24907
16 19204 24908
16 19204 24909
16 19204 24910
16 19204 24911
16 19204 24912
16 19204 24913
16 19204 24914
16 19204 24915
16 19204 24916
16 19204 24917
16 19204 24918
16 19204 24919
16 19204 24920
16 19204 24921
16 19204 24922
16 19204 24923
16 19204 24924
16 19204 24925
16 19204 24926
16 19204 24927
17 38409 49808
17 38409 49809
17 38409 49810
17 38409 49811
17 38409 49812
17 38409 49813
17 38409 49814
17 38409 49815
17 38409 49816
17 38409 49817
17 38409 49818
17 38409 49819
17 38409 49820
17 38409 49821
17 38409 49822
17 38409 49823
17 38409 49824
17 38409 49825
17 38409 49826
17 38409 49827
17 38409 49828
17 38409 49829
17 38409 49830
17 38409 49831
17 38409 49832
17 38409 49833
17 38409 49834
17 38409 49835
17 38409 49836
17 38409 49837
17 38409 49838
17 38409 49839
17 38409 49840
17 38409 49841
17 38409 49842
17 38409 49843
17 38409 49844
17 38409 49845
17 38409 49846
17 38409 49847
17 38409 49848
17 38409 49849
17 38409 49850
17 38409 49851
17 38409 49852
17 38409 49853
17 38409 49854
17 38409 49855
18 76818 99616
3 2 3
4 4 6
4 4 6
5 9 12
5 9 12
6 18 24
6 18 24
7 37 48
7 37 48
