12 1189 1556
12 1189 1556
12 1189 1557
12 1189 1557
13 2372 3112
13 2372 3112
13 2373 3112
13 2373 3112
13 2374 3112
13 2374 3112
13 2375 3112
13 2375 3112
13 2376 3112
13 2376 3112
13 2377 3112
13 2377 3112
13 2377 3115
13 2377 3115
13 2378 3112
13 2378 3112
13 2378 3113
13 2378 3113
13 2378 3114
13 2378 3114
13 2378 3115
13 2378 3115
14 4744 6225
14 4744 6226
14 4744 6227
14 4744 6228
14 4744 6229
14 4744 6230
14 4748 6225
14 4754 6230
15 9489 12451
15 9489 12452
15 9489 12453
15 9489 12454
15 9489 12455
15 9489 12456
15 9489 12457
15 9489 12458
15 9489 12459
15 9489 12460
15 9489 12461
15 9497 12451
15 9498 12461
15 9509 12460
16 18979 24903
16 18979 24904
16 18979 24905
16 18979 24906
16 18979 24907
16 18979 24908
16 18979 24909
16 18979 24910
16 18979 24911
16 18979 24912
16 18979 24913
16 18979 24914
16 18979 24915
16 18979 24916
16 18979 24917
16 18979 24918
16 18979 24919
16 18979 24920
16 18979 24921
16 18979 24922
16 18979 24923
16 18995 24903
16 18996 24923
16 19018 24921
17 37959 49807
17 37959 49808
17 37959 49809
17 37959 49810
17 37959 49811
17 37959 49812
17 37959 49813
17 37959 49814
17 37959 49815
17 37959 49816
17 37959 49817
17 37959 49818
17 37959 49819
17 37959 49820
17 37959 49821
17 37959 49822
17 37959 49823
17 37959 49824
17 37959 49825
17 37959 49826
17 37959 49827
17 37959 49828
17 37959 49829
17 37959 49830
17 37959 49831
17 37959 49832
17 37959 49833
17 37959 49834
17 37959 49835
17 37959 49836
17 37959 49837
17 37959 49838
17 37959 49839
17 37959 49840
17 37959 49841
17 37959 49842
17 37959 49843
17 37959 49844
17 37959 49845
17 37959 49846
18 75919 99615
3 2 3
4 4 6
4 4 6
5 9 12
5 9 12
6 18 24
6 18 24
7 37 48
7 37 48
8 74 97
8 74 97
