11 483 842
12 1000 1684
12 1000 1731
12 1000 1732
12 1001 1684
12 1001 1731
12 1001 1732
12 1002 1684
12 1002 1731
12 1002 1732
12 1003 1684
12 1003 1731
12 1003 1732
12 1004 1684
12 1004 1731
12 1004 1732
12 1005 1684
12 1005 1731
12 1005 1732
12 1006 1684
12 1006 1731
12 1006 1732
12 1007 1684
12 1007 1731
12 1007 1732
12 1008 1684
12 1008 1731
12 1008 1732
12 1009 1684
12 1009 1731
12 1009 1732
12 1010 1684
12 1010 1731
12 1010 1732
12 1011 1684
12 1011 1731
12 1011 1732
12 1012 1684
12 1012 1731
12 1012 1732
12 1013 1684
12 1013 1731
12 1013 1732
12 1014 1684
12 1014 1731
12 1014 1732
12 1015 1684
12 1015 1731
12 1015 1732
12 1016 1684
12 1016 1731
12 1016 1732
12 1017 1684
12 1017 1731
12 1017 1732
12 1018 1684
12 1018 1731
12 1018 1732
12 1019 1684
12 1019 1731
12 1019 1732
12 1020 1684
12 1020 1731
12 1020 1732
12 1021 1684
12 1021 1731
12 1021 1732
12 1022 1684
12 1022 1731
12 1022 1732
12 1023 1684
12 1023 1731
12 1023 1732
12 1024 1684
12 1024 1731
12 1024 1732
12 1025 1684
12 1025 1731
12 1025 1732
12 1026 1684
12 1026 1731
12 1026 1732
12 1027 1684
12 1027 1731
12 1027 1732
12 1028 1684
12 1028 1731
12 1028 1732
12 1029 1684
12 1029 1731
12 1029 1732
12 1030 1684
12 1030 1731
12 1030 1732
12 1031 1684
12 1031 1731
12 1031 1732
12 1032 1684
12 1032 1731
12 1032 1732
12 1033 1684
12 1033 1685
12 1033 1686
12 1033 1687
12 1033 1688
12 1033 1689
12 1033 1690
12 1033 1691
12 1033 1692
12 1033 1693
12 1033 1694
12 1033 1695
12 1033 1696
12 1033 1697
12 1033 1698
12 1033 1699
12 1033 1700
12 1033 1701
12 1033 1702
12 1033 1703
12 1033 1704
12 1033 1705
12 1033 1706
12 1033 1707
12 1033 1708
12 1033 1709
12 1033 1710
12 1033 1711
12 1033 1712
12 1033 1713
12 1033 1714
12 1033 1715
12 1033 1716
12 1033 1717
12 1033 1718
12 1033 1719
12 1033 1720
12 1033 1721
12 1033 1722
12 1033 1723
12 1033 1724
12 1033 1725
12 1033 1726
12 1033 1727
12 1033 1728
12 1033 1729
12 1033 1730
12 1033 1731
12 1033 1732
12 967 1684
12 967 1685
12 967 1686
12 967 1687
12 967 1688
12 967 1689
12 967 1690
12 967 1691
12 967 1692
12 967 1693
12 967 1694
12 967 1695
12 967 1696
12 967 1697
12 967 1698
12 967 1699
12 967 1700
12 967 1701
12 967 1702
12 967 1703
12 967 1704
12 967 1705
12 967 1706
12 967 1707
12 967 1708
12 967 1709
12 967 1710
12 967 1711
12 967 1712
12 967 1713
12 967 1714
12 967 1715
12 967 1716
12 967 1717
12 967 1718
12 967 1719
12 967 1720
12 967 1721
12 967 1722
12 967 1723
12 967 1724
12 967 1725
12 967 1726
12 967 1727
12 967 1728
12 967 1729
12 967 1730
12 967 1731
12 967 1732
12 968 1684
12 968 1685
12 968 1686
12 968 1687
12 968 1688
12 968 1689
12 968 1690
12 968 1691
12 968 1692
12 968 1693
12 968 1694
12 968 1695
12 968 1696
12 968 1697
12 968 1698
12 968 1699
12 968 1700
12 968 1701
12 968 1702
12 968 1703
12 968 1704
12 968 1705
12 968 1706
12 968 1707
12 968 1708
12 968 1709
12 968 1710
12 968 1711
12 968 1712
12 968 1713
12 968 1714
12 968 1715
12 968 1716
12 968 1717
12 968 1718
12 968 1719
12 968 1720
12 968 1721
12 968 1722
12 968 1723
12 968 1724
12 968 1725
12 968 1726
12 968 1727
12 968 1728
12 968 1729
12 968 1730
12 968 1731
12 968 1732
12 969 1684
12 969 1731
12 969 1732
12 970 1684
12 970 1731
12 970 1732
12 971 1684
12 971 1731
12 971 1732
12 972 1684
12 972 1731
12 972 1732
12 973 1684
12 973 1731
12 973 1732
12 974 1684
12 974 1731
12 974 1732
12 975 1684
12 975 1731
12 975 1732
12 976 1684
12 976 1731
12 976 1732
12 977 1684
12 977 1731
12 977 1732
12 978 1684
12 978 1731
12 978 1732
12 979 1684
12 979 1731
12 979 1732
12 980 1684
12 980 1731
12 980 1732
12 981 1684
12 981 1731
12 981 1732
12 982 1684
12 982 1731
12 982 1732
12 983 1684
12 983 1731
12 983 1732
12 984 1684
12 984 1731
12 984 1732
12 985 1684
12 985 1731
12 985 1732
12 986 1684
12 986 1731
12 986 1732
12 987 1684
12 987 1731
12 987 1732
12 988 1684
12 988 1731
12 988 1732
12 989 1684
12 989 1731
12 989 1732
12 990 1684
12 990 1731
12 990 1732
12 991 1684
12 991 1731
12 991 1732
12 992 1684
12 992 1731
12 992 1732
12 993 1684
12 993 1731
12 993 1732
12 994 1684
12 994 1731
12 994 1732
12 995 1684
12 995 1731
12 995 1732
12 996 1684
12 996 1731
12 996 1732
12 997 1684
12 997 1731
12 997 1732
12 998 1684
12 998 1731
12 998 1732
12 999 1684
12 999 1731
12 999 1732
13 1935 3368
4 3 6
4 4 6
9 120 210
9 120 211
9 120 212
9 120 213
9 120 214
9 120 215
9 120 216
