13 2357 3249
13 2357 3249
13 2358 3249
13 2358 3249
13 2359 3249
13 2359 3249
13 2360 3249
13 2360 3249
13 2361 3249
13 2361 3249
13 2362 3249
13 2362 3249
13 2363 3249
13 2363 3249
13 2364 3249
13 2364 3249
13 2365 3249
13 2365 3249
13 2366 3249
13 2366 3249
13 2367 3249
13 2367 3249
13 2368 3249
13 2368 3249
14 4714 6480
14 4714 6481
14 4714 6482
14 4714 6483
14 4714 6484
14 4714 6485
14 4714 6486
14 4714 6487
14 4714 6488
14 4714 6489
14 4714 6490
14 4714 6491
14 4714 6492
14 4714 6493
14 4714 6494
14 4714 6495
14 4714 6496
14 4714 6497
14 4714 6498
15 9429 12960
15 9429 12961
15 9429 12962
15 9429 12963
15 9429 12964
15 9429 12965
15 9429 12966
15 9429 12967
15 9429 12968
15 9429 12969
15 9429 12970
15 9429 12971
15 9429 12972
15 9429 12973
15 9429 12974
15 9429 12975
15 9429 12976
15 9429 12977
15 9429 12978
15 9429 12979
15 9429 12980
15 9429 12981
15 9429 12982
15 9429 12983
15 9429 12984
15 9429 12985
15 9429 12986
15 9429 12987
15 9429 12988
15 9429 12989
15 9429 12990
15 9429 12991
15 9429 12992
15 9429 12993
15 9429 12994
15 9429 12995
15 9429 12996
16 18859 25921
16 18859 25922
16 18859 25923
16 18859 25924
16 18859 25925
16 18859 25926
16 18859 25927
16 18859 25928
16 18859 25929
16 18859 25930
16 18859 25931
16 18859 25932
16 18859 25933
16 18859 25934
16 18859 25935
16 18859 25936
16 18859 25937
16 18859 25938
16 18859 25939
16 18859 25940
16 18859 25941
16 18859 25942
16 18859 25943
16 18859 25944
16 18859 25945
16 18859 25946
16 18859 25947
16 18859 25948
16 18859 25949
16 18859 25950
16 18859 25951
16 18859 25952
16 18859 25953
16 18859 25954
16 18859 25955
16 18859 25956
16 18859 25957
16 18859 25958
16 18859 25959
16 18859 25960
16 18859 25961
16 18859 25962
16 18859 25963
16 18859 25964
16 18859 25965
16 18859 25966
16 18859 25967
16 18859 25968
16 18859 25969
16 18859 25970
16 18859 25971
16 18859 25972
16 18859 25973
16 18859 25974
16 18859 25975
16 18859 25976
16 18859 25977
16 18859 25978
16 18859 25979
16 18859 25980
16 18859 25981
16 18859 25982
16 18859 25983
16 18859 25984
16 18859 25985
16 18859 25986
16 18859 25987
16 18859 25988
16 18859 25989
16 18859 25990
16 18859 25991
16 18859 25992
16 18935 25935
17 37719 51842
17 37719 51843
17 37719 51844
17 37719 51845
17 37719 51846
17 37719 51847
17 37719 51848
17 37719 51849
17 37719 51850
17 37719 51851
17 37719 51852
17 37719 51853
17 37719 51854
17 37719 51855
17 37719 51856
17 37719 51857
17 37719 51858
17 37719 51859
17 37719 51860
17 37719 51861
17 37719 51862
17 37719 51863
17 37719 51864
17 37719 51865
17 37719 51866
17 37719 51867
17 37719 51868
17 37719 51869
17 37719 51870
17 37719 51871
17 37719 51872
17 37719 51873
17 37719 51874
17 37719 51875
17 37719 51876
17 37719 51877
17 37719 51878
17 37719 51879
17 37719 51880
17 37719 51881
17 37719 51882
17 37719 51883
17 37719 51884
17 37719 51885
17 37719 51886
17 37719 51887
17 37719 51888
17 37719 51889
17 37719 51890
17 37719 51891
17 37719 51892
17 37719 51893
17 37719 51894
17 37719 51895
17 37719 51896
17 37719 51897
17 37719 51898
17 37719 51899
17 37719 51900
17 37719 51901
17 37719 51902
17 37719 51903
17 37719 51904
17 37719 51905
17 37719 51906
17 37719 51907
17 37719 51908
17 37719 51909
17 37719 51910
17 37719 51911
17 37719 51912
17 37719 51913
17 37719 51914
17 37719 51915
17 37719 51916
17 37719 51917
17 37719 51918
17 37719 51919
17 37719 51920
17 37719 51921
17 37719 51922
17 37719 51923
17 37719 51924
17 37719 51925
17 37719 51926
17 37719 51927
17 37719 51928
17 37719 51929
17 37719 51930
17 37719 51931
17 37719 51932
17 37719 51933
17 37719 51934
17 37719 51935
17 37719 51936
17 37719 51937
17 37719 51938
17 37719 51939
17 37719 51940
17 37719 51941
17 37719 51942
17 37719 51943
17 37719 51944
17 37719 51945
17 37719 51946
17 37719 51947
17 37719 51948
17 37719 51949
17 37719 51950
17 37719 51951
17 37719 51952
17 37719 51953
17 37719 51954
17 37719 51955
17 37719 51956
17 37719 51957
17 37719 51958
17 37719 51959
17 37719 51960
17 37719 51961
17 37719 51962
17 37719 51963
17 37719 51964
17 37719 51965
17 37719 51966
17 37719 51967
17 37719 51968
17 37719 51969
17 37719 51970
17 37719 51971
17 37719 51972
17 37719 51973
17 37719 51974
17 37719 51975
17 37719 51976
17 37719 51977
17 37719 51978
17 37719 51979
17 37719 51980
17 37719 51981
17 37719 51982
17 37719 51983
17 37719 51984
17 37719 51985
18 75438 103685
3 2 3
4 4 6
4 4 6
5 9 12
5 9 12
6 18 25
6 18 25
7 36 50
7 36 50
7 37 50
7 37 50
