13 1882 3421
13 1882 3421
13 1882 3422
13 1882 3422
13 1882 3423
13 1882 3423
13 1882 3424
13 1882 3424
13 1882 3425
13 1882 3425
13 1882 3426
13 1882 3426
13 1882 3427
13 1882 3427
13 1882 3428
13 1882 3428
13 1882 3429
13 1882 3429
13 1882 3430
13 1882 3430
13 1882 3431
13 1882 3431
13 1882 3432
13 1882 3432
13 1882 3433
13 1882 3433
13 1882 3434
13 1882 3434
13 1882 3435
13 1882 3435
13 1882 3436
13 1882 3436
13 1882 3437
13 1882 3437
13 1883 3437
13 1883 3437
13 1884 3437
13 1884 3437
13 1885 3437
13 1885 3437
13 1886 3437
13 1886 3437
13 1887 3437
13 1887 3437
13 1888 3437
13 1888 3437
13 1889 3437
13 1889 3437
13 1890 3437
13 1890 3437
13 1891 3437
13 1891 3437
13 1892 3437
13 1892 3437
13 1893 3437
13 1893 3437
13 1894 3437
13 1894 3437
13 1895 3437
13 1895 3437
13 1896 3437
13 1896 3437
13 1897 3437
13 1897 3437
13 1898 3437
13 1898 3437
13 1899 3437
13 1899 3437
13 1900 3437
13 1900 3437
13 1901 3437
13 1901 3437
13 1902 3437
13 1902 3437
14 3765 6842
14 3765 6843
14 3765 6844
14 3765 6845
14 3765 6846
14 3765 6847
14 3765 6848
14 3765 6849
14 3765 6850
14 3765 6851
14 3765 6852
14 3765 6853
14 3765 6854
14 3765 6855
14 3765 6856
14 3765 6857
14 3765 6858
14 3765 6859
14 3765 6860
14 3765 6861
14 3765 6862
14 3765 6863
14 3765 6864
14 3765 6865
14 3765 6866
14 3765 6867
14 3765 6868
14 3765 6869
14 3765 6870
14 3765 6871
14 3765 6872
14 3765 6873
14 3765 6874
15 7530 13684
15 7530 13685
15 7530 13686
15 7530 13687
15 7530 13688
15 7530 13689
15 7530 13690
15 7530 13691
15 7530 13692
15 7530 13693
15 7530 13694
15 7530 13695
15 7530 13696
15 7530 13697
15 7530 13698
15 7530 13699
15 7530 13700
15 7530 13701
15 7530 13702
15 7530 13703
15 7530 13704
15 7530 13705
15 7530 13706
15 7530 13707
15 7530 13708
15 7530 13709
15 7530 13710
15 7530 13711
15 7530 13712
15 7530 13713
15 7530 13714
15 7530 13715
15 7530 13716
15 7530 13717
15 7530 13718
15 7530 13719
15 7530 13720
15 7530 13721
15 7530 13722
15 7530 13723
15 7530 13724
15 7530 13725
15 7530 13726
15 7530 13727
15 7530 13728
15 7530 13729
15 7530 13730
15 7530 13731
15 7530 13732
15 7530 13733
15 7530 13734
15 7530 13735
15 7530 13736
15 7530 13737
15 7530 13738
15 7530 13739
15 7530 13740
15 7530 13741
15 7530 13742
15 7530 13743
15 7530 13744
15 7530 13745
15 7530 13746
15 7530 13747
15 7530 13748
15 7530 13749
16 15060 27368
16 15060 27369
16 15060 27370
16 15060 27371
16 15060 27372
16 15060 27373
16 15060 27374
16 15060 27375
16 15060 27376
16 15060 27377
16 15060 27378
16 15060 27379
16 15060 27380
16 15060 27381
16 15060 27382
16 15060 27383
16 15060 27384
16 15060 27385
16 15060 27386
16 15060 27387
16 15060 27388
16 15060 27389
16 15060 27390
16 15060 27391
16 15060 27392
16 15060 27393
16 15060 27394
16 15060 27395
16 15060 27396
16 15060 27397
16 15060 27398
16 15060 27399
16 15060 27400
16 15060 27401
16 15060 27402
16 15060 27403
16 15060 27404
16 15060 27405
16 15060 27406
16 15060 27407
16 15060 27408
16 15060 27409
16 15060 27410
16 15060 27411
16 15060 27412
16 15060 27413
16 15060 27414
16 15060 27415
16 15060 27416
16 15060 27417
16 15060 27418
16 15060 27419
16 15060 27420
16 15060 27421
16 15060 27422
16 15060 27423
16 15060 27424
16 15060 27425
16 15060 27426
16 15060 27427
16 15060 27428
16 15060 27429
16 15060 27430
16 15060 27431
16 15060 27432
16 15060 27433
16 15060 27434
16 15060 27435
16 15060 27436
16 15060 27437
16 15060 27438
16 15060 27439
16 15060 27440
16 15060 27441
16 15060 27442
16 15060 27443
16 15060 27444
16 15060 27445
16 15060 27446
16 15060 27447
16 15060 27448
16 15060 27449
16 15060 27450
16 15060 27451
16 15060 27452
16 15060 27453
16 15060 27454
16 15060 27455
16 15060 27456
16 15060 27457
16 15060 27458
16 15060 27459
16 15060 27460
16 15060 27461
16 15060 27462
16 15060 27463
16 15060 27464
16 15060 27465
16 15060 27466
16 15060 27467
16 15060 27468
16 15060 27469
16 15060 27470
16 15060 27471
16 15060 27472
16 15060 27473
16 15060 27474
16 15060 27475
16 15060 27476
16 15060 27477
16 15060 27478
16 15060 27479
16 15060 27480
16 15060 27481
16 15060 27482
16 15060 27483
16 15060 27484
16 15060 27485
16 15060 27486
16 15060 27487
16 15060 27488
16 15060 27489
16 15060 27490
16 15060 27491
16 15060 27492
16 15060 27493
16 15060 27494
16 15060 27495
16 15060 27496
16 15060 27497
16 15060 27498
16 15096 27462
16 15102 27445
17 30121 54737
18 60242 109474
3 1 3
4 3 6
4 3 6
5 7 13
5 7 13
6 14 26
6 14 26
7 29 53
7 29 53
