13 2381 3134
13 2381 3134
13 2382 3134
13 2382 3134
13 2383 3134
13 2383 3134
13 2384 3134
13 2384 3134
13 2385 3134
13 2385 3134
13 2386 3134
13 2386 3134
13 2387 3134
13 2387 3134
13 2388 3134
13 2388 3134
13 2389 3134
13 2389 3134
14 4763 6269
14 4763 6289
14 4764 6269
14 4764 6289
14 4765 6269
14 4766 6269
14 4767 6269
14 4775 6269
14 4776 6289
14 4779 6270
14 4779 6271
14 4779 6272
14 4779 6273
14 4779 6274
14 4779 6275
14 4779 6276
14 4779 6277
14 4779 6278
14 4779 6279
14 4779 6280
14 4779 6281
14 4779 6282
14 4779 6283
14 4779 6284
14 4779 6285
14 4779 6286
14 4779 6287
14 4779 6288
15 9526 12538
15 9526 12539
15 9526 12540
15 9526 12541
15 9526 12542
15 9526 12543
15 9526 12544
15 9526 12545
15 9526 12546
15 9526 12547
15 9526 12548
15 9526 12549
15 9526 12550
15 9526 12551
15 9526 12552
15 9526 12553
15 9526 12554
15 9526 12555
15 9526 12556
15 9526 12557
15 9526 12558
15 9526 12559
15 9526 12560
15 9526 12561
15 9526 12562
15 9526 12563
15 9526 12564
15 9526 12565
15 9526 12566
15 9526 12567
15 9526 12568
15 9526 12569
15 9526 12570
15 9526 12571
15 9526 12572
15 9526 12573
15 9526 12574
15 9526 12575
15 9526 12576
15 9526 12577
15 9526 12578
15 9528 12539
15 9529 12577
15 9529 12578
15 9530 12538
15 9531 12577
15 9532 12538
15 9532 12539
15 9533 12538
15 9533 12539
15 9533 12577
15 9534 12539
15 9542 12577
15 9544 12577
15 9545 12577
15 9547 12577
15 9548 12577
15 9549 12577
15 9550 12538
15 9550 12577
15 9551 12577
15 9552 12577
15 9552 12578
16 19052 25077
16 19052 25078
16 19052 25079
16 19052 25080
16 19052 25081
16 19052 25082
16 19052 25083
16 19052 25084
16 19052 25085
16 19052 25086
16 19052 25087
16 19052 25088
16 19052 25089
16 19052 25090
16 19052 25091
16 19052 25092
16 19052 25093
16 19052 25094
16 19052 25095
16 19052 25096
16 19052 25097
16 19052 25098
16 19052 25099
16 19052 25100
16 19052 25101
16 19052 25102
16 19052 25103
16 19052 25104
16 19052 25105
16 19052 25106
16 19052 25107
16 19052 25108
16 19052 25109
16 19052 25110
16 19052 25111
16 19052 25112
16 19052 25113
16 19052 25114
16 19052 25115
16 19052 25116
16 19052 25117
16 19052 25118
16 19052 25119
16 19052 25120
16 19052 25121
16 19052 25122
16 19052 25123
16 19052 25124
16 19052 25125
16 19052 25126
16 19052 25127
16 19052 25128
16 19052 25129
16 19052 25130
16 19052 25131
16 19052 25132
16 19052 25133
16 19052 25134
16 19052 25135
16 19052 25136
16 19052 25137
16 19052 25138
16 19052 25139
16 19052 25140
16 19052 25141
16 19052 25142
16 19052 25143
16 19052 25144
16 19052 25145
16 19052 25146
16 19052 25147
16 19052 25148
16 19052 25149
16 19052 25150
16 19052 25151
16 19052 25152
16 19052 25153
16 19052 25154
16 19052 25155
16 19052 25156
16 19053 25136
16 19053 25143
16 19054 25129
16 19054 25142
16 19054 25147
16 19055 25098
16 19055 25127
16 19055 25128
16 19055 25135
16 19056 25088
16 19056 25098
16 19056 25099
16 19056 25100
16 19056 25101
16 19056 25130
16 19056 25133
16 19057 25079
16 19057 25087
16 19057 25088
16 19057 25098
16 19057 25113
16 19057 25114
16 19057 25129
16 19057 25130
16 19057 25132
16 19057 25138
16 19057 25148
16 19058 25087
16 19058 25098
16 19058 25120
16 19058 25128
16 19058 25140
16 19058 25154
16 19058 25156
16 19059 25083
16 19059 25089
16 19059 25111
16 19059 25138
16 19059 25142
16 19060 25077
16 19060 25082
16 19060 25084
16 19060 25097
16 19060 25111
16 19060 25124
16 19060 25125
16 19060 25126
16 19060 25128
16 19060 25131
16 19060 25132
16 19060 25138
16 19060 25140
16 19060 25141
16 19060 25151
16 19061 25101
16 19061 25141
16 19062 25089
16 19062 25110
16 19062 25111
16 19062 25124
16 19063 25087
16 19063 25090
16 19063 25098
16 19063 25155
16 19064 25077
16 19064 25078
16 19064 25082
16 19064 25083
16 19064 25086
16 19064 25088
16 19064 25089
16 19064 25094
16 19064 25143
16 19065 25082
16 19065 25084
16 19065 25086
16 19065 25089
16 19065 25091
16 19065 25099
16 19065 25107
16 19065 25143
16 19065 25144
16 19066 25077
16 19066 25078
16 19066 25080
16 19066 25081
16 19066 25083
16 19066 25088
16 19066 25089
16 19066 25126
16 19066 25143
16 19066 25145
16 19066 25146
16 19066 25155
16 19067 25079
16 19067 25080
16 19067 25081
16 19067 25082
16 19067 25083
16 19067 25085
16 19067 25087
16 19067 25108
16 19067 25112
16 19067 25116
16 19067 25127
16 19067 25139
16 19067 25145
16 19068 25078
16 19068 25079
16 19068 25095
16 19068 25138
16 19068 25142
16 19069 25080
16 19069 25081
16 19069 25084
16 19069 25109
16 19069 25110
16 19069 25141
16 19069 25142
16 19069 25151
16 19070 25080
16 19070 25085
16 19070 25091
16 19070 25092
16 19070 25093
16 19070 25096
16 19070 25122
16 19070 25123
16 19070 25141
16 19071 25092
16 19071 25100
16 19071 25108
16 19071 25122
16 19071 25142
16 19071 25151
16 19072 25082
16 19072 25093
16 19072 25095
16 19072 25099
16 19072 25104
16 19072 25119
16 19072 25137
16 19072 25139
16 19072 25142
16 19072 25143
16 19073 25086
16 19073 25102
16 19073 25104
16 19073 25105
16 19073 25106
16 19073 25108
16 19073 25142
16 19074 25085
16 19074 25088
16 19074 25092
16 19074 25094
16 19074 25102
16 19074 25119
16 19074 25122
16 19074 25124
16 19074 25141
16 19074 25142
16 19074 25143
16 19074 25149
16 19075 25085
16 19075 25090
16 19075 25095
16 19075 25100
16 19075 25104
16 19075 25135
16 19075 25141
16 19075 25142
16 19075 25149
16 19075 25152
16 19076 25086
16 19076 25089
16 19076 25105
16 19076 25119
16 19076 25131
16 19076 25140
16 19076 25141
16 19076 25142
16 19076 25145
16 19076 25148
16 19077 25089
16 19077 25092
16 19077 25101
16 19077 25102
16 19077 25104
16 19077 25114
16 19077 25125
16 19077 25136
16 19077 25140
16 19077 25142
16 19077 25147
16 19077 25150
16 19078 25082
16 19078 25088
16 19078 25089
16 19078 25102
16 19078 25103
16 19078 25115
16 19078 25118
16 19078 25121
16 19078 25135
16 19078 25136
16 19078 25137
16 19078 25143
16 19078 25146
16 19078 25147
16 19078 25148
16 19078 25150
16 19079 25092
16 19079 25094
16 19079 25096
16 19079 25099
16 19079 25112
16 19079 25113
16 19079 25123
16 19079 25125
16 19079 25131
16 19079 25134
16 19079 25141
16 19079 25146
16 19079 25147
16 19079 25148
16 19080 25095
16 19080 25104
16 19080 25109
16 19080 25111
16 19080 25112
16 19080 25123
16 19080 25125
16 19080 25126
16 19080 25134
16 19080 25140
16 19080 25141
16 19080 25142
16 19080 25145
16 19080 25146
16 19080 25147
16 19080 25148
16 19081 25103
16 19081 25110
16 19081 25113
16 19081 25119
16 19081 25123
16 19081 25125
16 19081 25127
16 19081 25128
16 19081 25139
16 19081 25141
16 19081 25143
16 19081 25144
16 19081 25147
16 19082 25093
16 19082 25104
16 19082 25105
16 19082 25113
16 19082 25122
16 19082 25123
16 19082 25125
16 19082 25132
16 19082 25139
16 19082 25146
16 19083 25101
16 19083 25105
16 19083 25116
16 19083 25126
16 19083 25133
16 19083 25139
16 19083 25140
16 19083 25145
16 19083 25150
16 19084 25095
16 19084 25101
16 19084 25104
16 19084 25112
16 19084 25113
16 19084 25114
16 19084 25116
16 19084 25117
16 19084 25118
16 19084 25126
16 19084 25127
16 19084 25130
16 19084 25133
16 19084 25142
16 19084 25155
16 19085 25094
16 19085 25095
16 19085 25101
16 19085 25103
16 19085 25104
16 19085 25108
16 19085 25113
16 19085 25115
16 19085 25122
16 19085 25127
16 19085 25132
16 19085 25137
16 19085 25141
16 19085 25144
16 19085 25150
16 19085 25152
16 19086 25094
16 19086 25097
16 19086 25101
16 19086 25123
16 19086 25126
16 19086 25127
16 19086 25128
16 19086 25131
16 19086 25133
16 19086 25138
16 19086 25143
16 19086 25148
16 19086 25150
16 19086 25153
16 19087 25096
16 19087 25100
16 19087 25104
16 19087 25106
16 19087 25107
16 19087 25112
16 19087 25118
16 19087 25123
16 19087 25127
16 19087 25129
16 19087 25135
16 19087 25151
16 19087 25152
16 19088 25100
16 19088 25107
16 19088 25117
16 19088 25118
16 19088 25119
16 19088 25124
16 19088 25125
16 19088 25127
16 19088 25128
16 19088 25129
16 19088 25137
16 19088 25143
16 19088 25145
16 19088 25154
16 19089 25098
16 19089 25099
16 19089 25101
16 19089 25108
16 19089 25109
16 19089 25121
16 19089 25123
16 19089 25124
16 19089 25130
16 19089 25131
16 19089 25132
16 19089 25146
16 19089 25151
16 19090 25085
16 19090 25097
16 19090 25108
16 19090 25110
16 19090 25111
16 19090 25113
16 19090 25116
16 19090 25118
16 19090 25122
16 19090 25124
16 19090 25127
16 19090 25128
16 19090 25130
16 19090 25132
16 19090 25136
16 19090 25137
16 19090 25141
16 19090 25149
16 19090 25151
16 19090 25154
16 19091 25085
16 19091 25104
16 19091 25105
16 19091 25110
16 19091 25112
16 19091 25118
16 19091 25119
16 19091 25123
16 19091 25126
16 19091 25127
16 19091 25128
16 19091 25129
16 19091 25131
16 19091 25133
16 19091 25136
16 19091 25141
16 19091 25142
16 19092 25098
16 19092 25102
16 19092 25109
16 19092 25110
16 19092 25111
16 19092 25116
16 19092 25118
16 19092 25125
16 19092 25132
16 19092 25133
16 19092 25135
16 19092 25140
16 19092 25141
16 19092 25142
16 19092 25148
16 19092 25149
16 19092 25151
16 19093 25095
16 19093 25116
16 19093 25120
16 19093 25144
16 19093 25150
16 19093 25152
16 19093 25153
16 19094 25102
16 19094 25104
16 19094 25107
16 19094 25108
16 19094 25112
16 19094 25117
16 19094 25119
16 19094 25131
16 19094 25132
16 19094 25134
16 19094 25149
16 19094 25150
16 19095 25087
16 19095 25097
16 19095 25117
16 19095 25125
16 19095 25131
16 19095 25133
16 19095 25134
16 19095 25135
16 19095 25143
16 19095 25144
16 19095 25148
16 19095 25149
16 19095 25150
16 19095 25151
16 19095 25154
16 19096 25098
16 19096 25099
16 19096 25108
16 19096 25110
16 19096 25112
16 19096 25113
16 19096 25115
16 19096 25117
16 19096 25132
16 19096 25133
16 19096 25134
16 19096 25135
16 19096 25147
16 19096 25149
16 19096 25151
16 19096 25154
16 19097 25092
16 19097 25096
16 19097 25098
16 19097 25100
16 19097 25101
16 19097 25113
16 19097 25118
16 19097 25133
16 19097 25134
16 19097 25135
16 19097 25138
16 19097 25144
16 19097 25145
16 19097 25146
16 19097 25147
16 19097 25149
16 19098 25094
16 19098 25104
16 19098 25107
16 19098 25109
16 19098 25115
16 19098 25117
16 19098 25118
16 19098 25133
16 19098 25135
16 19098 25139
16 19098 25143
16 19098 25148
16 19098 25149
16 19098 25150
16 19098 25152
16 19098 25154
16 19099 25105
16 19099 25108
16 19099 25109
16 19099 25115
16 19099 25116
16 19099 25117
16 19099 25130
16 19099 25135
16 19099 25136
16 19099 25144
16 19099 25145
16 19099 25146
16 19099 25148
16 19099 25152
16 19100 25107
16 19100 25110
16 19100 25111
16 19100 25112
16 19100 25114
16 19100 25115
16 19100 25117
16 19100 25126
16 19100 25129
16 19100 25131
16 19100 25132
16 19100 25134
16 19100 25138
16 19100 25143
16 19100 25144
16 19100 25146
16 19100 25148
16 19100 25154
16 19101 25077
16 19101 25098
16 19101 25118
16 19101 25119
16 19101 25120
16 19101 25123
16 19101 25130
16 19101 25132
16 19101 25134
16 19101 25135
16 19101 25136
16 19101 25137
16 19101 25140
16 19101 25142
16 19101 25143
16 19101 25144
16 19101 25146
16 19102 25128
16 19102 25139
16 19102 25140
16 19102 25141
16 19102 25143
16 19102 25147
16 19102 25150
16 19102 25151
16 19102 25152
16 19102 25155
16 19103 25137
16 19103 25142
16 19103 25143
16 19103 25144
16 19103 25145
16 19103 25146
16 19103 25149
16 19104 25137
16 19104 25148
16 19104 25150
16 19104 25151
16 19104 25153
16 19104 25154
16 19104 25156
16 19111 25083
17 38104 50155
17 38104 50156
17 38104 50157
17 38104 50158
17 38104 50159
17 38104 50160
17 38104 50161
17 38104 50162
17 38104 50163
17 38104 50164
17 38104 50165
17 38104 50166
17 38104 50167
17 38104 50168
17 38104 50169
17 38104 50170
17 38104 50171
17 38104 50172
17 38104 50173
17 38104 50174
17 38104 50175
17 38104 50176
17 38104 50177
17 38104 50178
17 38104 50179
17 38104 50180
17 38104 50181
17 38104 50182
17 38104 50183
17 38104 50184
17 38104 50185
17 38104 50186
17 38104 50187
17 38104 50188
17 38104 50189
17 38104 50190
17 38104 50191
17 38104 50192
17 38104 50193
17 38104 50194
17 38104 50195
17 38104 50196
17 38104 50197
17 38104 50198
17 38104 50199
17 38104 50200
17 38104 50201
17 38104 50202
17 38104 50203
17 38104 50204
17 38104 50205
17 38104 50206
17 38104 50207
17 38104 50208
17 38104 50209
17 38104 50210
17 38104 50211
17 38104 50212
17 38104 50213
17 38104 50214
17 38104 50215
17 38104 50216
17 38104 50217
17 38104 50218
17 38104 50219
17 38104 50220
17 38104 50221
17 38104 50222
17 38104 50223
17 38104 50224
17 38104 50225
17 38104 50226
17 38104 50227
17 38104 50228
17 38104 50229
17 38104 50230
17 38104 50231
17 38104 50232
17 38104 50233
17 38104 50234
17 38104 50235
17 38104 50236
17 38104 50237
17 38104 50238
17 38104 50239
17 38104 50240
17 38104 50241
17 38104 50242
17 38104 50243
17 38104 50244
17 38104 50245
17 38104 50246
17 38104 50247
17 38104 50248
17 38104 50249
17 38104 50250
17 38104 50251
17 38104 50252
17 38104 50253
17 38104 50254
17 38104 50255
17 38104 50256
17 38104 50257
17 38104 50258
17 38104 50259
17 38104 50260
17 38104 50261
17 38104 50262
17 38104 50263
17 38104 50264
17 38104 50265
17 38104 50266
17 38104 50267
17 38104 50268
17 38104 50269
17 38104 50270
17 38104 50271
17 38104 50272
17 38104 50273
17 38104 50274
17 38104 50275
17 38104 50276
17 38104 50277
17 38104 50278
17 38104 50279
17 38104 50280
17 38104 50281
17 38104 50282
17 38104 50283
17 38104 50284
17 38104 50285
17 38104 50286
17 38104 50287
17 38104 50288
17 38104 50289
17 38104 50290
17 38104 50291
17 38104 50292
17 38104 50293
17 38104 50294
17 38104 50295
17 38104 50296
17 38104 50297
17 38104 50298
17 38104 50299
17 38104 50300
17 38104 50301
17 38104 50302
17 38104 50303
17 38104 50304
17 38104 50305
17 38104 50306
17 38104 50307
17 38104 50308
17 38104 50309
17 38104 50310
17 38104 50311
17 38104 50312
17 38104 50313
17 38130 50173
17 38136 50277
17 38175 50259
17 38196 50305
18 76208 100310
18 76208 100311
18 76208 100312
18 76208 100313
18 76208 100314
18 76208 100315
18 76208 100316
18 76208 100317
18 76208 100318
18 76208 100319
18 76208 100320
18 76208 100321
18 76208 100322
18 76208 100323
18 76208 100324
18 76208 100325
18 76208 100326
18 76208 100327
18 76208 100328
18 76208 100329
18 76208 100330
18 76208 100331
18 76208 100332
18 76208 100333
18 76208 100334
18 76208 100335
18 76208 100336
18 76208 100337
18 76208 100338
18 76208 100339
18 76208 100340
18 76208 100341
18 76208 100342
18 76208 100343
18 76208 100344
18 76208 100345
18 76208 100346
18 76208 100347
18 76208 100348
18 76208 100349
18 76208 100350
18 76208 100351
18 76208 100352
18 76208 100353
18 76208 100354
18 76208 100355
18 76208 100356
18 76208 100357
18 76208 100358
18 76208 100359
18 76208 100360
18 76208 100361
18 76208 100362
18 76208 100363
18 76208 100364
18 76208 100365
18 76208 100366
18 76208 100367
18 76208 100368
18 76208 100369
18 76208 100370
18 76208 100371
18 76208 100372
18 76208 100373
18 76208 100374
18 76208 100375
18 76208 100376
18 76208 100377
18 76208 100378
18 76208 100379
18 76208 100380
18 76208 100381
18 76208 100382
18 76208 100383
18 76208 100384
18 76208 100385
18 76208 100386
18 76208 100387
18 76208 100388
18 76208 100389
18 76208 100390
18 76208 100391
18 76208 100392
18 76208 100393
18 76208 100394
18 76208 100395
18 76208 100396
18 76208 100397
18 76208 100398
18 76208 100399
18 76208 100400
18 76208 100401
18 76208 100402
18 76208 100403
18 76208 100404
18 76208 100405
18 76208 100406
18 76208 100407
18 76208 100408
18 76208 100409
18 76208 100410
18 76208 100411
18 76208 100412
18 76208 100413
18 76208 100414
18 76208 100415
18 76208 100416
18 76208 100417
18 76208 100418
18 76208 100419
18 76208 100420
18 76208 100421
18 76208 100422
18 76208 100423
18 76208 100424
18 76208 100425
18 76208 100426
18 76208 100427
18 76208 100428
18 76208 100429
18 76208 100430
18 76208 100431
18 76208 100432
18 76208 100433
18 76208 100434
18 76208 100435
18 76208 100436
18 76208 100437
18 76208 100438
18 76208 100439
18 76208 100440
18 76208 100441
18 76208 100442
18 76208 100443
18 76208 100444
18 76208 100445
18 76208 100446
18 76208 100447
18 76208 100448
18 76208 100449
18 76208 100450
18 76208 100451
18 76208 100452
18 76208 100453
18 76208 100454
18 76208 100455
18 76208 100456
18 76208 100457
18 76208 100458
18 76208 100459
18 76208 100460
18 76208 100461
18 76208 100462
18 76208 100463
18 76208 100464
18 76208 100465
18 76208 100466
18 76208 100467
18 76208 100468
18 76208 100469
18 76208 100470
18 76208 100471
18 76208 100472
18 76208 100473
18 76208 100474
18 76208 100475
18 76208 100476
18 76208 100477
18 76208 100478
18 76208 100479
18 76208 100480
18 76208 100481
18 76208 100482
18 76208 100483
18 76208 100484
18 76208 100485
18 76208 100486
18 76208 100487
18 76208 100488
18 76208 100489
18 76208 100490
18 76208 100491
18 76208 100492
18 76208 100493
18 76208 100494
18 76208 100495
18 76208 100496
18 76208 100497
18 76208 100498
18 76208 100499
18 76208 100500
18 76208 100501
18 76208 100502
18 76208 100503
18 76208 100504
18 76208 100505
18 76208 100506
18 76208 100507
18 76208 100508
18 76208 100509
18 76208 100510
18 76208 100511
18 76208 100512
18 76208 100513
18 76208 100514
18 76208 100515
18 76208 100516
18 76208 100517
18 76208 100518
18 76208 100519
18 76208 100520
18 76208 100521
18 76208 100522
18 76208 100523
18 76208 100524
18 76208 100525
18 76208 100526
18 76208 100527
18 76208 100528
18 76208 100529
18 76208 100530
18 76208 100531
18 76208 100532
18 76208 100533
18 76208 100534
18 76208 100535
18 76208 100536
18 76208 100537
18 76208 100538
18 76208 100539
18 76208 100540
18 76208 100541
18 76208 100542
18 76208 100543
18 76208 100544
18 76208 100545
18 76208 100546
18 76208 100547
18 76208 100548
18 76208 100549
18 76208 100550
18 76208 100551
18 76208 100552
18 76208 100553
18 76208 100554
18 76208 100555
18 76208 100556
18 76208 100557
18 76208 100558
18 76208 100559
18 76208 100560
18 76208 100561
18 76208 100562
18 76208 100563
18 76208 100564
18 76208 100565
18 76208 100566
18 76208 100567
18 76208 100568
18 76208 100569
18 76208 100570
18 76208 100571
18 76208 100572
18 76208 100573
18 76208 100574
18 76208 100575
18 76208 100576
18 76208 100577
18 76208 100578
18 76208 100579
18 76208 100580
18 76208 100581
18 76208 100582
18 76208 100583
18 76208 100584
18 76208 100585
18 76208 100586
18 76208 100587
18 76208 100588
18 76208 100589
18 76208 100590
18 76208 100591
18 76208 100592
18 76208 100593
18 76208 100594
18 76208 100595
18 76208 100596
18 76208 100597
18 76208 100598
18 76208 100599
18 76208 100600
18 76208 100601
18 76208 100602
18 76208 100603
18 76208 100604
18 76208 100605
18 76208 100606
18 76208 100607
18 76208 100608
18 76208 100609
18 76208 100610
18 76208 100611
18 76208 100612
18 76208 100613
18 76208 100614
18 76208 100615
18 76208 100616
18 76208 100617
18 76208 100618
18 76208 100619
18 76208 100620
18 76208 100621
18 76208 100622
18 76208 100623
18 76208 100624
18 76208 100625
18 76208 100626
18 76260 100347
18 76273 100554
18 76351 100518
18 76393 100610
3 2 3
4 4 6
4 4 6
5 9 12
5 9 12
6 18 24
6 18 24
7 37 48
7 37 48
7 37 49
7 37 49
