10 294 396
10 295 396
10 296 396
11 588 794
12 1177 1588
12 1177 1588
12 1177 1589
12 1177 1589
12 1177 1590
12 1177 1590
12 1177 1591
12 1177 1591
12 1177 1592
12 1177 1592
12 1177 1593
12 1177 1593
12 1177 1594
12 1177 1594
12 1177 1595
12 1177 1595
12 1177 1596
12 1177 1596
12 1177 1597
12 1177 1597
12 1178 1597
12 1178 1597
12 1179 1597
12 1179 1597
12 1180 1597
12 1180 1597
12 1181 1597
12 1181 1597
12 1182 1597
12 1182 1597
12 1183 1597
12 1183 1597
12 1184 1597
12 1184 1597
12 1185 1597
12 1185 1597
12 1186 1597
12 1186 1597
12 1187 1597
12 1187 1597
12 1188 1597
12 1188 1597
12 1189 1597
12 1189 1597
13 2355 3176
13 2355 3176
13 2355 3177
13 2355 3177
13 2355 3178
13 2355 3178
13 2355 3179
13 2355 3179
13 2355 3180
13 2355 3180
13 2355 3181
13 2355 3181
13 2355 3182
13 2355 3182
13 2355 3183
13 2355 3183
13 2355 3184
13 2355 3184
13 2355 3185
13 2355 3185
13 2355 3186
13 2355 3186
13 2355 3187
13 2355 3187
13 2355 3188
13 2355 3188
13 2355 3189
13 2355 3189
13 2355 3190
13 2355 3190
13 2355 3191
13 2355 3191
13 2355 3192
13 2355 3192
13 2355 3193
13 2355 3193
13 2355 3194
13 2355 3194
13 2356 3176
13 2356 3176
13 2356 3194
13 2356 3194
13 2357 3176
13 2357 3176
13 2357 3194
13 2357 3194
13 2358 3176
13 2358 3176
13 2358 3194
13 2358 3194
13 2359 3176
13 2359 3176
13 2359 3194
13 2359 3194
13 2360 3176
13 2360 3176
13 2360 3194
13 2360 3194
13 2361 3176
13 2361 3176
13 2361 3194
13 2361 3194
13 2362 3176
13 2362 3176
13 2362 3194
13 2362 3194
13 2363 3176
13 2363 3176
13 2363 3194
13 2363 3194
13 2364 3176
13 2364 3176
13 2364 3194
13 2364 3194
13 2365 3194
13 2365 3194
13 2366 3176
13 2366 3176
13 2366 3194
13 2366 3194
13 2367 3176
13 2367 3176
13 2367 3194
13 2367 3194
13 2368 3176
13 2368 3176
13 2368 3194
13 2368 3194
13 2369 3194
13 2369 3194
13 2370 3194
13 2370 3194
13 2371 3176
13 2371 3176
13 2371 3194
13 2371 3194
13 2372 3176
13 2372 3176
13 2372 3194
13 2372 3194
13 2373 3176
13 2373 3176
13 2373 3194
13 2373 3194
13 2374 3176
13 2374 3176
13 2374 3194
13 2374 3194
13 2375 3176
13 2375 3176
13 2375 3194
13 2375 3194
13 2376 3176
13 2376 3176
13 2376 3194
13 2376 3194
13 2377 3176
13 2377 3176
13 2377 3194
13 2377 3194
13 2378 3176
13 2378 3176
13 2378 3194
13 2378 3194
14 4711 6352
14 4711 6353
14 4711 6354
14 4711 6355
14 4711 6356
14 4711 6357
14 4711 6358
14 4711 6359
14 4711 6360
14 4711 6361
14 4711 6362
14 4711 6363
14 4711 6364
14 4711 6365
14 4711 6366
14 4711 6367
14 4711 6368
14 4711 6369
14 4711 6370
14 4711 6371
14 4711 6372
14 4711 6373
14 4711 6374
14 4711 6375
14 4711 6376
14 4711 6377
14 4711 6378
14 4711 6379
14 4711 6380
14 4711 6381
14 4711 6382
14 4711 6383
14 4711 6384
14 4711 6385
14 4711 6386
14 4711 6387
14 4711 6388
14 4711 6389
15 9423 12704
15 9423 12705
15 9423 12706
15 9423 12707
15 9423 12708
15 9423 12709
15 9423 12710
15 9423 12711
15 9423 12712
15 9423 12713
15 9423 12714
15 9423 12715
15 9423 12716
15 9423 12717
15 9423 12718
15 9423 12719
15 9423 12720
15 9423 12721
15 9423 12722
15 9423 12723
15 9423 12724
15 9423 12725
15 9423 12726
15 9423 12727
15 9423 12728
15 9423 12729
15 9423 12730
15 9423 12731
15 9423 12732
15 9423 12733
15 9423 12734
15 9423 12735
15 9423 12736
15 9423 12737
15 9423 12738
15 9423 12739
15 9423 12740
15 9423 12741
15 9423 12742
15 9423 12743
15 9423 12744
15 9423 12745
15 9423 12746
15 9423 12747
15 9423 12748
15 9423 12749
15 9423 12750
15 9423 12751
15 9423 12752
15 9423 12753
15 9423 12754
15 9423 12755
15 9423 12756
15 9423 12757
15 9423 12758
15 9423 12759
15 9423 12760
15 9423 12761
15 9423 12762
15 9423 12763
15 9423 12764
15 9423 12765
15 9423 12766
15 9423 12767
15 9423 12768
15 9423 12769
15 9423 12770
15 9423 12771
15 9423 12772
15 9423 12773
15 9423 12774
15 9423 12775
15 9423 12776
15 9423 12777
15 9423 12778
15 9436 12768
15 9468 12721
15 9470 12731
15 9476 12730
16 18846 25409
16 18846 25410
16 18846 25411
16 18846 25412
16 18846 25413
16 18846 25414
16 18846 25415
16 18846 25416
16 18846 25417
16 18846 25418
16 18846 25419
16 18846 25420
16 18846 25421
16 18846 25422
16 18846 25423
16 18846 25424
16 18846 25425
16 18846 25426
16 18846 25427
16 18846 25428
16 18846 25429
16 18846 25430
16 18846 25431
16 18846 25432
16 18846 25433
16 18846 25434
16 18846 25435
16 18846 25436
16 18846 25437
16 18846 25438
16 18846 25439
16 18846 25440
16 18846 25441
16 18846 25442
16 18846 25443
16 18846 25444
16 18846 25445
16 18846 25446
16 18846 25447
16 18846 25448
16 18846 25449
16 18846 25450
16 18846 25451
16 18846 25452
16 18846 25453
16 18846 25454
16 18846 25455
16 18846 25456
16 18846 25457
16 18846 25458
16 18846 25459
16 18846 25460
16 18846 25461
16 18846 25462
16 18846 25463
16 18846 25464
16 18846 25465
16 18846 25466
16 18846 25467
16 18846 25468
16 18846 25469
16 18846 25470
16 18846 25471
16 18846 25472
16 18846 25473
16 18846 25474
16 18846 25475
16 18846 25476
16 18846 25477
16 18846 25478
16 18846 25479
16 18846 25480
16 18846 25481
16 18846 25482
16 18846 25483
16 18846 25484
16 18846 25485
16 18846 25486
16 18846 25487
16 18846 25488
16 18846 25489
16 18846 25490
16 18846 25491
16 18846 25492
16 18846 25493
16 18846 25494
16 18846 25495
16 18846 25496
16 18846 25497
16 18846 25498
16 18846 25499
16 18846 25500
16 18846 25501
16 18846 25502
16 18846 25503
16 18846 25504
16 18846 25505
16 18846 25506
16 18846 25507
16 18846 25508
16 18846 25509
16 18846 25510
16 18846 25511
16 18846 25512
16 18846 25513
16 18846 25514
16 18846 25515
16 18846 25516
16 18846 25517
16 18846 25518
16 18846 25519
16 18846 25520
16 18846 25521
16 18846 25522
16 18846 25523
16 18846 25524
16 18846 25525
16 18846 25526
16 18846 25527
16 18846 25528
16 18846 25529
16 18846 25530
16 18846 25531
16 18846 25532
16 18846 25533
16 18846 25534
16 18846 25535
16 18846 25536
16 18846 25537
16 18846 25538
16 18846 25539
16 18846 25540
16 18846 25541
16 18846 25542
16 18846 25543
16 18846 25544
16 18846 25545
16 18846 25546
16 18846 25547
16 18846 25548
16 18846 25549
16 18846 25550
16 18846 25551
16 18846 25552
16 18846 25553
16 18846 25554
16 18846 25555
16 18846 25556
16 18872 25536
16 18937 25443
16 18940 25462
16 18953 25461
17 37693 50818
18 75387 101636
3 2 3
4 4 6
4 4 6
5 9 12
5 9 12
6 18 24
6 18 24
