13 2011 3374
13 2011 3375
13 2011 3376
13 2011 3377
13 2011 3378
13 2011 3379
13 2011 3380
13 2011 3381
13 2011 3382
13 2011 3383
13 2011 3384
13 2011 3385
13 2011 3386
13 2011 3387
13 2011 3388
13 2011 3389
13 2012 3374
13 2012 3375
13 2012 3376
13 2012 3377
13 2012 3378
13 2012 3379
13 2012 3380
13 2012 3383
13 2012 3384
13 2012 3385
13 2012 3386
13 2012 3387
13 2012 3388
13 2012 3389
13 2013 3374
13 2013 3375
13 2013 3376
13 2013 3377
13 2013 3378
13 2013 3379
13 2013 3384
13 2013 3385
13 2013 3386
13 2013 3387
13 2013 3388
13 2013 3389
13 2014 3374
13 2014 3375
13 2014 3376
13 2014 3377
13 2014 3378
13 2014 3385
13 2014 3386
13 2014 3387
13 2014 3388
13 2014 3389
13 2015 3374
13 2015 3375
13 2015 3376
13 2015 3377
13 2015 3378
13 2015 3386
13 2015 3387
13 2015 3388
13 2015 3389
13 2016 3374
13 2016 3375
13 2016 3376
13 2016 3377
13 2016 3378
13 2016 3387
13 2016 3388
13 2016 3389
13 2017 3374
13 2017 3375
13 2017 3376
13 2017 3377
13 2017 3378
13 2017 3379
13 2017 3389
13 2018 3374
13 2018 3375
13 2018 3376
13 2018 3377
13 2018 3378
13 2018 3379
13 2018 3380
13 2019 3374
13 2019 3375
13 2019 3376
13 2019 3377
13 2019 3378
13 2019 3379
13 2019 3380
13 2019 3381
13 2020 3374
13 2020 3375
13 2020 3376
13 2020 3377
13 2020 3378
13 2020 3379
13 2020 3380
13 2020 3381
13 2020 3382
13 2020 3383
13 2020 3389
13 2021 3374
13 2021 3375
13 2021 3376
13 2021 3377
13 2021 3378
13 2021 3379
13 2021 3380
13 2021 3381
13 2021 3382
13 2021 3383
13 2021 3384
13 2021 3388
13 2021 3389
13 2022 3374
13 2022 3375
13 2022 3376
13 2022 3377
13 2022 3378
13 2022 3379
13 2022 3380
13 2022 3381
13 2022 3382
13 2022 3383
13 2022 3384
13 2022 3385
13 2022 3387
13 2022 3388
13 2022 3389
13 2023 3374
13 2023 3375
13 2023 3376
13 2023 3377
13 2023 3378
13 2023 3379
13 2023 3380
13 2023 3381
13 2023 3382
13 2023 3383
13 2023 3384
13 2023 3385
13 2023 3386
13 2023 3387
13 2023 3388
13 2023 3389
13 2024 3374
13 2024 3375
13 2024 3376
13 2024 3377
13 2024 3378
13 2024 3379
13 2024 3380
13 2024 3381
13 2024 3382
13 2024 3383
13 2024 3384
13 2024 3385
13 2024 3386
13 2024 3387
13 2024 3388
13 2024 3389
13 2025 3374
13 2025 3375
13 2025 3376
13 2025 3377
13 2025 3378
13 2025 3379
13 2025 3380
13 2025 3381
13 2025 3382
13 2025 3383
13 2025 3384
13 2025 3385
13 2025 3386
13 2025 3387
13 2025 3388
13 2025 3389
13 2026 3374
13 2026 3375
13 2026 3376
13 2026 3377
13 2026 3378
13 2026 3379
13 2026 3380
13 2026 3381
13 2026 3382
13 2026 3383
13 2026 3384
13 2026 3385
13 2026 3386
13 2026 3387
13 2026 3388
13 2026 3389
