10 304 385
11 609 768
12 1219 1536
12 1219 1536
12 1219 1537
12 1219 1537
12 1219 1539
12 1219 1539
12 1219 1540
12 1219 1540
12 1220 1536
12 1220 1536
12 1221 1536
12 1221 1536
12 1221 1540
12 1221 1540
12 1222 1536
12 1222 1536
12 1222 1540
12 1222 1540
12 1223 1540
12 1223 1540
12 1224 1536
12 1224 1536
12 1224 1539
12 1224 1539
12 1224 1540
12 1224 1540
13 2439 3073
13 2439 3073
13 2439 3074
13 2439 3074
13 2439 3075
13 2439 3075
13 2439 3078
13 2439 3078
13 2439 3079
13 2439 3079
13 2439 3080
13 2439 3080
13 2440 3073
13 2440 3073
13 2440 3074
13 2440 3074
13 2441 3073
13 2441 3073
13 2441 3074
13 2441 3074
13 2442 3073
13 2442 3073
13 2442 3074
13 2442 3074
13 2442 3080
13 2442 3080
13 2443 3073
13 2443 3073
13 2443 3080
13 2443 3080
13 2444 3073
13 2444 3073
13 2444 3079
13 2444 3079
13 2444 3080
13 2444 3080
13 2445 3073
13 2445 3073
13 2445 3079
13 2445 3079
13 2445 3080
13 2445 3080
13 2446 3079
13 2446 3079
13 2446 3080
13 2446 3080
13 2447 3078
13 2447 3078
13 2447 3079
13 2447 3079
13 2447 3080
13 2447 3080
13 2448 3073
13 2448 3073
13 2448 3078
13 2448 3078
13 2448 3079
13 2448 3079
13 2448 3080
13 2448 3080
13 2449 3073
13 2449 3073
13 2449 3074
13 2449 3074
13 2449 3075
13 2449 3075
13 2449 3076
13 2449 3076
13 2449 3077
13 2449 3077
13 2449 3078
13 2449 3078
13 2449 3079
13 2449 3079
13 2449 3080
13 2449 3080
14 4878 6146
14 4878 6147
14 4878 6148
14 4878 6149
14 4878 6150
14 4878 6151
14 4878 6152
14 4878 6153
14 4878 6154
14 4878 6155
14 4878 6156
14 4878 6157
14 4878 6158
14 4878 6159
14 4878 6160
15 9757 12293
15 9757 12294
15 9757 12295
15 9757 12296
15 9757 12297
15 9757 12298
15 9757 12299
15 9757 12300
15 9757 12301
15 9757 12302
15 9757 12303
15 9757 12304
15 9757 12305
15 9757 12306
15 9757 12307
15 9757 12308
15 9757 12309
15 9757 12310
15 9757 12311
15 9757 12312
15 9757 12313
15 9757 12314
15 9757 12315
15 9757 12316
15 9757 12317
15 9757 12318
15 9757 12319
15 9757 12320
16 19515 24587
16 19515 24588
16 19515 24589
16 19515 24590
16 19515 24591
16 19515 24592
16 19515 24593
16 19515 24594
16 19515 24595
16 19515 24596
16 19515 24597
16 19515 24598
16 19515 24599
16 19515 24600
16 19515 24601
16 19515 24602
16 19515 24603
16 19515 24604
16 19515 24605
16 19515 24606
16 19515 24607
16 19515 24608
16 19515 24609
16 19515 24610
16 19515 24611
16 19515 24612
16 19515 24613
16 19515 24614
16 19515 24615
16 19515 24616
16 19515 24617
16 19515 24618
16 19515 24619
16 19515 24620
16 19515 24621
16 19515 24622
16 19515 24623
16 19515 24624
16 19515 24625
16 19515 24626
16 19515 24627
16 19515 24628
16 19515 24629
16 19515 24630
16 19515 24631
16 19515 24632
16 19515 24633
16 19515 24634
16 19515 24635
16 19515 24636
16 19515 24637
16 19515 24638
16 19515 24639
16 19515 24640
16 19515 24641
17 39031 49174
17 39031 49175
17 39031 49176
17 39031 49177
17 39031 49178
17 39031 49179
17 39031 49180
17 39031 49181
17 39031 49182
17 39031 49183
17 39031 49184
17 39031 49185
17 39031 49186
17 39031 49187
17 39031 49188
17 39031 49189
17 39031 49190
17 39031 49191
17 39031 49192
17 39031 49193
17 39031 49194
17 39031 49195
17 39031 49196
17 39031 49197
17 39031 49198
17 39031 49199
17 39031 49200
17 39031 49201
17 39031 49202
17 39031 49203
17 39031 49204
17 39031 49205
17 39031 49206
17 39031 49207
17 39031 49208
17 39031 49209
17 39031 49210
17 39031 49211
17 39031 49212
17 39031 49213
17 39031 49214
17 39031 49215
17 39031 49216
17 39031 49217
17 39031 49218
17 39031 49219
17 39031 49220
17 39031 49221
17 39031 49222
17 39031 49223
17 39031 49224
17 39031 49225
17 39031 49226
17 39031 49227
17 39031 49228
17 39031 49229
17 39031 49230
17 39031 49231
17 39031 49232
17 39031 49233
17 39031 49234
17 39031 49235
17 39031 49236
17 39031 49237
17 39031 49238
17 39031 49239
17 39031 49240
17 39031 49241
17 39031 49242
17 39031 49243
17 39031 49244
17 39031 49245
17 39031 49246
17 39031 49247
17 39031 49248
17 39031 49249
17 39031 49250
17 39031 49251
17 39031 49252
17 39031 49253
17 39031 49254
17 39031 49255
17 39031 49256
17 39031 49257
17 39031 49258
17 39031 49259
17 39031 49260
17 39031 49261
17 39031 49262
17 39031 49263
17 39031 49264
17 39031 49265
17 39031 49266
17 39031 49267
17 39031 49268
17 39031 49269
17 39031 49270
17 39031 49271
17 39031 49272
17 39031 49273
17 39031 49274
17 39031 49275
17 39031 49276
17 39031 49277
17 39031 49278
17 39031 49279
17 39031 49280
17 39031 49281
17 39031 49282
17 39031 49283
18 78062 98349
3 2 3
4 4 6
4 4 6
5 9 12
5 9 12
6 19 24
6 19 24
7 38 48
7 38 48
