11 324 701
11 324 701
12 647 1413
12 647 1414
12 647 1415
12 647 1416
12 648 1413
12 648 1414
12 648 1415
12 648 1416
12 649 1404
12 649 1404
12 649 1405
12 649 1405
12 649 1416
12 650 1404
12 650 1404
12 650 1405
12 650 1405
12 650 1406
12 650 1406
12 650 1407
12 650 1407
12 650 1408
12 650 1408
12 650 1416
12 651 1404
12 651 1404
12 651 1405
12 651 1405
12 651 1406
12 651 1406
12 651 1407
12 651 1407
12 651 1408
12 651 1408
12 651 1416
12 652 1416
12 653 1412
12 653 1413
12 653 1414
12 653 1415
12 654 1412
12 654 1413
12 654 1414
12 654 1415
12 655 1412
12 655 1413
12 655 1414
12 655 1415
13 1297 2828
13 1297 2829
13 1297 2830
13 1300 2831
13 1301 2819
13 1301 2819
13 1301 2831
13 1302 2814
13 1302 2814
13 1302 2815
13 1302 2815
13 1302 2816
13 1302 2816
13 1302 2818
13 1302 2818
13 1302 2819
13 1302 2819
13 1303 2814
13 1303 2814
13 1303 2815
13 1303 2815
13 1303 2816
13 1303 2816
13 1303 2820
13 1303 2820
14 2592 5655
14 2592 5656
14 2593 5654
14 2593 5655
14 2593 5656
14 2596 5657
14 2596 5657
14 2597 5642
14 2597 5661
14 2604 5632
14 2604 5632
14 2604 5633
14 2604 5633
14 2604 5634
14 2604 5634
14 2604 5635
14 2604 5635
14 2604 5636
14 2604 5636
14 2605 5632
14 2605 5632
14 2605 5633
14 2605 5633
14 2605 5634
14 2605 5634
14 2605 5635
14 2605 5635
14 2605 5636
14 2605 5636
14 2617 5722
14 2617 5723
14 2617 5724
14 2618 5722
14 2618 5723
15 5190 11300
15 5190 11300
15 5194 11285
15 5194 11322
15 5219 11286
15 5219 11287
15 5219 11288
15 5219 11289
15 5219 11290
15 5219 11291
15 5219 11292
15 5219 11293
15 5219 11294
15 5219 11295
15 5219 11296
15 5219 11297
15 5219 11298
15 5219 11299
15 5219 11300
15 5219 11301
15 5219 11302
15 5219 11303
15 5219 11304
15 5219 11305
15 5219 11306
15 5219 11307
15 5219 11308
15 5219 11309
15 5219 11310
15 5219 11311
15 5219 11312
15 5219 11313
15 5219 11314
15 5219 11315
15 5219 11316
15 5219 11317
15 5219 11318
15 5219 11319
15 5219 11320
15 5219 11321
16 10388 22571
16 10388 22572
16 10388 22573
16 10388 22574
16 10388 22575
16 10388 22576
16 10388 22577
16 10388 22578
16 10388 22579
16 10388 22580
16 10388 22581
16 10388 22582
16 10388 22583
16 10388 22584
16 10388 22585
16 10388 22586
16 10388 22587
16 10388 22588
16 10388 22589
16 10388 22590
16 10388 22591
16 10388 22592
16 10388 22593
16 10388 22594
16 10388 22595
16 10388 22596
16 10388 22597
16 10388 22598
16 10388 22599
16 10388 22600
16 10388 22601
16 10388 22602
16 10388 22603
16 10388 22604
16 10388 22605
16 10388 22606
16 10388 22607
16 10388 22608
16 10388 22609
16 10388 22610
16 10388 22611
16 10388 22612
16 10388 22613
16 10388 22614
16 10388 22615
16 10388 22616
16 10388 22617
16 10388 22618
16 10388 22619
16 10388 22620
16 10388 22621
16 10388 22622
16 10388 22623
16 10388 22624
16 10388 22625
16 10388 22626
16 10388 22627
16 10388 22628
16 10388 22629
16 10388 22630
16 10388 22631
16 10388 22632
16 10388 22633
16 10388 22634
16 10388 22635
16 10388 22636
16 10388 22637
16 10388 22638
16 10388 22639
16 10388 22640
16 10388 22641
16 10388 22642
16 10388 22643
16 10388 22644
16 10388 22645
17 20777 45143
18 41554 90286
3 1 2
4 2 5
4 2 5
5 5 11
5 5 11
6 10 22
6 10 22
7 20 44
7 20 44
8 40 88
8 40 88
