12 1138 1652
12 1138 1652
12 1138 1654
12 1138 1654
12 1140 1652
12 1140 1652
13 2277 3305
13 2277 3305
13 2277 3308
13 2277 3308
13 2278 3308
13 2278 3308
13 2280 3305
13 2280 3305
13 2281 3305
13 2281 3305
13 2281 3308
13 2281 3308
14 4555 6610
14 4555 6611
14 4555 6612
14 4555 6615
14 4555 6616
14 4555 6617
15 9111 13221
15 9111 13222
15 9111 13223
15 9111 13224
15 9111 13225
15 9111 13226
15 9111 13229
15 9111 13230
15 9111 13231
15 9111 13232
15 9111 13233
15 9111 13234
15 9125 13227
15 9125 13228
16 18222 26443
16 18222 26444
16 18222 26445
16 18222 26446
16 18222 26447
16 18222 26448
16 18222 26449
16 18222 26450
16 18222 26451
16 18222 26452
16 18222 26453
16 18222 26454
16 18222 26455
16 18222 26456
16 18222 26457
16 18222 26458
16 18222 26459
16 18222 26460
16 18222 26461
16 18222 26462
16 18222 26463
16 18222 26464
16 18222 26465
16 18222 26466
16 18222 26467
16 18222 26468
17 36445 52887
17 36445 52888
17 36445 52889
17 36445 52890
17 36445 52891
17 36445 52892
17 36445 52893
17 36445 52894
17 36445 52895
17 36445 52896
17 36445 52897
17 36445 52898
17 36445 52899
17 36445 52900
17 36445 52901
17 36445 52902
17 36445 52903
17 36445 52904
17 36445 52905
17 36445 52906
17 36445 52907
17 36445 52908
17 36445 52909
17 36445 52910
17 36445 52911
17 36445 52912
17 36445 52913
17 36445 52914
17 36445 52915
17 36445 52916
17 36445 52917
17 36445 52918
17 36445 52919
17 36445 52920
17 36445 52921
17 36445 52922
17 36445 52923
17 36445 52924
17 36445 52925
17 36445 52926
17 36445 52927
17 36445 52928
17 36445 52929
17 36445 52930
17 36445 52931
17 36445 52932
17 36445 52933
17 36445 52934
17 36445 52935
17 36445 52936
18 72890 105774
3 2 3
4 4 6
4 4 6
5 8 12
5 8 12
6 17 25
6 17 25
7 35 51
7 35 51
