12 1208 1534
12 1208 1534
12 1209 1534
12 1209 1534
12 1210 1534
12 1210 1534
12 1211 1534
12 1211 1534
13 2416 3069
13 2416 3069
13 2417 3069
13 2417 3069
13 2418 3069
13 2418 3069
13 2419 3069
13 2419 3069
13 2420 3069
13 2420 3069
13 2421 3069
13 2421 3069
13 2422 3069
13 2422 3069
14 4833 6139
15 9666 12279
15 9666 12280
15 9666 12281
15 9666 12282
15 9666 12283
15 9666 12284
15 9666 12285
15 9666 12286
15 9666 12287
15 9666 12288
15 9666 12289
15 9666 12290
15 9666 12291
15 9666 12292
15 9666 12293
15 9666 12294
15 9666 12295
15 9666 12296
15 9666 12297
15 9666 12298
15 9666 12299
16 19333 24559
16 19333 24560
16 19333 24561
16 19333 24562
16 19333 24563
16 19333 24564
16 19333 24565
16 19333 24566
16 19333 24567
16 19333 24568
16 19333 24569
16 19333 24570
16 19333 24571
16 19333 24572
16 19333 24573
16 19333 24574
16 19333 24575
16 19333 24576
16 19333 24577
16 19333 24578
16 19333 24579
16 19333 24580
16 19333 24581
16 19333 24582
16 19333 24583
16 19333 24584
16 19333 24585
16 19333 24586
16 19333 24587
16 19333 24588
16 19333 24589
16 19333 24590
16 19333 24591
16 19333 24592
16 19333 24593
16 19333 24594
16 19333 24595
16 19333 24596
16 19333 24597
16 19333 24598
17 38666 49119
17 38666 49120
17 38666 49121
17 38666 49122
17 38666 49123
17 38666 49124
17 38666 49125
17 38666 49126
17 38666 49127
17 38666 49128
17 38666 49129
17 38666 49130
17 38666 49131
17 38666 49132
17 38666 49133
17 38666 49134
17 38666 49135
17 38666 49136
17 38666 49137
17 38666 49138
17 38666 49139
17 38666 49140
17 38666 49141
17 38666 49142
17 38666 49143
17 38666 49144
17 38666 49145
17 38666 49146
17 38666 49147
17 38666 49148
17 38666 49149
17 38666 49150
17 38666 49151
17 38666 49152
17 38666 49153
17 38666 49154
17 38666 49155
17 38666 49156
17 38666 49157
17 38666 49158
17 38666 49159
17 38666 49160
17 38666 49161
17 38666 49162
17 38666 49163
17 38666 49164
17 38666 49165
17 38666 49166
17 38666 49167
17 38666 49168
17 38666 49169
17 38666 49170
17 38666 49171
17 38666 49172
17 38666 49173
17 38666 49174
17 38666 49175
17 38666 49176
17 38666 49177
17 38666 49178
17 38666 49179
17 38666 49180
17 38666 49181
17 38666 49182
17 38666 49183
17 38666 49184
17 38666 49185
17 38666 49186
17 38666 49187
17 38666 49188
17 38666 49189
17 38666 49190
17 38666 49191
17 38666 49192
17 38666 49193
17 38666 49194
17 38666 49195
17 38666 49196
18 77332 98239
3 2 2
4 4 5
4 4 5
4 4 6
4 4 6
5 9 11
5 9 11
5 9 12
5 9 12
6 18 23
6 18 23
6 18 24
6 18 24
7 37 47
7 37 47
7 37 48
7 37 48
8 75 95
8 75 95
8 75 96
8 75 96
