10 155 349
10 155 349
10 155 350
10 155 350
10 155 351
10 155 351
10 155 352
10 155 352
10 155 353
10 155 353
10 156 349
10 156 349
10 157 349
10 157 349
10 158 349
10 158 349
10 159 349
10 159 349
10 159 356
10 159 356
10 159 357
10 159 357
10 160 349
10 160 349
10 160 356
10 160 356
10 160 357
10 160 357
10 160 358
10 160 358
10 160 359
10 160 359
10 160 360
10 160 360
10 161 349
10 161 349
10 161 356
10 161 356
10 161 357
10 161 357
10 161 358
10 161 358
10 161 359
10 161 359
10 161 360
10 161 360
10 162 349
10 162 349
10 162 356
10 162 356
10 162 357
10 162 357
10 162 358
10 162 358
10 162 359
10 162 359
10 162 360
10 162 360
10 163 349
10 163 349
10 163 356
10 163 356
10 163 357
10 163 357
10 163 358
10 163 358
10 163 359
10 163 359
10 163 360
10 163 360
10 164 356
10 164 356
10 164 357
10 164 357
10 164 358
10 164 358
10 164 359
10 164 359
10 164 360
10 164 360
10 165 352
10 165 353
10 165 354
10 165 355
10 165 356
10 165 356
10 165 357
10 165 357
10 165 358
10 165 358
10 165 359
10 165 359
10 165 360
10 165 360
10 166 353
10 166 354
10 166 355
11 308 707
11 308 707
11 308 708
11 308 708
11 308 709
11 308 709
11 308 710
11 308 710
11 308 711
11 308 711
11 309 707
11 309 707
11 309 708
11 309 708
11 309 709
11 309 709
11 309 710
11 309 710
11 309 711
11 309 711
11 310 706
11 310 706
11 310 707
11 310 707
11 310 708
11 310 708
11 310 709
11 310 709
11 310 710
11 310 710
11 310 711
11 310 711
11 311 705
11 311 705
11 311 706
11 311 706
11 311 707
11 311 707
11 311 708
11 311 708
11 311 709
11 311 709
11 311 710
11 311 710
11 311 711
11 311 711
11 312 699
11 312 699
11 313 699
11 313 699
11 314 699
11 314 699
11 315 699
11 315 699
11 316 699
11 316 699
11 317 699
11 317 699
11 318 699
11 318 699
11 319 699
11 319 699
11 320 699
11 320 699
11 321 699
11 321 699
11 322 699
11 322 699
11 323 699
11 323 699
11 324 699
11 324 699
11 324 712
11 324 713
11 325 699
11 325 699
11 325 712
11 325 712
11 325 713
11 326 699
11 326 699
11 326 712
11 326 712
11 326 713
11 327 699
11 327 699
11 327 712
11 327 712
11 328 699
11 328 699
12 622 1417
12 622 1417
12 622 1418
12 622 1418
12 622 1419
12 622 1419
12 623 1416
12 623 1416
12 623 1417
12 623 1417
12 623 1418
12 623 1418
12 623 1419
12 623 1419
12 624 1399
12 642 1423
12 642 1423
12 642 1424
12 642 1424
12 643 1423
12 643 1423
12 643 1424
12 643 1424
12 647 1423
12 647 1424
12 647 1425
12 647 1426
12 647 1426
12 648 1423
12 648 1423
12 648 1424
12 648 1424
12 648 1425
12 648 1425
12 648 1426
12 648 1426
12 649 1423
12 649 1423
12 649 1424
12 649 1424
12 649 1425
12 649 1425
12 649 1426
12 649 1426
12 650 1423
12 650 1423
12 650 1424
12 650 1424
12 650 1425
12 650 1425
12 650 1426
12 650 1426
12 651 1423
12 651 1423
12 651 1424
12 651 1424
12 651 1425
12 651 1425
12 651 1426
12 651 1426
12 652 1423
12 652 1423
12 652 1424
12 652 1424
12 652 1425
12 652 1425
12 652 1426
12 652 1426
12 652 1427
12 652 1428
12 653 1423
12 653 1423
12 653 1424
12 653 1424
12 653 1427
12 653 1428
12 654 1423
12 654 1423
12 654 1428
12 654 1428
12 654 1429
12 654 1429
12 654 1430
12 654 1430
12 655 1428
12 655 1428
12 655 1429
12 655 1429
12 655 1430
12 655 1430
12 656 1428
12 656 1428
12 656 1429
12 656 1429
12 656 1430
12 656 1430
12 657 1415
12 657 1415
12 657 1416
12 657 1416
12 657 1417
12 657 1417
12 657 1418
12 657 1418
12 657 1419
12 657 1419
12 657 1420
12 657 1421
12 658 1416
12 658 1416
12 658 1417
12 658 1417
12 658 1418
12 658 1419
12 658 1420
12 658 1421
12 659 1419
12 659 1420
12 659 1421
13 1248 2799
13 1248 2800
13 1248 2801
13 1248 2802
13 1248 2803
13 1248 2804
13 1248 2805
13 1248 2806
13 1248 2807
13 1248 2808
13 1248 2809
13 1248 2810
13 1248 2811
13 1248 2812
13 1248 2813
13 1248 2814
13 1248 2815
13 1248 2816
13 1248 2817
13 1248 2818
13 1248 2819
13 1248 2820
13 1248 2821
13 1248 2822
13 1248 2823
13 1248 2824
13 1248 2825
13 1248 2826
13 1248 2827
13 1248 2828
13 1248 2829
13 1248 2830
13 1248 2831
13 1248 2832
13 1248 2833
13 1248 2834
13 1248 2835
13 1248 2836
13 1248 2837
13 1248 2838
13 1248 2839
13 1248 2840
13 1248 2841
13 1248 2842
13 1248 2843
13 1248 2844
13 1248 2845
13 1248 2846
13 1248 2847
13 1275 2845
13 1275 2846
13 1275 2847
13 1275 2848
13 1275 2849
13 1275 2850
13 1284 2845
13 1284 2845
13 1284 2846
13 1284 2846
13 1284 2847
13 1284 2847
13 1285 2845
13 1285 2845
13 1285 2846
13 1285 2846
13 1285 2847
13 1285 2847
13 1285 2848
13 1285 2848
13 1285 2849
13 1285 2849
13 1285 2850
13 1285 2851
13 1285 2852
13 1285 2853
13 1285 2854
13 1285 2855
13 1285 2856
13 1285 2857
13 1285 2858
13 1285 2859
13 1285 2860
13 1285 2861
13 1285 2862
13 1285 2863
13 1285 2864
13 1285 2865
13 1285 2866
13 1285 2867
13 1285 2868
13 1285 2869
13 1285 2870
13 1285 2871
13 1285 2872
13 1285 2873
13 1285 2874
13 1285 2875
13 1285 2876
13 1285 2877
13 1285 2878
13 1285 2879
13 1285 2880
13 1285 2881
13 1286 2845
13 1286 2845
13 1286 2846
13 1286 2846
13 1286 2847
13 1286 2847
13 1286 2848
13 1286 2848
13 1286 2849
13 1286 2849
13 1287 2845
13 1287 2845
13 1287 2846
13 1287 2846
13 1287 2847
13 1287 2847
13 1287 2848
13 1287 2848
13 1287 2849
13 1287 2849
13 1288 2845
13 1288 2845
13 1288 2846
13 1288 2846
13 1288 2847
13 1288 2847
13 1288 2848
13 1288 2848
13 1288 2849
13 1288 2849
13 1289 2845
13 1289 2845
13 1289 2847
13 1289 2847
13 1289 2848
13 1289 2848
13 1289 2849
13 1289 2849
13 1292 2881
13 1296 2851
13 1296 2851
13 1302 2845
13 1303 2845
13 1304 2845
13 1307 2845
13 1307 2846
13 1307 2847
13 1308 2845
13 1308 2846
13 1308 2847
13 1309 2845
13 1309 2846
13 1309 2847
13 1310 2845
13 1310 2846
13 1310 2847
13 1310 2862
13 1310 2862
13 1310 2863
13 1310 2863
13 1311 2845
13 1311 2846
13 1311 2847
13 1311 2862
13 1311 2862
13 1312 2845
13 1312 2846
13 1312 2847
13 1313 2845
13 1313 2846
13 1313 2847
13 1314 2823
13 1314 2824
13 1314 2825
13 1314 2833
13 1314 2834
13 1314 2835
13 1314 2836
13 1314 2839
13 1314 2840
13 1314 2841
13 1315 2833
13 1315 2834
13 1315 2835
13 1315 2839
13 1315 2840
13 1315 2841
13 1317 2836
13 1317 2837
13 1317 2838
13 1317 2839
13 1317 2840
13 1317 2841
13 1317 2842
13 1317 2843
13 1317 2844
13 1317 2845
13 1317 2846
13 1317 2847
13 1317 2848
13 1317 2849
13 1317 2850
13 1317 2851
13 1317 2852
13 1317 2853
13 1317 2854
13 1317 2855
13 1317 2856
13 1317 2857
13 1317 2858
13 1317 2859
13 1317 2860
13 1317 2861
13 1317 2862
13 2355 3128
13 2355 3129
13 2355 3130
13 2356 3128
13 2356 3129
13 2356 3130
14 2496 5598
14 2496 5599
14 2496 5600
14 2496 5601
14 2496 5602
14 2496 5603
14 2496 5604
14 2496 5605
14 2496 5606
14 2496 5607
14 2496 5608
14 2496 5609
14 2496 5610
14 2496 5611
14 2496 5612
14 2496 5613
14 2496 5614
14 2496 5615
14 2496 5616
14 2496 5617
14 2496 5618
14 2496 5619
14 2496 5620
14 2496 5621
14 2496 5622
14 2496 5623
14 2496 5624
14 2496 5625
14 2496 5626
14 2496 5627
14 2496 5628
14 2496 5629
14 2496 5630
14 2496 5631
14 2496 5632
14 2496 5633
14 2496 5634
14 2496 5635
14 2496 5636
14 2496 5637
14 2496 5638
14 2496 5639
14 2496 5640
14 2496 5641
14 2496 5642
14 2496 5643
14 2496 5644
14 2496 5645
14 2496 5646
14 2496 5647
14 2496 5648
14 2496 5649
14 2496 5650
14 2496 5651
14 2496 5652
14 2496 5653
14 2496 5654
14 2496 5655
14 2496 5656
14 2496 5657
14 2496 5658
14 2496 5659
14 2496 5660
14 2496 5661
14 2496 5662
14 2496 5663
14 2496 5664
14 2496 5665
14 2496 5666
14 2496 5667
14 2496 5668
14 2496 5669
14 2496 5670
14 2496 5671
14 2496 5672
14 2496 5673
14 2496 5674
14 2496 5675
14 2496 5676
14 2496 5677
14 2496 5678
14 2496 5679
14 2496 5680
14 2496 5681
14 2496 5682
14 2496 5683
14 2496 5684
14 2496 5685
14 2496 5686
14 2496 5687
14 2496 5688
14 2496 5689
14 2496 5690
14 2496 5691
14 2496 5692
14 2496 5693
14 2496 5694
14 2550 5660
14 2550 5661
14 2550 5662
14 2550 5663
14 2550 5664
14 2550 5665
14 2550 5666
14 2550 5667
14 2550 5668
14 2550 5669
14 2550 5670
14 2550 5671
14 2550 5672
14 2550 5673
14 2550 5674
14 2550 5675
14 2550 5676
14 2550 5677
14 2550 5678
14 2550 5679
14 2550 5680
14 2550 5681
14 2550 5682
14 2550 5683
14 2550 5684
14 2550 5685
14 2550 5686
14 2550 5687
14 2550 5688
14 2550 5689
14 2550 5690
14 2550 5691
14 2550 5692
14 2550 5693
14 2550 5694
14 2550 5695
14 2550 5696
14 2550 5697
14 2550 5698
14 2550 5699
14 2550 5700
14 2550 5701
14 2571 5664
14 2571 5665
14 2571 5666
14 2571 5667
14 2572 5664
14 2572 5665
14 2572 5666
14 2572 5667
14 2573 5664
14 2573 5665
14 2573 5666
14 2573 5667
14 2574 5618
14 2574 5619
14 2574 5620
14 2574 5621
14 2574 5622
14 2574 5623
14 2574 5624
14 2574 5625
14 2574 5626
14 2574 5627
14 2574 5628
14 2574 5629
14 2574 5630
14 2574 5631
14 2574 5632
14 2574 5633
14 2574 5634
14 2574 5635
14 2574 5636
14 2574 5637
14 2574 5638
14 2574 5639
14 2574 5640
14 2574 5641
14 2574 5642
14 2574 5643
14 2574 5644
14 2574 5645
14 2574 5646
14 2574 5647
14 2574 5648
14 2574 5649
14 2574 5650
14 2574 5651
14 2574 5652
14 2574 5653
14 2574 5654
14 2574 5655
14 2574 5656
14 2574 5657
14 2574 5658
14 2574 5659
14 2574 5660
14 2574 5661
14 2574 5662
14 2574 5663
14 2574 5664
14 2574 5665
14 2574 5666
14 2574 5667
14 2574 5668
14 2574 5669
14 2574 5670
14 2574 5671
14 2574 5672
14 2574 5673
14 2574 5674
14 2574 5675
14 2574 5676
14 2574 5677
14 2575 5664
14 2575 5665
14 2575 5665
14 2575 5666
14 2575 5666
14 2575 5667
14 2575 5667
14 2575 5668
14 2575 5669
14 2575 5669
14 2575 5670
14 2575 5670
14 2575 5671
14 2575 5671
14 2576 5657
14 2576 5657
14 2576 5658
14 2576 5658
14 2576 5659
14 2576 5659
14 2576 5660
14 2576 5660
14 2576 5661
14 2576 5661
14 2576 5662
14 2576 5662
14 2576 5663
14 2576 5663
14 2576 5664
14 2576 5664
14 2576 5665
14 2576 5665
14 2576 5666
14 2576 5666
14 2576 5667
14 2576 5667
14 2576 5668
14 2576 5668
14 2576 5669
14 2576 5669
14 2576 5670
14 2576 5670
14 2576 5671
14 2576 5671
14 2577 5654
14 2577 5654
14 2577 5655
14 2577 5655
14 2577 5656
14 2577 5656
14 2577 5657
14 2577 5657
14 2577 5658
14 2577 5658
14 2577 5659
14 2577 5659
14 2577 5660
14 2577 5660
14 2577 5661
14 2577 5661
14 2577 5662
14 2577 5662
14 2577 5663
14 2577 5663
14 2577 5664
14 2577 5664
14 2577 5665
14 2577 5665
14 2577 5666
14 2577 5666
14 2577 5667
14 2577 5667
14 2577 5668
14 2577 5668
14 2577 5669
14 2577 5669
14 2577 5670
14 2577 5670
14 2577 5671
14 2577 5671
14 2578 5654
14 2578 5654
14 2578 5655
14 2578 5655
14 2578 5656
14 2578 5656
14 2578 5657
14 2578 5657
14 2578 5658
14 2578 5658
14 2578 5659
14 2578 5659
14 2578 5660
14 2578 5660
14 2578 5661
14 2578 5661
14 2578 5662
14 2578 5662
14 2578 5663
14 2578 5663
14 2578 5664
14 2578 5664
14 2578 5665
14 2578 5665
14 2578 5666
14 2578 5666
14 2578 5667
14 2578 5667
14 2578 5668
14 2578 5668
14 2578 5669
14 2578 5669
14 2578 5670
14 2578 5670
14 2578 5671
14 2578 5671
14 2579 5654
14 2579 5654
14 2579 5655
14 2579 5655
14 2579 5656
14 2579 5656
14 2579 5657
14 2579 5657
14 2579 5658
14 2579 5658
14 2579 5659
14 2579 5659
14 2579 5660
14 2579 5660
14 2579 5661
14 2579 5661
14 2579 5662
14 2579 5662
14 2579 5663
14 2579 5663
14 2579 5664
14 2579 5664
14 2579 5665
14 2579 5665
14 2579 5666
14 2579 5666
14 2579 5667
14 2579 5667
14 2579 5668
14 2579 5668
14 2579 5669
14 2579 5669
14 2579 5670
14 2579 5670
14 2579 5671
14 2579 5671
14 2580 5654
14 2580 5654
14 2580 5655
14 2580 5655
14 2580 5656
14 2580 5656
14 2580 5657
14 2580 5657
14 2580 5658
14 2580 5658
14 2580 5659
14 2580 5659
14 2580 5660
14 2580 5660
14 2580 5661
14 2580 5661
14 2580 5662
14 2580 5662
14 2580 5663
14 2580 5663
14 2580 5664
14 2580 5664
14 2580 5665
14 2580 5665
14 2580 5666
14 2580 5666
14 2580 5667
14 2580 5667
14 2580 5668
14 2580 5668
14 2580 5669
14 2580 5669
14 2580 5670
14 2580 5670
14 2580 5671
14 2580 5671
14 2581 5654
14 2581 5654
14 2581 5655
14 2581 5655
14 2581 5656
14 2581 5656
14 2581 5657
14 2581 5657
14 2581 5658
14 2581 5658
14 2581 5662
14 2581 5662
14 2581 5663
14 2581 5663
14 2581 5664
14 2581 5664
14 2581 5665
14 2581 5665
14 2581 5666
14 2581 5666
14 2581 5667
14 2581 5667
14 2581 5668
14 2581 5668
14 2581 5669
14 2581 5669
14 2581 5670
14 2581 5670
14 2581 5671
14 2581 5671
14 2582 5655
14 2582 5655
14 2582 5656
14 2582 5656
14 2582 5657
14 2582 5657
14 2582 5658
14 2582 5658
14 2582 5667
14 2582 5667
14 2582 5668
14 2582 5668
14 2582 5669
14 2582 5669
14 2582 5670
14 2582 5670
14 2582 5671
14 2582 5671
14 2583 5653
14 2583 5653
14 2583 5654
14 2583 5654
14 2583 5655
14 2583 5655
14 2583 5656
14 2583 5656
14 2583 5657
14 2583 5657
14 2583 5658
14 2583 5658
14 2584 5652
14 2584 5652
14 2584 5653
14 2584 5653
14 2584 5654
14 2584 5654
14 2584 5655
14 2584 5655
14 2584 5656
14 2584 5656
14 2584 5657
14 2584 5657
14 2584 5658
14 2584 5658
14 2585 5652
14 2585 5652
14 2585 5653
14 2585 5653
14 2585 5654
14 2585 5654
14 2585 5655
14 2585 5655
14 2585 5656
14 2585 5656
14 2585 5657
14 2585 5657
14 2585 5658
14 2585 5658
14 2586 5652
14 2586 5652
14 2586 5653
14 2586 5653
14 2586 5654
14 2586 5654
14 2586 5655
14 2586 5655
14 2586 5656
14 2586 5656
14 2587 5652
14 2587 5652
14 2587 5653
14 2587 5653
14 2587 5654
14 2587 5654
14 2587 5655
14 2587 5655
14 2593 5661
14 2593 5662
14 2593 5663
14 2594 5659
14 2594 5660
14 2594 5661
14 2594 5662
14 2594 5663
14 2595 5660
14 2595 5661
14 2595 5662
14 2595 5663
14 2596 5658
14 2596 5658
14 2596 5661
14 2596 5662
14 2596 5663
14 2596 5685
14 2596 5685
14 2596 5686
14 2596 5686
14 2596 5687
14 2596 5687
14 2597 5661
14 2597 5662
14 2597 5663
14 2597 5685
14 2597 5685
14 2597 5686
14 2597 5686
14 2597 5687
14 2597 5687
14 2598 5685
14 2598 5685
14 2598 5686
14 2598 5686
14 2598 5687
14 2598 5687
14 2599 5667
14 2599 5668
14 2599 5669
14 2599 5684
14 2599 5684
14 2599 5685
14 2599 5685
14 2600 5667
14 2600 5668
14 2600 5669
14 2600 5684
14 2600 5684
14 2600 5685
14 2600 5685
14 2601 5658
14 2601 5659
14 2601 5660
14 2601 5684
14 2601 5684
14 2601 5685
14 2601 5685
14 2602 5682
14 2602 5682
14 2604 5632
14 2604 5632
14 2604 5633
14 2604 5633
14 2604 5634
14 2604 5634
14 2604 5635
14 2604 5635
14 2604 5636
14 2604 5636
14 2604 5686
14 2604 5687
14 2604 5688
14 2605 5632
14 2605 5632
14 2605 5633
14 2605 5633
14 2605 5634
14 2605 5634
14 2605 5635
14 2605 5635
14 2605 5636
14 2605 5636
14 2605 5672
14 2605 5673
14 2605 5686
14 2605 5687
14 2605 5688
14 2607 5674
14 2607 5675
14 2607 5676
14 2607 5677
14 2607 5686
14 2607 5687
14 2608 5683
14 2608 5684
14 2608 5686
14 2608 5687
14 2609 5683
14 2610 5684
14 2611 5684
14 2611 5690
14 2611 5691
14 2612 5690
14 2613 5674
14 2613 5675
14 2613 5676
14 2613 5677
14 2618 5673
14 2622 5656
14 2622 5657
14 2622 5658
14 2622 5659
14 2623 5656
14 2623 5657
14 2623 5658
14 2623 5659
14 2624 5656
14 2624 5657
14 2624 5658
14 2624 5659
14 2624 5680
14 2624 5681
14 2624 5682
14 2625 5656
14 2625 5657
14 2625 5658
14 2625 5659
14 2625 5680
14 2625 5681
14 2625 5682
14 2626 5656
14 2626 5657
14 2626 5658
14 2626 5659
14 2626 5680
14 2626 5681
14 2626 5682
14 2627 5680
14 2627 5681
14 2627 5682
14 2628 5680
14 2628 5681
14 2628 5682
14 2629 5680
14 2629 5681
14 2629 5682
15 4993 11197
15 4993 11198
15 4993 11199
15 4993 11200
15 4993 11201
15 4993 11202
15 4993 11203
15 4993 11204
15 4993 11205
15 4993 11206
15 4993 11207
15 4993 11208
15 4993 11209
15 4993 11210
15 4993 11211
15 4993 11212
15 4993 11213
15 4993 11214
15 4993 11215
15 4993 11216
15 4993 11217
15 4993 11218
15 4993 11219
15 4993 11220
15 4993 11221
15 4993 11222
15 4993 11223
15 4993 11224
15 4993 11225
15 4993 11226
15 4993 11227
15 4993 11228
15 4993 11229
15 4993 11230
15 4993 11231
15 4993 11232
15 4993 11233
15 4993 11234
15 4993 11235
15 4993 11236
15 4993 11237
15 4993 11238
15 4993 11239
15 4993 11240
15 4993 11241
15 4993 11242
15 4993 11243
15 4993 11244
15 4993 11245
15 4993 11246
15 4993 11247
15 4993 11248
15 4993 11249
15 4993 11250
15 4993 11251
15 4993 11252
15 4993 11253
15 4993 11254
15 4993 11255
15 4993 11256
15 4993 11257
15 4993 11258
15 4993 11259
15 4993 11260
15 4993 11261
15 4993 11262
15 4993 11263
15 4993 11264
15 4993 11265
15 4993 11266
15 4993 11267
15 4993 11268
15 4993 11269
15 4993 11270
15 4993 11271
15 4993 11272
15 4993 11273
15 4993 11274
15 4993 11275
15 4993 11276
15 4993 11277
15 4993 11278
15 4993 11279
15 4993 11280
15 4993 11281
15 4993 11282
15 4993 11283
15 4993 11284
15 4993 11285
15 4993 11286
15 4993 11287
15 4993 11288
15 4993 11289
15 4993 11290
15 4993 11291
15 4993 11292
15 4993 11293
15 4993 11294
15 4993 11295
15 4993 11296
15 4993 11297
15 4993 11298
15 4993 11299
15 4993 11300
15 4993 11301
15 4993 11302
15 4993 11303
15 4993 11304
15 4993 11305
15 4993 11306
15 4993 11307
15 4993 11308
15 4993 11309
15 4993 11310
15 4993 11311
15 4993 11312
15 4993 11313
15 4993 11314
15 4993 11315
15 4993 11316
15 4993 11317
15 4993 11318
15 4993 11319
15 4993 11320
15 4993 11321
15 4993 11322
15 4993 11323
15 4993 11324
15 4993 11325
15 4993 11326
15 4993 11327
15 4993 11328
15 4993 11329
15 4993 11330
15 4993 11331
15 4993 11332
15 4993 11333
15 4993 11334
15 4993 11335
15 4993 11336
15 4993 11337
15 4993 11338
15 4993 11339
15 4993 11340
15 4993 11341
15 4993 11342
15 4993 11343
15 4993 11344
15 4993 11345
15 4993 11346
15 4993 11347
15 4993 11348
15 4993 11349
15 4993 11350
15 4993 11351
15 4993 11352
15 4993 11353
15 4993 11354
15 4993 11355
15 4993 11356
15 4993 11357
15 4993 11358
15 4993 11359
15 4993 11360
15 4993 11361
15 4993 11362
15 4993 11363
15 4993 11364
15 4993 11365
15 4993 11366
15 4993 11367
15 4993 11368
15 4993 11369
15 4993 11370
15 4993 11371
15 4993 11372
15 4993 11373
15 4993 11374
15 4993 11375
15 4993 11376
15 4993 11377
15 4993 11378
15 4993 11379
15 4993 11380
15 4993 11381
15 4993 11382
15 4993 11383
15 4993 11384
15 4993 11385
15 4993 11386
15 4993 11387
15 4993 11388
15 4993 11389
15 5101 11320
15 5101 11321
15 5101 11322
15 5101 11323
15 5101 11324
15 5101 11325
15 5101 11326
15 5101 11327
15 5101 11328
15 5101 11329
15 5101 11330
15 5101 11331
15 5101 11332
15 5101 11333
15 5101 11334
15 5101 11335
15 5101 11336
15 5101 11337
15 5101 11338
15 5101 11339
15 5101 11340
15 5101 11341
15 5101 11342
15 5101 11343
15 5101 11344
15 5101 11345
15 5101 11346
15 5101 11347
15 5101 11348
15 5101 11349
15 5101 11350
15 5101 11351
15 5101 11352
15 5101 11353
15 5101 11354
15 5101 11355
15 5101 11356
15 5101 11357
15 5101 11358
15 5101 11359
15 5101 11360
15 5101 11361
15 5101 11362
15 5101 11363
15 5101 11364
15 5101 11365
15 5101 11366
15 5101 11367
15 5101 11368
15 5101 11369
15 5101 11370
15 5101 11371
15 5101 11372
15 5101 11373
15 5101 11374
15 5101 11375
15 5101 11376
15 5101 11377
15 5101 11378
15 5101 11379
15 5101 11380
15 5101 11381
15 5101 11382
15 5101 11383
15 5101 11384
15 5101 11385
15 5101 11386
15 5101 11387
15 5101 11388
15 5101 11389
15 5101 11390
15 5101 11391
15 5101 11392
15 5101 11393
15 5101 11394
15 5101 11395
15 5101 11396
15 5101 11397
15 5101 11398
15 5101 11399
15 5101 11400
15 5101 11401
15 5101 11402
15 5101 11403
15 5145 11330
15 5145 11331
15 5145 11332
15 5146 11330
15 5146 11331
15 5146 11332
15 5147 11330
15 5147 11331
15 5147 11332
15 5147 11333
15 5148 11330
15 5148 11331
15 5148 11332
15 5149 11237
15 5149 11238
15 5149 11239
15 5149 11240
15 5149 11241
15 5149 11242
15 5149 11243
15 5149 11244
15 5149 11245
15 5149 11246
15 5149 11247
15 5149 11248
15 5149 11249
15 5149 11250
15 5149 11251
15 5149 11252
15 5149 11253
15 5149 11254
15 5149 11255
15 5149 11256
15 5149 11257
15 5149 11258
15 5149 11259
15 5149 11260
15 5149 11261
15 5149 11262
15 5149 11263
15 5149 11264
15 5149 11265
15 5149 11266
15 5149 11267
15 5149 11268
15 5149 11269
15 5149 11270
15 5149 11271
15 5149 11272
15 5149 11273
15 5149 11274
15 5149 11275
15 5149 11276
15 5149 11277
15 5149 11278
15 5149 11279
15 5149 11280
15 5149 11281
15 5149 11282
15 5149 11283
15 5149 11284
15 5149 11285
15 5149 11286
15 5149 11287
15 5149 11288
15 5149 11289
15 5149 11290
15 5149 11291
15 5149 11292
15 5149 11293
15 5149 11294
15 5149 11295
15 5149 11296
15 5149 11297
15 5149 11298
15 5149 11299
15 5149 11300
15 5149 11301
15 5149 11302
15 5149 11303
15 5149 11304
15 5149 11305
15 5149 11306
15 5149 11307
15 5149 11308
15 5149 11309
15 5149 11310
15 5149 11311
15 5149 11312
15 5149 11313
15 5149 11314
15 5149 11315
15 5149 11316
15 5149 11317
15 5149 11318
15 5149 11319
15 5149 11320
15 5149 11321
15 5149 11322
15 5149 11323
15 5149 11324
15 5149 11325
15 5149 11326
15 5149 11327
15 5149 11328
15 5149 11329
15 5149 11330
15 5149 11331
15 5149 11332
15 5149 11333
15 5149 11334
15 5149 11335
15 5149 11336
15 5149 11337
15 5149 11338
15 5149 11339
15 5149 11340
15 5149 11341
15 5149 11342
15 5149 11343
15 5149 11344
15 5149 11345
15 5149 11346
15 5149 11347
15 5149 11348
15 5149 11349
15 5149 11350
15 5149 11351
15 5149 11352
15 5149 11353
15 5149 11354
15 5149 11355
15 5151 11332
15 5151 11333
15 5151 11334
15 5151 11335
15 5152 11332
15 5152 11333
15 5152 11334
15 5152 11335
15 5153 11331
15 5153 11331
15 5153 11332
15 5153 11332
15 5153 11333
15 5153 11334
15 5154 11331
15 5154 11331
15 5154 11332
15 5154 11332
15 5155 11331
15 5155 11331
15 5193 11330
15 5193 11330
15 5203 11363
15 5203 11363
15 5203 11364
15 5203 11364
15 5203 11365
15 5203 11365
15 5204 11363
15 5204 11363
15 5204 11364
15 5204 11364
15 5204 11365
15 5204 11365
15 5205 11363
15 5205 11363
15 5205 11364
15 5205 11364
15 5205 11365
15 5205 11365
15 5211 11314
15 5211 11315
15 5211 11316
15 5211 11317
15 5211 11318
15 5211 11319
15 5211 11320
15 5211 11321
15 5211 11322
15 5211 11323
15 5211 11324
15 5211 11325
15 5211 11326
15 5211 11327
15 5211 11328
15 5211 11329
15 5211 11330
15 5211 11331
15 5211 11332
15 5211 11333
15 5211 11334
15 5211 11335
15 5211 11336
15 5211 11337
15 5211 11338
15 5211 11339
15 5211 11340
15 5211 11341
15 5211 11342
15 5211 11343
15 5211 11344
15 5211 11345
15 5211 11346
15 5216 11374
15 5217 11372
15 5217 11373
15 5217 11374
15 5218 11370
15 5218 11371
15 5218 11372
15 5218 11373
15 5218 11374
15 5219 11370
15 5219 11371
15 5219 11372
15 5219 11373
15 5220 11369
15 5220 11370
15 5220 11371
15 5221 11368
15 5221 11369
15 5221 11370
15 5221 11371
15 5222 11368
15 5222 11369
15 5222 11370
15 5250 11361
15 5250 11362
15 5250 11363
15 5251 11361
15 5251 11362
15 5251 11363
15 5252 11361
15 5252 11362
15 5252 11363
15 5253 11361
15 5253 11362
15 5253 11363
15 5254 11361
15 5254 11362
15 5254 11363
15 5254 11364
15 5254 11365
15 5255 11361
15 5255 11362
15 5255 11363
15 5255 11364
15 5255 11365
15 5256 11362
15 5256 11363
15 5256 11364
15 5256 11365
15 5257 11362
15 5257 11363
15 5257 11364
15 5257 11365
15 5258 11362
15 5258 11363
15 5258 11364
15 5258 11365
15 5259 11362
15 5259 11363
15 5259 11364
15 5259 11365
16 10203 22640
16 10293 22663
16 10293 22664
16 10294 22662
16 10294 22663
16 10294 22664
16 10294 22665
16 10295 22662
16 10295 22663
16 10295 22664
16 10295 22665
16 10296 22663
16 10296 22664
16 10296 22665
16 10298 22475
16 10303 22665
16 10303 22666
16 10303 22667
16 10303 22668
16 10304 22665
16 10304 22666
16 10304 22667
16 10304 22668
16 10305 22666
16 10305 22667
16 10305 22668
16 10308 22662
16 10308 22662
16 10308 22663
16 10308 22663
16 10308 22664
16 10308 22664
16 10308 22665
16 10308 22665
16 10309 22662
16 10309 22662
16 10309 22663
16 10309 22663
16 10309 22664
16 10309 22664
16 10309 22665
16 10309 22665
16 10422 22628
16 10443 22739
16 9986 22395
17 19973 44790
17 20588 45326
17 20588 45327
17 20588 45328
17 20588 45329
17 20589 45326
17 20589 45327
17 20589 45328
17 20589 45329
17 20590 45326
17 20590 45327
17 20590 45328
17 20590 45329
17 20591 45326
17 20591 45327
17 20591 45328
17 20591 45329
17 20592 45326
17 20592 45327
17 20592 45328
17 20592 45329
17 20593 45326
17 20593 45327
17 20593 45328
17 20593 45329
17 20607 45332
17 20607 45333
17 20607 45334
17 20607 45335
17 20607 45336
17 20608 45332
17 20608 45333
17 20608 45334
17 20608 45335
17 20608 45336
17 20609 45332
17 20609 45333
17 20609 45334
17 20609 45335
17 20609 45336
17 20616 45327
17 20616 45327
17 20616 45328
17 20616 45328
17 20616 45329
17 20616 45329
17 20617 45327
17 20617 45327
17 20617 45328
17 20617 45328
17 20617 45329
17 20617 45329
17 20618 45327
17 20618 45327
17 20618 45328
17 20618 45328
17 20618 45329
17 20618 45329
17 20619 45327
17 20619 45327
17 20619 45328
17 20619 45328
17 20619 45329
17 20619 45329
17 20620 45327
17 20620 45327
17 20620 45328
17 20620 45328
17 20620 45329
17 20620 45329
18 39946 89580
3 1 2
4 2 5
4 2 5
5 4 10
5 4 10
5 4 11
5 4 11
5 5 10
5 5 10
5 5 11
5 5 11
8 40 89
8 40 89
9 76 175
9 76 175
9 76 176
9 76 176
9 76 177
9 76 177
9 77 175
9 77 175
9 77 176
9 77 176
9 77 177
9 77 177
9 77 178
9 77 178
9 78 173
9 78 174
9 78 174
9 78 178
9 78 178
9 78 179
9 78 179
9 79 173
9 79 173
9 79 174
9 79 174
9 79 178
9 79 178
9 79 179
9 79 179
9 80 173
9 80 173
9 80 174
9 80 174
9 80 178
9 80 178
9 80 179
9 80 179
9 81 173
9 81 174
9 81 174
9 81 178
9 81 178
9 81 179
9 81 179
9 82 174
9 82 174
9 82 178
9 82 178
9 82 179
9 82 179
9 83 175
9 83 175
9 83 176
9 83 176
9 83 177
9 83 177
9 83 178
9 83 178
9 83 179
9 83 179
9 84 175
9 84 176
9 84 177
