13 2120 3365
13 2120 3365
13 2120 3366
13 2120 3366
13 2120 3367
13 2120 3367
13 2120 3368
13 2120 3368
13 2120 3369
13 2120 3369
13 2120 3370
13 2120 3370
13 2120 3371
13 2120 3371
13 2120 3372
13 2120 3372
13 2120 3373
13 2120 3373
13 2120 3374
13 2120 3374
13 2120 3375
13 2120 3375
13 2120 3376
13 2120 3376
13 2120 3377
13 2120 3377
13 2120 3378
13 2120 3378
13 2120 3379
13 2120 3379
13 2120 3380
13 2120 3380
13 2141 3365
13 2141 3365
13 2141 3366
13 2141 3366
13 2141 3367
13 2141 3367
13 2141 3368
13 2141 3368
13 2141 3369
13 2141 3369
13 2141 3370
13 2141 3370
13 2141 3371
13 2141 3371
13 2141 3372
13 2141 3372
13 2141 3373
13 2141 3373
13 2141 3374
13 2141 3374
13 2141 3375
13 2141 3375
13 2141 3376
13 2141 3376
13 2141 3377
13 2141 3377
13 2141 3378
13 2141 3378
13 2141 3379
13 2141 3379
13 2141 3380
13 2141 3380
14 4241 6730
14 4241 6731
14 4241 6732
14 4241 6733
14 4241 6734
14 4241 6735
14 4241 6736
14 4241 6737
14 4241 6738
14 4241 6739
14 4241 6740
14 4241 6741
14 4241 6742
14 4241 6743
14 4241 6744
14 4241 6745
14 4241 6746
14 4241 6747
14 4241 6748
14 4241 6749
14 4241 6750
14 4241 6751
14 4241 6752
14 4241 6753
14 4241 6754
14 4241 6755
14 4241 6756
14 4241 6757
14 4241 6758
14 4241 6759
14 4241 6760
14 4241 6761
14 4254 6730
14 4260 6730
14 4263 6730
14 4267 6730
14 4270 6730
14 4271 6730
14 4280 6730
14 4282 6736
14 4282 6738
15 8482 13461
15 8482 13462
15 8482 13463
15 8482 13464
15 8482 13465
15 8482 13466
15 8482 13467
15 8482 13468
15 8482 13469
15 8482 13470
15 8482 13471
15 8482 13472
15 8482 13473
15 8482 13474
15 8482 13475
15 8482 13476
15 8482 13477
15 8482 13478
15 8482 13479
15 8482 13480
15 8482 13481
15 8482 13482
15 8482 13483
15 8482 13484
15 8482 13485
15 8482 13486
15 8482 13487
15 8482 13488
15 8482 13489
15 8482 13490
15 8482 13491
15 8482 13492
15 8482 13493
15 8482 13494
15 8482 13495
15 8482 13496
15 8482 13497
15 8482 13498
15 8482 13499
15 8482 13500
15 8482 13501
15 8482 13502
15 8482 13503
15 8482 13504
15 8482 13505
15 8482 13506
15 8482 13507
15 8482 13508
15 8482 13509
15 8482 13510
15 8482 13511
15 8482 13512
15 8482 13513
15 8482 13514
15 8482 13515
15 8482 13516
15 8482 13517
15 8482 13518
15 8482 13519
15 8482 13520
15 8482 13521
15 8482 13522
15 8482 13523
15 8508 13461
15 8513 13462
15 8519 13462
15 8521 13461
15 8521 13462
15 8526 13461
15 8534 13461
15 8540 13461
15 8540 13462
15 8543 13461
15 8548 13462
15 8561 13461
15 8562 13462
15 8563 13462
15 8564 13472
15 8564 13473
15 8564 13476
16 16965 26922
16 16965 26923
16 16965 26924
16 16965 26925
16 16965 26926
16 16965 26927
16 16965 26928
16 16965 26929
16 16965 26930
16 16965 26931
16 16965 26932
16 16965 26933
16 16965 26934
16 16965 26935
16 16965 26936
16 16965 26937
16 16965 26938
16 16965 26939
16 16965 26940
16 16965 26941
16 16965 26942
16 16965 26943
16 16965 26944
16 16965 26945
16 16965 26946
16 16965 26947
16 16965 26948
16 16965 26949
16 16965 26950
16 16965 26951
16 16965 26952
16 16965 26953
16 16965 26954
16 16965 26955
16 16965 26956
16 16965 26957
16 16965 26958
16 16965 26959
16 16965 26960
16 16965 26961
16 16965 26962
16 16965 26963
16 16965 26964
16 16965 26965
16 16965 26966
16 16965 26967
16 16965 26968
16 16965 26969
16 16965 26970
16 16965 26971
16 16965 26972
16 16965 26973
16 16965 26974
16 16965 26975
16 16965 26976
16 16965 26977
16 16965 26978
16 16965 26979
16 16965 26980
16 16965 26981
16 16965 26982
16 16965 26983
16 16965 26984
16 16965 26985
16 16965 26986
16 16965 26987
16 16965 26988
16 16965 26989
16 16965 26990
16 16965 26991
16 16965 26992
16 16965 26993
16 16965 26994
16 16965 26995
16 16965 26996
16 16965 26997
16 16965 26998
16 16965 26999
16 16965 27000
16 16965 27001
16 16965 27002
16 16965 27003
16 16965 27004
16 16965 27005
16 16965 27006
16 16965 27007
16 16965 27008
16 16965 27009
16 16965 27010
16 16965 27011
16 16965 27012
16 16965 27013
16 16965 27014
16 16965 27015
16 16965 27016
16 16965 27017
16 16965 27018
16 16965 27019
16 16965 27020
16 16965 27021
16 16965 27022
16 16965 27023
16 16965 27024
16 16965 27025
16 16965 27026
16 16965 27027
16 16965 27028
16 16965 27029
16 16965 27030
16 16965 27031
16 16965 27032
16 16965 27033
16 16965 27034
16 16965 27035
16 16965 27036
16 16965 27037
16 16965 27038
16 16965 27039
16 16965 27040
16 16965 27041
16 16965 27042
16 16965 27043
16 16965 27044
16 16965 27045
16 16965 27046
16 16965 27047
16 16968 26953
16 16969 26935
16 16973 26947
16 16974 26954
16 16978 26951
16 16979 26942
16 16979 26947
16 16980 26942
16 16986 26948
16 16987 26937
16 16987 26938
16 16987 26952
16 16988 26952
16 16990 26930
16 16991 26952
16 16992 26954
16 16995 26949
16 16996 26942
16 16998 26943
16 16999 26942
16 16999 26949
16 16999 26953
16 17000 26936
16 17000 26943
16 17000 26945
16 17000 26948
16 17000 26949
16 17000 26951
16 17001 26943
16 17002 26942
16 17002 26951
16 17003 26941
16 17003 26955
16 17004 26938
16 17004 26939
16 17004 26940
16 17004 26943
16 17004 26948
16 17004 26949
16 17005 26938
16 17005 26941
16 17005 26943
16 17005 26955
16 17006 26943
16 17006 26944
16 17006 26946
16 17006 26954
16 17007 26947
16 17008 26946
16 17009 26945
16 17010 26946
16 17010 26947
16 17013 26940
16 17013 26942
16 17015 26939
16 17015 26941
16 17015 26942
16 17017 26923
16 17017 26941
16 17018 26929
16 17019 26929
16 17019 26958
16 17020 26930
16 17020 26931
16 17020 26932
16 17020 26952
16 17020 26955
16 17021 26928
16 17021 26931
16 17021 26932
16 17021 26941
16 17021 26955
16 17021 26956
16 17022 26928
16 17023 26927
16 17023 26928
16 17023 26929
16 17023 26930
16 17023 26950
16 17023 26952
16 17023 26956
16 17024 26929
16 17024 26930
16 17024 26956
16 17025 26931
16 17025 26936
16 17026 26924
16 17026 26925
16 17026 26930
16 17026 26935
16 17026 26954
16 17027 26935
16 17027 26936
16 17028 26932
16 17028 26935
16 17029 26930
16 17029 26931
16 17030 26931
16 17030 26933
16 17030 26953
16 17031 26932
16 17032 26929
16 17032 26952
16 17034 26931
16 17034 26932
16 17034 26933
16 17034 26940
16 17034 26955
16 17035 26931
16 17035 26958
16 17036 26931
16 17036 26957
16 17038 26941
16 17038 26957
16 17039 26925
16 17039 26930
16 17039 26943
16 17040 26927
16 17041 26926
16 17041 26930
16 17041 26941
16 17042 26925
16 17043 26922
16 17043 26923
16 17043 26940
16 17044 26959
16 17045 26940
16 17046 26959
16 17048 26934
16 17048 26940
16 17048 26947
16 17049 26939
16 17049 26960
16 17050 26937
16 17051 26935
16 17051 26938
16 17051 26959
16 17051 26960
16 17052 26956
16 17052 26957
16 17052 26958
16 17053 26922
16 17053 26938
16 17053 26960
16 17054 26959
16 17055 26949
16 17055 26952
16 17056 26952
16 17056 26960
16 17057 26938
16 17057 26953
16 17057 26961
16 17058 26961
16 17059 26961
16 17060 26927
16 17060 26937
16 17060 26954
16 17060 26955
16 17063 26926
16 17064 26963
16 17065 26953
16 17065 26955
16 17065 26962
16 17066 26948
16 17066 26964
16 17067 26926
16 17067 26934
16 17067 26956
16 17067 26964
16 17068 26922
16 17068 26927
16 17068 26933
16 17068 26937
16 17068 26964
16 17069 26938
16 17070 26950
16 17070 26954
16 17070 26955
16 17070 26959
16 17070 26965
16 17072 26930
16 17073 26965
16 17074 26966
16 17075 26929
16 17075 26936
16 17075 26938
16 17075 26965
16 17076 26930
16 17076 26931
16 17076 26933
16 17076 26934
16 17076 26967
16 17077 26942
16 17077 26967
16 17078 26928
16 17078 26967
16 17079 26941
16 17080 26923
16 17080 26924
16 17080 26968
16 17081 26942
16 17081 26957
16 17082 26958
16 17082 26968
16 17083 26947
16 17084 26970
16 17085 26932
16 17085 26940
16 17085 26943
16 17085 26970
16 17086 26958
16 17086 26970
16 17087 26923
16 17087 26933
16 17087 26936
16 17087 26938
16 17087 26939
16 17087 26947
16 17087 26959
16 17088 26948
16 17088 26950
16 17088 26971
16 17089 26933
16 17089 26949
16 17089 26952
16 17089 26953
16 17089 26954
16 17089 26958
16 17090 26952
16 17090 26955
16 17090 26958
16 17090 26959
16 17091 26949
16 17091 26960
16 17092 26946
16 17092 26949
16 17092 26953
16 17092 26961
16 17093 26956
16 17093 26959
16 17094 26949
16 17094 26954
16 17094 26966
16 17095 26951
16 17095 26973
16 17096 26924
16 17096 26928
16 17097 26956
16 17097 26974
16 17098 26955
16 17099 26939
16 17099 26976
16 17100 26940
16 17100 26943
16 17100 26960
16 17101 26955
16 17102 26939
16 17102 26949
16 17102 26954
16 17102 26975
16 17104 26978
16 17106 26978
16 17107 26953
16 17107 26958
16 17108 26955
16 17108 26958
16 17109 26952
16 17110 26941
16 17110 26955
16 17110 26980
16 17111 26961
16 17113 26938
16 17113 26972
16 17114 26938
16 17114 26981
16 17115 26948
16 17115 26955
16 17116 26964
16 17116 26980
16 17117 26951
16 17117 26966
16 17118 26938
16 17118 26946
16 17118 26957
16 17119 26970
16 17120 26985
16 17121 26927
16 17121 26952
16 17121 26956
16 17121 26965
16 17121 26985
16 17122 26926
16 17123 26922
16 17123 26943
16 17123 26952
16 17123 26963
16 17124 26925
16 17124 26960
16 17125 26969
16 17125 26988
16 17126 26924
16 17126 26936
16 17126 26947
16 17126 26956
16 17126 26959
16 17127 26927
16 17127 26972
16 17128 26945
16 17128 26946
16 17128 26953
17 33931 53844
17 33931 53845
17 33931 53846
17 33931 53847
17 33931 53848
17 33931 53849
17 33931 53850
17 33931 53851
17 33931 53852
17 33931 53853
17 33931 53854
17 33931 53855
17 33931 53856
17 33931 53857
17 33931 53858
17 33931 53859
17 33931 53860
17 33931 53861
17 33931 53862
17 33931 53863
17 33931 53864
17 33931 53865
17 33931 53866
17 33931 53867
17 33931 53868
17 33931 53869
17 33931 53870
17 33931 53871
17 33931 53872
17 33931 53873
17 33931 53874
17 33931 53875
17 33931 53876
17 33931 53877
17 33931 53878
17 33931 53879
17 33931 53880
17 33931 53881
17 33931 53882
17 33931 53883
17 33931 53884
17 33931 53885
17 33931 53886
17 33931 53887
17 33931 53888
17 33931 53889
17 33931 53890
17 33931 53891
17 33931 53892
17 33931 53893
17 33931 53894
17 33931 53895
17 33931 53896
17 33931 53897
17 33931 53898
17 33931 53899
17 33931 53900
17 33931 53901
17 33931 53902
17 33931 53903
17 33931 53904
17 33931 53905
17 33931 53906
17 33931 53907
17 33931 53908
17 33931 53909
17 33931 53910
17 33931 53911
17 33931 53912
17 33931 53913
17 33931 53914
17 33931 53915
17 33931 53916
17 33931 53917
17 33931 53918
17 33931 53919
17 33931 53920
17 33931 53921
17 33931 53922
17 33931 53923
17 33931 53924
17 33931 53925
17 33931 53926
17 33931 53927
17 33931 53928
17 33931 53929
17 33931 53930
17 33931 53931
17 33931 53932
17 33931 53933
17 33931 53934
17 33931 53935
17 33931 53936
17 33931 53937
17 33931 53938
17 33931 53939
17 33931 53940
17 33931 53941
17 33931 53942
17 33931 53943
17 33931 53944
17 33931 53945
17 33931 53946
17 33931 53947
17 33931 53948
17 33931 53949
17 33931 53950
17 33931 53951
17 33931 53952
17 33931 53953
17 33931 53954
17 33931 53955
17 33931 53956
17 33931 53957
17 33931 53958
17 33931 53959
17 33931 53960
17 33931 53961
17 33931 53962
17 33931 53963
17 33931 53964
17 33931 53965
17 33931 53966
17 33931 53967
17 33931 53968
17 33931 53969
17 33931 53970
17 33931 53971
17 33931 53972
17 33931 53973
17 33931 53974
17 33931 53975
17 33931 53976
17 33931 53977
17 33931 53978
17 33931 53979
17 33931 53980
17 33931 53981
17 33931 53982
17 33931 53983
17 33931 53984
17 33931 53985
17 33931 53986
17 33931 53987
17 33931 53988
17 33931 53989
17 33931 53990
17 33931 53991
17 33931 53992
17 33931 53993
17 33931 53994
17 33931 53995
17 33931 53996
17 33931 53997
17 33931 53998
17 33931 53999
17 33931 54000
17 33931 54001
17 33931 54002
17 33931 54003
17 33931 54004
17 33931 54005
17 33931 54006
17 33931 54007
17 33931 54008
17 33931 54009
17 33931 54010
17 33931 54011
17 33931 54012
17 33931 54013
17 33931 54014
17 33931 54015
17 33931 54016
17 33931 54017
17 33931 54018
17 33931 54019
17 33931 54020
17 33931 54021
17 33931 54022
17 33931 54023
17 33931 54024
17 33931 54025
17 33931 54026
17 33931 54027
17 33931 54028
17 33931 54029
17 33931 54030
17 33931 54031
17 33931 54032
17 33931 54033
17 33931 54034
17 33931 54035
17 33931 54036
17 33931 54037
17 33931 54038
17 33931 54039
17 33931 54040
17 33931 54041
17 33931 54042
17 33931 54043
17 33931 54044
17 33931 54045
17 33931 54046
17 33931 54047
17 33931 54048
17 33931 54049
17 33931 54050
17 33931 54051
17 33931 54052
17 33931 54053
17 33931 54054
17 33931 54055
17 33931 54056
17 33931 54057
17 33931 54058
17 33931 54059
17 33931 54060
17 33931 54061
17 33931 54062
17 33931 54063
17 33931 54064
17 33931 54065
17 33931 54066
17 33931 54067
17 33931 54068
17 33931 54069
17 33931 54070
17 33931 54071
17 33931 54072
17 33931 54073
17 33931 54074
17 33931 54075
17 33931 54076
17 33931 54077
17 33931 54078
17 33931 54079
17 33931 54080
17 33931 54081
17 33931 54082
17 33931 54083
17 33931 54084
17 33931 54085
17 33931 54086
17 33931 54087
17 33931 54088
17 33931 54089
17 33931 54090
17 33931 54091
17 33931 54092
17 33931 54093
17 33931 54094
17 34136 53928
18 67863 107689
18 68272 107856
3 2 3
4 4 6
4 4 6
5 8 13
5 8 13
6 16 26
6 16 26
7 33 52
7 33 52
