13 1934 3391
13 1934 3391
13 1934 3392
13 1934 3392
13 1934 3394
13 1934 3394
14 3869 6782
14 3869 6783
14 3869 6784
14 3869 6785
14 3869 6786
14 3869 6788
14 3869 6789
15 7739 13564
15 7739 13565
15 7739 13566
15 7739 13567
15 7739 13568
15 7739 13569
15 7739 13570
15 7739 13571
15 7739 13572
15 7739 13573
15 7739 13574
15 7739 13576
15 7739 13577
15 7739 13578
16 15479 27129
16 15479 27130
16 15479 27131
16 15479 27132
16 15479 27133
16 15479 27134
16 15479 27135
16 15479 27136
16 15479 27137
16 15479 27138
16 15479 27139
16 15479 27140
16 15479 27141
16 15479 27142
16 15479 27143
16 15479 27144
16 15479 27145
16 15479 27146
16 15479 27147
16 15479 27148
16 15479 27149
16 15479 27152
16 15479 27153
16 15479 27154
16 15479 27155
16 15479 27156
17 30959 54258
17 30959 54259
17 30959 54260
17 30959 54261
17 30959 54262
17 30959 54263
17 30959 54264
17 30959 54265
17 30959 54266
17 30959 54267
17 30959 54268
17 30959 54269
17 30959 54270
17 30959 54271
17 30959 54272
17 30959 54273
17 30959 54274
17 30959 54275
17 30959 54276
17 30959 54277
17 30959 54278
17 30959 54279
17 30959 54280
17 30959 54281
17 30959 54282
17 30959 54283
17 30959 54284
17 30959 54285
17 30959 54286
17 30959 54287
17 30959 54288
17 30959 54289
17 30959 54290
17 30959 54291
17 30959 54292
17 30959 54293
17 30959 54294
17 30959 54295
17 30959 54296
17 30959 54297
17 30959 54298
17 30959 54299
17 30959 54300
17 30959 54301
17 30959 54302
17 30959 54303
17 30959 54304
17 30959 54305
17 30959 54306
17 30959 54307
17 30959 54308
17 30959 54309
17 30959 54310
17 30959 54311
17 30959 54312
18 61918 108517
3 1 3
4 3 6
4 3 6
5 7 13
5 7 13
6 15 26
6 15 26
7 30 52
7 30 52
7 30 53
7 30 53
8 60 105
8 60 105
8 60 106
8 60 106
