13 2340 3240
13 2340 3240
13 2340 3241
13 2340 3241
13 2342 3238
13 2342 3238
14 4681 6476
14 4681 6480
14 4681 6481
14 4681 6482
14 4684 6477
14 4685 6478
14 4685 6479
15 9362 12953
15 9362 12954
15 9362 12955
15 9362 12957
15 9362 12958
15 9362 12959
15 9362 12960
15 9362 12961
15 9362 12962
15 9362 12963
15 9362 12964
15 9362 12965
15 9368 12956
16 18724 25907
16 18724 25908
16 18724 25909
16 18724 25910
16 18724 25911
16 18724 25912
16 18724 25913
16 18724 25914
16 18724 25915
16 18724 25916
16 18724 25917
16 18724 25918
16 18724 25919
16 18724 25920
16 18724 25921
16 18724 25922
16 18724 25923
16 18724 25924
16 18724 25925
16 18724 25926
16 18724 25927
16 18724 25928
16 18724 25929
16 18724 25930
17 37449 51815
18 74898 103630
3 2 3
4 4 6
4 4 6
5 9 12
5 9 12
6 18 25
6 18 25
7 36 50
7 36 50
