13 1876 3461
13 1876 3462
13 1876 3464
13 1876 3465
13 1876 3466
13 1876 3467
13 1876 3468
13 1876 3469
13 1876 3470
13 1876 3471
13 1876 3472
13 1877 3461
13 1877 3467
13 1877 3468
13 1877 3469
13 1877 3470
13 1877 3471
13 1877 3472
13 1878 3461
13 1878 3471
13 1878 3472
13 1879 3461
13 1879 3472
13 1880 3472
13 1881 3472
13 1882 3461
13 1882 3462
13 1882 3463
13 1882 3471
13 1882 3472
13 1883 3461
13 1883 3462
13 1883 3463
13 1883 3464
13 1883 3465
13 1883 3466
13 1883 3471
13 1883 3472
13 1884 3461
13 1884 3462
13 1884 3463
13 1884 3464
13 1884 3465
13 1884 3466
13 1884 3467
13 1884 3468
13 1884 3469
13 1884 3470
13 1884 3471
13 1884 3472
