10 297 400
11 591 800
12 1183 1601
12 1183 1601
12 1183 1605
12 1183 1605
12 1183 1606
12 1183 1606
12 1183 1607
12 1183 1607
12 1183 1608
12 1183 1608
12 1183 1609
12 1183 1609
12 1183 1610
12 1183 1610
12 1184 1601
12 1184 1601
12 1184 1608
12 1184 1608
12 1184 1609
12 1184 1609
12 1184 1610
12 1184 1610
12 1185 1601
12 1185 1601
12 1188 1601
12 1188 1601
12 1188 1602
12 1188 1602
12 1188 1603
12 1188 1603
12 1188 1610
12 1188 1610
12 1189 1601
12 1189 1601
12 1189 1602
12 1189 1602
12 1189 1603
12 1189 1603
12 1189 1604
12 1189 1604
12 1189 1605
12 1189 1605
12 1189 1606
12 1189 1606
12 1189 1610
12 1189 1610
13 2366 3203
13 2366 3203
13 2366 3204
13 2366 3204
13 2366 3205
13 2366 3205
13 2366 3206
13 2366 3206
13 2366 3207
13 2366 3207
13 2366 3208
13 2366 3208
13 2366 3209
13 2366 3209
13 2366 3210
13 2366 3210
13 2366 3211
13 2366 3211
13 2366 3212
13 2366 3212
13 2366 3213
13 2366 3213
13 2366 3214
13 2366 3214
13 2366 3215
13 2366 3215
13 2366 3216
13 2366 3216
13 2366 3217
13 2366 3217
13 2366 3218
13 2366 3218
13 2366 3219
13 2366 3219
13 2366 3220
13 2366 3220
13 2366 3221
13 2366 3221
13 2367 3203
13 2367 3203
13 2367 3204
13 2367 3204
13 2367 3209
13 2367 3209
13 2367 3210
13 2367 3210
13 2367 3211
13 2367 3211
13 2367 3212
13 2367 3212
13 2367 3213
13 2367 3213
13 2367 3214
13 2367 3214
13 2367 3215
13 2367 3215
13 2367 3216
13 2367 3216
13 2367 3217
13 2367 3217
13 2367 3218
13 2367 3218
13 2367 3219
13 2367 3219
13 2367 3220
13 2367 3220
13 2367 3221
13 2367 3221
13 2368 3203
13 2368 3203
13 2368 3204
13 2368 3204
13 2368 3212
13 2368 3212
13 2368 3213
13 2368 3213
13 2368 3214
13 2368 3214
13 2368 3215
13 2368 3215
13 2368 3216
13 2368 3216
13 2368 3217
13 2368 3217
13 2368 3218
13 2368 3218
13 2368 3219
13 2368 3219
13 2368 3220
13 2368 3220
13 2368 3221
13 2368 3221
13 2369 3203
13 2369 3203
13 2369 3215
13 2369 3215
13 2369 3216
13 2369 3216
13 2369 3217
13 2369 3217
13 2369 3218
13 2369 3218
13 2369 3219
13 2369 3219
13 2369 3220
13 2369 3220
13 2369 3221
13 2369 3221
13 2370 3203
13 2370 3203
13 2370 3218
13 2370 3218
13 2370 3219
13 2370 3219
13 2370 3220
13 2370 3220
13 2370 3221
13 2370 3221
13 2371 3203
13 2371 3203
13 2371 3221
13 2371 3221
13 2373 3221
13 2373 3221
13 2374 3221
13 2374 3221
13 2375 3203
13 2375 3203
13 2375 3204
13 2375 3204
13 2375 3205
13 2375 3205
13 2375 3221
13 2375 3221
13 2376 3203
13 2376 3203
13 2376 3204
13 2376 3204
13 2376 3205
13 2376 3205
13 2376 3206
13 2376 3206
13 2376 3207
13 2376 3207
13 2376 3208
13 2376 3208
13 2376 3220
13 2376 3220
13 2376 3221
13 2376 3221
13 2377 3203
13 2377 3203
13 2377 3204
13 2377 3204
13 2377 3205
13 2377 3205
13 2377 3206
13 2377 3206
13 2377 3207
13 2377 3207
13 2377 3208
13 2377 3208
13 2377 3209
13 2377 3209
13 2377 3210
13 2377 3210
13 2377 3211
13 2377 3211
13 2377 3220
13 2377 3220
13 2377 3221
13 2377 3221
13 2378 3203
13 2378 3203
13 2378 3204
13 2378 3204
13 2378 3205
13 2378 3205
13 2378 3206
13 2378 3206
13 2378 3207
13 2378 3207
13 2378 3208
13 2378 3208
13 2378 3209
13 2378 3209
13 2378 3210
13 2378 3210
13 2378 3211
13 2378 3211
13 2378 3212
13 2378 3212
13 2378 3213
13 2378 3213
13 2378 3214
13 2378 3214
13 2378 3220
13 2378 3220
13 2378 3221
13 2378 3221
13 2379 3203
13 2379 3203
13 2379 3204
13 2379 3204
13 2379 3205
13 2379 3205
13 2379 3206
13 2379 3206
13 2379 3207
13 2379 3207
13 2379 3208
13 2379 3208
13 2379 3209
13 2379 3209
13 2379 3210
13 2379 3210
13 2379 3211
13 2379 3211
13 2379 3212
13 2379 3212
13 2379 3213
13 2379 3213
13 2379 3214
13 2379 3214
13 2379 3215
13 2379 3215
13 2379 3216
13 2379 3216
13 2379 3217
13 2379 3217
13 2379 3218
13 2379 3218
13 2379 3219
13 2379 3219
13 2379 3220
13 2379 3220
13 2379 3221
13 2379 3221
14 4733 6406
14 4733 6407
14 4733 6408
14 4733 6409
14 4733 6410
14 4733 6411
14 4733 6412
14 4733 6413
14 4733 6414
14 4733 6415
14 4733 6416
14 4733 6417
14 4733 6418
14 4733 6419
14 4733 6420
14 4733 6421
14 4733 6422
14 4733 6423
14 4733 6424
14 4733 6425
14 4733 6426
14 4733 6427
14 4733 6428
14 4733 6429
14 4733 6430
14 4733 6431
14 4733 6432
14 4733 6433
14 4733 6434
14 4733 6435
14 4733 6436
14 4733 6437
14 4733 6438
14 4733 6439
14 4733 6440
14 4733 6441
14 4733 6442
15 9467 12813
15 9467 12814
15 9467 12815
15 9467 12816
15 9467 12817
15 9467 12818
15 9467 12819
15 9467 12820
15 9467 12821
15 9467 12822
15 9467 12823
15 9467 12824
15 9467 12825
15 9467 12826
15 9467 12827
15 9467 12828
15 9467 12829
15 9467 12830
15 9467 12831
15 9467 12832
15 9467 12833
15 9467 12834
15 9467 12835
15 9467 12836
15 9467 12837
15 9467 12838
15 9467 12839
15 9467 12840
15 9467 12841
15 9467 12842
15 9467 12843
15 9467 12844
15 9467 12845
15 9467 12846
15 9467 12847
15 9467 12848
15 9467 12849
15 9467 12850
15 9467 12851
15 9467 12852
15 9467 12853
15 9467 12854
15 9467 12855
15 9467 12856
15 9467 12857
15 9467 12858
15 9467 12859
15 9467 12860
15 9467 12861
15 9467 12862
15 9467 12863
15 9467 12864
15 9467 12865
15 9467 12866
15 9467 12867
15 9467 12868
15 9467 12869
15 9467 12870
15 9467 12871
15 9467 12872
15 9467 12873
15 9467 12874
15 9467 12875
15 9467 12876
15 9467 12877
15 9467 12878
15 9467 12879
15 9467 12880
15 9467 12881
15 9467 12882
15 9467 12883
15 9467 12884
15 9483 12840
16 18935 25626
16 18935 25627
16 18935 25628
16 18935 25629
16 18935 25630
16 18935 25631
16 18935 25632
16 18935 25633
16 18935 25634
16 18935 25635
16 18935 25636
16 18935 25637
16 18935 25638
16 18935 25639
16 18935 25640
16 18935 25641
16 18935 25642
16 18935 25643
16 18935 25644
16 18935 25645
16 18935 25646
16 18935 25647
16 18935 25648
16 18935 25649
16 18935 25650
16 18935 25651
16 18935 25652
16 18935 25653
16 18935 25654
16 18935 25655
16 18935 25656
16 18935 25657
16 18935 25658
16 18935 25659
16 18935 25660
16 18935 25661
16 18935 25662
16 18935 25663
16 18935 25664
16 18935 25665
16 18935 25666
16 18935 25667
16 18935 25668
16 18935 25669
16 18935 25670
16 18935 25671
16 18935 25672
16 18935 25673
16 18935 25674
16 18935 25675
16 18935 25676
16 18935 25677
16 18935 25678
16 18935 25679
16 18935 25680
16 18935 25681
16 18935 25682
16 18935 25683
16 18935 25684
16 18935 25685
16 18935 25686
16 18935 25687
16 18935 25688
16 18935 25689
16 18935 25690
16 18935 25691
16 18935 25692
16 18935 25693
16 18935 25694
16 18935 25695
16 18935 25696
16 18935 25697
16 18935 25698
16 18935 25699
16 18935 25700
16 18935 25701
16 18935 25702
16 18935 25703
16 18935 25704
16 18935 25705
16 18935 25706
16 18935 25707
16 18935 25708
16 18935 25709
16 18935 25710
16 18935 25711
16 18935 25712
16 18935 25713
16 18935 25714
16 18935 25715
16 18935 25716
16 18935 25717
16 18935 25718
16 18935 25719
16 18935 25720
16 18935 25721
16 18935 25722
16 18935 25723
16 18935 25724
16 18935 25725
16 18935 25726
16 18935 25727
16 18935 25728
16 18935 25729
16 18935 25730
16 18935 25731
16 18935 25732
16 18935 25733
16 18935 25734
16 18935 25735
16 18935 25736
16 18935 25737
16 18935 25738
16 18935 25739
16 18935 25740
16 18935 25741
16 18935 25742
16 18935 25743
16 18935 25744
16 18935 25745
16 18935 25746
16 18935 25747
16 18935 25748
16 18935 25749
16 18935 25750
16 18935 25751
16 18935 25752
16 18935 25753
16 18935 25754
16 18935 25755
16 18935 25756
16 18935 25757
16 18935 25758
16 18935 25759
16 18935 25760
16 18935 25761
16 18935 25762
16 18935 25763
16 18935 25764
16 18935 25765
16 18935 25766
16 18935 25767
16 18935 25768
16 18935 25769
16 18967 25681
17 37870 51252
17 37870 51253
17 37870 51254
17 37870 51255
17 37870 51256
17 37870 51257
17 37870 51258
17 37870 51259
17 37870 51260
17 37870 51261
17 37870 51262
17 37870 51263
17 37870 51264
17 37870 51265
17 37870 51266
17 37870 51267
17 37870 51268
17 37870 51269
17 37870 51270
17 37870 51271
17 37870 51272
17 37870 51273
17 37870 51274
17 37870 51275
17 37870 51276
17 37870 51277
17 37870 51278
17 37870 51279
17 37870 51280
17 37870 51281
17 37870 51282
17 37870 51283
17 37870 51284
17 37870 51285
17 37870 51286
17 37870 51287
17 37870 51288
17 37870 51289
17 37870 51290
17 37870 51291
17 37870 51292
17 37870 51293
17 37870 51294
17 37870 51295
17 37870 51296
17 37870 51297
17 37870 51298
17 37870 51299
17 37870 51300
17 37870 51301
17 37870 51302
17 37870 51303
17 37870 51304
17 37870 51305
17 37870 51306
17 37870 51307
17 37870 51308
17 37870 51309
17 37870 51310
17 37870 51311
17 37870 51312
17 37870 51313
17 37870 51314
17 37870 51315
17 37870 51316
17 37870 51317
17 37870 51318
17 37870 51319
17 37870 51320
17 37870 51321
17 37870 51322
17 37870 51323
17 37870 51324
17 37870 51325
17 37870 51326
17 37870 51327
17 37870 51328
17 37870 51329
17 37870 51330
17 37870 51331
17 37870 51332
17 37870 51333
17 37870 51334
17 37870 51335
17 37870 51336
17 37870 51337
17 37870 51338
17 37870 51339
17 37870 51340
17 37870 51341
17 37870 51342
17 37870 51343
17 37870 51344
17 37870 51345
17 37870 51346
17 37870 51347
17 37870 51348
17 37870 51349
17 37870 51350
17 37870 51351
17 37870 51352
17 37870 51353
17 37870 51354
17 37870 51355
17 37870 51356
17 37870 51357
17 37870 51358
17 37870 51359
17 37870 51360
17 37870 51361
17 37870 51362
17 37870 51363
17 37870 51364
17 37870 51365
17 37870 51366
17 37870 51367
17 37870 51368
17 37870 51369
17 37870 51370
17 37870 51371
17 37870 51372
17 37870 51373
17 37870 51374
17 37870 51375
17 37870 51376
17 37870 51377
17 37870 51378
17 37870 51379
17 37870 51380
17 37870 51381
17 37870 51382
17 37870 51383
17 37870 51384
17 37870 51385
17 37870 51386
17 37870 51387
17 37870 51388
17 37870 51389
17 37870 51390
17 37870 51391
17 37870 51392
17 37870 51393
17 37870 51394
17 37870 51395
17 37870 51396
17 37870 51397
17 37870 51398
17 37870 51399
17 37870 51400
17 37870 51401
17 37870 51402
17 37870 51403
17 37870 51404
17 37870 51405
17 37870 51406
17 37870 51407
17 37870 51408
17 37870 51409
17 37870 51410
17 37870 51411
17 37870 51412
17 37870 51413
17 37870 51414
17 37870 51415
17 37870 51416
17 37870 51417
17 37870 51418
17 37870 51419
17 37870 51420
17 37870 51421
17 37870 51422
17 37870 51423
17 37870 51424
17 37870 51425
17 37870 51426
17 37870 51427
17 37870 51428
17 37870 51429
17 37870 51430
17 37870 51431
17 37870 51432
17 37870 51433
17 37870 51434
17 37870 51435
17 37870 51436
17 37870 51437
17 37870 51438
17 37870 51439
17 37870 51440
17 37870 51441
17 37870 51442
17 37870 51443
17 37870 51444
17 37870 51445
17 37870 51446
17 37870 51447
17 37870 51448
17 37870 51449
17 37870 51450
17 37870 51451
17 37870 51452
17 37870 51453
17 37870 51454
17 37870 51455
17 37870 51456
17 37870 51457
17 37870 51458
17 37870 51459
17 37870 51460
17 37870 51461
17 37870 51462
17 37870 51463
17 37870 51464
17 37870 51465
17 37870 51466
17 37870 51467
17 37870 51468
17 37870 51469
17 37870 51470
17 37870 51471
17 37870 51472
17 37870 51473
17 37870 51474
17 37870 51475
17 37870 51476
17 37870 51477
17 37870 51478
17 37870 51479
17 37870 51480
17 37870 51481
17 37870 51482
17 37870 51483
17 37870 51484
17 37870 51485
17 37870 51486
17 37870 51487
17 37870 51488
17 37870 51489
17 37870 51490
17 37870 51491
17 37870 51492
17 37870 51493
17 37870 51494
17 37870 51495
17 37870 51496
17 37870 51497
17 37870 51498
17 37870 51499
17 37870 51500
17 37870 51501
17 37870 51502
17 37870 51503
17 37870 51504
17 37870 51505
17 37870 51506
17 37870 51507
17 37870 51508
17 37870 51509
17 37870 51510
17 37870 51511
17 37870 51512
17 37870 51513
17 37870 51514
17 37870 51515
17 37870 51516
17 37870 51517
17 37870 51518
17 37870 51519
17 37870 51520
17 37870 51521
17 37870 51522
17 37870 51523
17 37870 51524
17 37870 51525
17 37870 51526
17 37870 51527
17 37870 51528
17 37870 51529
17 37870 51530
17 37870 51531
17 37870 51532
17 37870 51533
17 37870 51534
17 37870 51535
17 37870 51536
17 37870 51537
17 37870 51538
17 37870 51539
17 37935 51363
18 75741 102505
18 75870 102727
3 2 3
4 4 6
4 4 6
5 9 12
5 9 12
6 18 25
6 18 25
9 147 201
9 147 201
