12 1149 1643
12 1149 1643
13 2296 3283
13 2296 3283
13 2296 3284
13 2296 3284
13 2298 3286
13 2298 3286
13 2299 3284
13 2299 3284
13 2299 3285
13 2299 3285
13 2299 3286
13 2299 3286
14 4592 6566
14 4592 6567
14 4592 6568
14 4592 6569
14 4592 6570
14 4592 6572
14 4592 6573
14 4596 6571
15 9185 13133
15 9185 13134
15 9185 13135
15 9185 13136
15 9185 13137
15 9185 13138
15 9185 13139
15 9185 13140
15 9185 13141
15 9185 13142
15 9185 13144
15 9185 13145
15 9185 13146
15 9192 13143
16 18371 26266
16 18371 26267
16 18371 26268
16 18371 26269
16 18371 26270
16 18371 26271
16 18371 26272
16 18371 26273
16 18371 26274
16 18371 26275
16 18371 26276
16 18371 26277
16 18371 26278
16 18371 26279
16 18371 26280
16 18371 26281
16 18371 26282
16 18371 26283
16 18371 26284
16 18371 26285
16 18371 26286
16 18371 26287
16 18371 26288
16 18371 26289
16 18371 26290
16 18371 26291
16 18371 26292
17 36743 52532
18 73486 105064
3 2 3
4 4 6
4 4 6
5 8 12
5 8 12
6 17 25
6 17 25
7 35 51
7 35 51
