13 2350 3148
13 2350 3148
13 2350 3149
13 2350 3149
13 2350 3150
13 2350 3150
13 2350 3151
13 2350 3151
13 2350 3152
13 2350 3152
14 4700 6295
14 4700 6296
14 4700 6297
14 4700 6298
14 4700 6299
14 4700 6300
14 4700 6301
14 4700 6302
14 4700 6303
14 4700 6304
14 4700 6305
15 9400 12574
15 9400 12575
15 9400 12576
15 9400 12577
15 9400 12578
15 9400 12579
15 9400 12580
15 9400 12581
15 9400 12582
15 9400 12583
15 9400 12584
15 9400 12585
15 9400 12586
15 9400 12587
15 9400 12588
15 9400 12589
15 9400 12590
15 9400 12591
15 9400 12592
15 9400 12593
15 9400 12594
15 9400 12595
15 9400 12596
15 9400 12597
15 9400 12598
15 9400 12599
15 9400 12600
15 9400 12601
15 9400 12602
15 9400 12603
15 9400 12604
15 9400 12605
15 9400 12606
15 9400 12607
15 9400 12608
15 9400 12609
15 9400 12610
15 9400 12611
16 18801 25148
16 18801 25149
16 18801 25150
16 18801 25151
16 18801 25152
16 18801 25153
16 18801 25154
16 18801 25155
16 18801 25156
16 18801 25157
16 18801 25158
16 18801 25159
16 18801 25160
16 18801 25161
16 18801 25162
16 18801 25163
16 18801 25164
16 18801 25165
16 18801 25166
16 18801 25167
16 18801 25168
16 18801 25169
16 18801 25170
16 18801 25171
16 18801 25172
16 18801 25173
16 18801 25174
16 18801 25175
16 18801 25176
16 18801 25177
16 18801 25178
16 18801 25179
16 18801 25180
16 18801 25181
16 18801 25182
16 18801 25183
16 18801 25184
16 18801 25185
16 18801 25186
16 18801 25187
16 18801 25188
16 18801 25189
16 18801 25190
16 18801 25191
16 18801 25192
16 18801 25193
16 18801 25194
16 18801 25195
16 18801 25196
16 18801 25197
16 18801 25198
16 18801 25199
16 18801 25200
16 18801 25201
16 18801 25202
16 18801 25203
16 18801 25204
16 18801 25205
16 18801 25206
16 18801 25207
16 18801 25208
16 18801 25209
16 18801 25210
16 18801 25211
16 18801 25212
16 18801 25213
16 18801 25214
16 18801 25215
16 18801 25216
16 18801 25217
16 18801 25218
16 18801 25219
16 18801 25220
16 18801 25221
16 18801 25222
16 18801 25223
16 18886 25203
16 18888 25176
17 37602 50297
17 37602 50298
17 37602 50299
17 37602 50300
17 37602 50301
17 37602 50302
17 37602 50303
17 37602 50304
17 37602 50305
17 37602 50306
17 37602 50307
17 37602 50308
17 37602 50309
17 37602 50310
17 37602 50311
17 37602 50312
17 37602 50313
17 37602 50314
17 37602 50315
17 37602 50316
17 37602 50317
17 37602 50318
17 37602 50319
17 37602 50320
17 37602 50321
17 37602 50322
17 37602 50323
17 37602 50324
17 37602 50325
17 37602 50326
17 37602 50327
17 37602 50328
17 37602 50329
17 37602 50330
17 37602 50331
17 37602 50332
17 37602 50333
17 37602 50334
17 37602 50335
17 37602 50336
17 37602 50337
17 37602 50338
17 37602 50339
17 37602 50340
17 37602 50341
17 37602 50342
17 37602 50343
17 37602 50344
17 37602 50345
17 37602 50346
17 37602 50347
17 37602 50348
17 37602 50349
17 37602 50350
17 37602 50351
17 37602 50352
17 37602 50353
17 37602 50354
17 37602 50355
17 37602 50356
17 37602 50357
17 37602 50358
17 37602 50359
17 37602 50360
17 37602 50361
17 37602 50362
17 37602 50363
17 37602 50364
17 37602 50365
17 37602 50366
17 37602 50367
17 37602 50368
17 37602 50369
17 37602 50370
17 37602 50371
17 37602 50372
17 37602 50373
17 37602 50374
17 37602 50375
17 37602 50376
17 37602 50377
17 37602 50378
17 37602 50379
17 37602 50380
17 37602 50381
17 37602 50382
17 37602 50383
17 37602 50384
17 37602 50385
17 37602 50386
17 37602 50387
17 37602 50388
17 37602 50389
17 37602 50390
17 37602 50391
17 37602 50392
17 37602 50393
17 37602 50394
17 37602 50395
17 37602 50396
17 37602 50397
17 37602 50398
17 37602 50399
17 37602 50400
17 37602 50401
17 37602 50402
17 37602 50403
17 37602 50404
17 37602 50405
17 37602 50406
17 37602 50407
17 37602 50408
17 37602 50409
17 37602 50410
17 37602 50411
17 37602 50412
17 37602 50413
17 37602 50414
17 37602 50415
17 37602 50416
17 37602 50417
17 37602 50418
17 37602 50419
17 37602 50420
17 37602 50421
17 37602 50422
17 37602 50423
17 37602 50424
17 37602 50425
17 37602 50426
17 37602 50427
17 37602 50428
17 37602 50429
17 37602 50430
17 37602 50431
17 37602 50432
17 37602 50433
17 37602 50434
17 37602 50435
17 37602 50436
17 37602 50437
17 37602 50438
17 37602 50439
17 37602 50440
17 37602 50441
17 37602 50442
17 37602 50443
17 37602 50444
17 37602 50445
17 37602 50446
17 37773 50406
17 37776 50352
18 75204 100595
18 75204 100596
18 75204 100597
18 75204 100598
18 75204 100599
18 75204 100600
18 75204 100601
18 75204 100602
18 75204 100603
18 75204 100604
18 75204 100605
18 75204 100606
18 75204 100607
18 75204 100608
18 75204 100609
18 75204 100610
18 75204 100611
18 75204 100612
18 75204 100613
18 75204 100614
18 75204 100615
18 75204 100616
18 75204 100617
18 75204 100618
18 75204 100619
18 75204 100620
18 75204 100621
18 75204 100622
18 75204 100623
18 75204 100624
18 75204 100625
18 75204 100626
18 75204 100627
18 75204 100628
18 75204 100629
18 75204 100630
18 75204 100631
18 75204 100632
18 75204 100633
18 75204 100634
18 75204 100635
18 75204 100636
18 75204 100637
18 75204 100638
18 75204 100639
18 75204 100640
18 75204 100641
18 75204 100642
18 75204 100643
18 75204 100644
18 75204 100645
18 75204 100646
18 75204 100647
18 75204 100648
18 75204 100649
18 75204 100650
18 75204 100651
18 75204 100652
18 75204 100653
18 75204 100654
18 75204 100655
18 75204 100656
18 75204 100657
18 75204 100658
18 75204 100659
18 75204 100660
18 75204 100661
18 75204 100662
18 75204 100663
18 75204 100664
18 75204 100665
18 75204 100666
18 75204 100667
18 75204 100668
18 75204 100669
18 75204 100670
18 75204 100671
18 75204 100672
18 75204 100673
18 75204 100674
18 75204 100675
18 75204 100676
18 75204 100677
18 75204 100678
18 75204 100679
18 75204 100680
18 75204 100681
18 75204 100682
18 75204 100683
18 75204 100684
18 75204 100685
18 75204 100686
18 75204 100687
18 75204 100688
18 75204 100689
18 75204 100690
18 75204 100691
18 75204 100692
18 75204 100693
18 75204 100694
18 75204 100695
18 75204 100696
18 75204 100697
18 75204 100698
18 75204 100699
18 75204 100700
18 75204 100701
18 75204 100702
18 75204 100703
18 75204 100704
18 75204 100705
18 75204 100706
18 75204 100707
18 75204 100708
18 75204 100709
18 75204 100710
18 75204 100711
18 75204 100712
18 75204 100713
18 75204 100714
18 75204 100715
18 75204 100716
18 75204 100717
18 75204 100718
18 75204 100719
18 75204 100720
18 75204 100721
18 75204 100722
18 75204 100723
18 75204 100724
18 75204 100725
18 75204 100726
18 75204 100727
18 75204 100728
18 75204 100729
18 75204 100730
18 75204 100731
18 75204 100732
18 75204 100733
18 75204 100734
18 75204 100735
18 75204 100736
18 75204 100737
18 75204 100738
18 75204 100739
18 75204 100740
18 75204 100741
18 75204 100742
18 75204 100743
18 75204 100744
18 75204 100745
18 75204 100746
18 75204 100747
18 75204 100748
18 75204 100749
18 75204 100750
18 75204 100751
18 75204 100752
18 75204 100753
18 75204 100754
18 75204 100755
18 75204 100756
18 75204 100757
18 75204 100758
18 75204 100759
18 75204 100760
18 75204 100761
18 75204 100762
18 75204 100763
18 75204 100764
18 75204 100765
18 75204 100766
18 75204 100767
18 75204 100768
18 75204 100769
18 75204 100770
18 75204 100771
18 75204 100772
18 75204 100773
18 75204 100774
18 75204 100775
18 75204 100776
18 75204 100777
18 75204 100778
18 75204 100779
18 75204 100780
18 75204 100781
18 75204 100782
18 75204 100783
18 75204 100784
18 75204 100785
18 75204 100786
18 75204 100787
18 75204 100788
18 75204 100789
18 75204 100790
18 75204 100791
18 75204 100792
18 75204 100793
18 75204 100794
18 75204 100795
18 75204 100796
18 75204 100797
18 75204 100798
18 75204 100799
18 75204 100800
18 75204 100801
18 75204 100802
18 75204 100803
18 75204 100804
18 75204 100805
18 75204 100806
18 75204 100807
18 75204 100808
18 75204 100809
18 75204 100810
18 75204 100811
18 75204 100812
18 75204 100813
18 75204 100814
18 75204 100815
18 75204 100816
18 75204 100817
18 75204 100818
18 75204 100819
18 75204 100820
18 75204 100821
18 75204 100822
18 75204 100823
18 75204 100824
18 75204 100825
18 75204 100826
18 75204 100827
18 75204 100828
18 75204 100829
18 75204 100830
18 75204 100831
18 75204 100832
18 75204 100833
18 75204 100834
18 75204 100835
18 75204 100836
18 75204 100837
18 75204 100838
18 75204 100839
18 75204 100840
18 75204 100841
18 75204 100842
18 75204 100843
18 75204 100844
18 75204 100845
18 75204 100846
18 75204 100847
18 75204 100848
18 75204 100849
18 75204 100850
18 75204 100851
18 75204 100852
18 75204 100853
18 75204 100854
18 75204 100855
18 75204 100856
18 75204 100857
18 75204 100858
18 75204 100859
18 75204 100860
18 75204 100861
18 75204 100862
18 75204 100863
18 75204 100864
18 75204 100865
18 75204 100866
18 75204 100867
18 75204 100868
18 75204 100869
18 75204 100870
18 75204 100871
18 75204 100872
18 75204 100873
18 75204 100874
18 75204 100875
18 75204 100876
18 75204 100877
18 75204 100878
18 75204 100879
18 75204 100880
18 75204 100881
18 75204 100882
18 75204 100883
18 75204 100884
18 75204 100885
18 75204 100886
18 75204 100887
18 75204 100888
18 75204 100889
18 75204 100890
18 75204 100891
18 75204 100892
18 75546 100813
18 75553 100704
3 2 3
4 4 6
4 4 6
5 9 12
5 9 12
6 18 24
6 18 24
7 36 49
7 36 49
