12 1170 1567
12 1170 1567
12 1171 1567
12 1171 1567
13 2340 3132
13 2340 3132
13 2340 3133
13 2340 3133
13 2340 3134
13 2340 3134
13 2341 3134
13 2341 3134
13 2342 3132
13 2342 3132
13 2342 3134
13 2342 3134
14 4681 6265
14 4681 6266
14 4681 6267
14 4681 6268
14 4684 6268
15 9363 12530
15 9363 12531
15 9363 12532
15 9363 12533
15 9363 12534
15 9363 12535
15 9363 12536
15 9369 12533
15 9369 12535
15 9369 12536
16 18727 25060
16 18727 25061
16 18727 25062
16 18727 25063
16 18727 25064
16 18727 25065
16 18727 25066
16 18727 25067
16 18727 25068
16 18727 25069
16 18727 25070
16 18727 25071
16 18727 25072
16 18729 25062
16 18730 25061
16 18730 25063
16 18731 25064
16 18731 25065
16 18732 25064
16 18732 25065
16 18732 25067
16 18733 25066
16 18734 25067
16 18735 25067
16 18735 25068
16 18736 25066
16 18736 25067
16 18736 25068
16 18737 25068
16 18737 25069
16 18738 25067
16 18738 25068
16 18738 25069
16 18739 25066
16 18739 25068
16 18739 25069
16 18739 25070
16 18739 25072
17 37454 50121
17 37454 50122
17 37454 50123
17 37454 50124
17 37454 50125
17 37454 50126
17 37454 50127
17 37454 50128
17 37454 50129
17 37454 50130
17 37454 50131
17 37454 50132
17 37454 50133
17 37454 50134
17 37454 50135
17 37454 50136
17 37454 50137
17 37454 50138
17 37454 50139
17 37454 50140
17 37454 50141
17 37454 50142
17 37454 50143
17 37454 50144
18 74909 100242
18 74909 100243
18 74909 100244
18 74909 100245
18 74909 100246
18 74909 100247
18 74909 100248
18 74909 100249
18 74909 100250
18 74909 100251
18 74909 100252
18 74909 100253
18 74909 100254
18 74909 100255
18 74909 100256
18 74909 100257
18 74909 100258
18 74909 100259
18 74909 100260
18 74909 100261
18 74909 100262
18 74909 100263
18 74909 100264
18 74909 100265
18 74909 100266
18 74909 100267
18 74909 100268
18 74909 100269
18 74909 100270
18 74909 100271
18 74909 100272
18 74909 100273
18 74909 100274
18 74909 100275
18 74909 100276
18 74909 100277
18 74909 100278
18 74909 100279
18 74909 100280
18 74909 100281
18 74909 100282
18 74909 100283
18 74909 100284
18 74909 100285
18 74909 100286
18 74909 100287
18 74909 100288
18 74909 100289
3 2 3
4 4 6
4 4 6
5 9 12
5 9 12
6 18 24
6 18 24
7 36 48
7 36 48
