13 2254 3324
13 2254 3324
13 2254 3325
13 2254 3325
13 2254 3326
13 2254 3326
13 2254 3327
13 2254 3327
13 2254 3328
13 2254 3328
13 2254 3329
13 2254 3329
13 2254 3330
13 2254 3330
13 2254 3331
13 2254 3331
13 2254 3332
13 2254 3332
13 2254 3333
13 2254 3333
13 2255 3333
13 2255 3333
13 2256 3333
13 2256 3333
13 2257 3333
13 2257 3333
13 2258 3333
13 2258 3333
13 2259 3333
13 2259 3333
13 2260 3333
13 2260 3333
13 2261 3333
13 2261 3333
13 2262 3333
13 2262 3333
13 2263 3333
13 2263 3333
13 2264 3333
13 2264 3333
13 2265 3333
13 2265 3333
14 4509 6648
14 4509 6649
14 4509 6650
14 4509 6651
14 4509 6652
14 4509 6653
14 4509 6654
14 4509 6655
14 4509 6656
14 4509 6657
14 4509 6658
14 4509 6659
14 4509 6660
14 4509 6661
14 4509 6662
14 4509 6663
14 4509 6664
14 4509 6665
14 4509 6666
15 9019 13297
15 9019 13298
15 9019 13299
15 9019 13300
15 9019 13301
15 9019 13302
15 9019 13303
15 9019 13304
15 9019 13305
15 9019 13306
15 9019 13307
15 9019 13308
15 9019 13309
15 9019 13310
15 9019 13311
15 9019 13312
15 9019 13313
15 9019 13314
15 9019 13315
15 9019 13316
15 9019 13317
15 9019 13318
15 9019 13319
15 9019 13320
15 9019 13321
15 9019 13322
15 9019 13323
15 9019 13324
15 9019 13325
15 9019 13326
15 9019 13327
15 9019 13328
15 9019 13329
15 9019 13330
15 9019 13331
15 9019 13332
16 18038 26595
16 18038 26596
16 18038 26597
16 18038 26598
16 18038 26599
16 18038 26600
16 18038 26601
16 18038 26602
16 18038 26603
16 18038 26604
16 18038 26605
16 18038 26606
16 18038 26607
16 18038 26608
16 18038 26609
16 18038 26610
16 18038 26611
16 18038 26612
16 18038 26613
16 18038 26614
16 18038 26615
16 18038 26616
16 18038 26617
16 18038 26618
16 18038 26619
16 18038 26620
16 18038 26621
16 18038 26622
16 18038 26623
16 18038 26624
16 18038 26625
16 18038 26626
16 18038 26627
16 18038 26628
16 18038 26629
16 18038 26630
16 18038 26631
16 18038 26632
16 18038 26633
16 18038 26634
16 18038 26635
16 18038 26636
16 18038 26637
16 18038 26638
16 18038 26639
16 18038 26640
16 18038 26641
16 18038 26642
16 18038 26643
16 18038 26644
16 18038 26645
16 18038 26646
16 18038 26647
16 18038 26648
16 18038 26649
16 18038 26650
16 18038 26651
16 18038 26652
16 18038 26653
16 18038 26654
16 18038 26655
16 18038 26656
16 18038 26657
16 18038 26658
16 18038 26659
16 18038 26660
16 18038 26661
16 18038 26662
16 18038 26663
16 18038 26664
17 36077 53191
18 72155 106383
3 2 3
4 4 6
4 4 6
5 8 12
5 8 12
5 8 13
5 8 13
6 17 25
6 17 25
6 17 26
6 17 26
7 35 51
7 35 51
7 35 52
7 35 52
