12 1204 1549
12 1204 1549
12 1205 1549
12 1205 1549
12 1206 1549
12 1206 1549
12 1207 1549
12 1207 1549
12 1208 1549
12 1208 1549
12 1209 1549
12 1209 1549
12 1210 1549
12 1210 1549
12 1211 1549
12 1211 1549
12 1212 1549
12 1212 1549
12 1213 1549
12 1213 1549
12 1214 1549
12 1214 1549
12 1215 1549
12 1215 1549
13 2408 3098
13 2408 3098
13 2409 3098
13 2409 3098
13 2410 3098
13 2410 3098
13 2411 3098
13 2411 3098
13 2412 3098
13 2412 3098
13 2413 3098
13 2413 3098
13 2414 3098
13 2414 3098
13 2415 3098
13 2415 3098
13 2416 3098
13 2416 3098
13 2417 3098
13 2417 3098
13 2418 3098
13 2418 3098
13 2419 3098
13 2419 3098
13 2420 3098
13 2420 3098
13 2421 3098
13 2421 3098
13 2422 3098
13 2422 3098
13 2423 3098
13 2423 3098
13 2424 3098
13 2424 3098
13 2425 3098
13 2425 3098
13 2426 3098
13 2426 3098
13 2427 3098
13 2427 3098
13 2428 3098
13 2428 3098
13 2429 3098
13 2429 3098
13 2430 3098
13 2430 3098
13 2431 3079
13 2431 3079
13 2431 3080
13 2431 3080
13 2431 3081
13 2431 3081
13 2431 3082
13 2431 3082
13 2431 3083
13 2431 3083
13 2431 3084
13 2431 3084
13 2431 3085
13 2431 3085
13 2431 3086
13 2431 3086
13 2431 3087
13 2431 3087
13 2431 3088
13 2431 3088
13 2431 3089
13 2431 3089
13 2431 3090
13 2431 3090
13 2431 3091
13 2431 3091
13 2431 3092
13 2431 3092
13 2431 3093
13 2431 3093
13 2431 3094
13 2431 3094
13 2431 3095
13 2431 3095
13 2431 3096
13 2431 3096
13 2431 3097
13 2431 3097
13 2431 3098
13 2431 3098
14 4816 6158
14 4816 6159
14 4816 6160
14 4816 6161
14 4816 6162
14 4816 6163
14 4816 6164
14 4816 6165
14 4816 6166
14 4816 6167
14 4816 6168
14 4816 6169
14 4816 6170
14 4816 6171
14 4816 6172
14 4816 6173
14 4816 6174
14 4816 6175
14 4816 6176
14 4816 6177
14 4816 6178
14 4816 6179
14 4816 6180
14 4816 6181
14 4816 6182
14 4816 6183
14 4816 6184
14 4816 6185
14 4816 6186
14 4816 6187
14 4816 6188
14 4816 6189
14 4816 6190
14 4816 6191
14 4816 6192
14 4816 6193
14 4816 6194
14 4816 6195
14 4816 6196
15 9632 12317
15 9632 12318
15 9632 12319
15 9632 12320
15 9632 12321
15 9632 12322
15 9632 12323
15 9632 12324
15 9632 12325
15 9632 12326
15 9632 12327
15 9632 12328
15 9632 12329
15 9632 12330
15 9632 12331
15 9632 12332
15 9632 12333
15 9632 12334
15 9632 12335
15 9632 12336
15 9632 12337
15 9632 12338
15 9632 12339
15 9632 12340
15 9632 12341
15 9632 12342
15 9632 12343
15 9632 12344
15 9632 12345
15 9632 12346
15 9632 12347
15 9632 12348
15 9632 12349
15 9632 12350
15 9632 12351
15 9632 12352
15 9632 12353
15 9632 12354
15 9632 12355
15 9632 12356
15 9632 12357
15 9632 12358
15 9632 12359
15 9632 12360
15 9632 12361
15 9632 12362
15 9632 12363
15 9632 12364
15 9632 12365
15 9632 12366
15 9632 12367
15 9632 12368
15 9632 12369
15 9632 12370
15 9632 12371
15 9632 12372
15 9632 12373
15 9632 12374
15 9632 12375
15 9632 12376
15 9632 12377
15 9632 12378
15 9632 12379
15 9632 12380
15 9632 12381
15 9632 12382
15 9632 12383
15 9632 12384
15 9632 12385
15 9632 12386
15 9632 12387
15 9632 12388
15 9632 12389
15 9632 12390
15 9632 12391
15 9632 12392
16 19265 24634
16 19265 24635
16 19265 24636
16 19265 24637
16 19265 24638
16 19265 24639
16 19265 24640
16 19265 24641
16 19265 24642
16 19265 24643
16 19265 24644
16 19265 24645
16 19265 24646
16 19265 24647
16 19265 24648
16 19265 24649
16 19265 24650
16 19265 24651
16 19265 24652
16 19265 24653
16 19265 24654
16 19265 24655
16 19265 24656
16 19265 24657
16 19265 24658
16 19265 24659
16 19265 24660
16 19265 24661
16 19265 24662
16 19265 24663
16 19265 24664
16 19265 24665
16 19265 24666
16 19265 24667
16 19265 24668
16 19265 24669
16 19265 24670
16 19265 24671
16 19265 24672
16 19265 24673
16 19265 24674
16 19265 24675
16 19265 24676
16 19265 24677
16 19265 24678
16 19265 24679
16 19265 24680
16 19265 24681
16 19265 24682
16 19265 24683
16 19265 24684
16 19265 24685
16 19265 24686
16 19265 24687
16 19265 24688
16 19265 24689
16 19265 24690
16 19265 24691
16 19265 24692
16 19265 24693
16 19265 24694
16 19265 24695
16 19265 24696
16 19265 24697
16 19265 24698
16 19265 24699
16 19265 24700
16 19265 24701
16 19265 24702
16 19265 24703
16 19265 24704
16 19265 24705
16 19265 24706
16 19265 24707
16 19265 24708
16 19265 24709
16 19265 24710
16 19265 24711
16 19265 24712
16 19265 24713
16 19265 24714
16 19265 24715
16 19265 24716
16 19265 24717
16 19265 24718
16 19265 24719
16 19265 24720
16 19265 24721
16 19265 24722
16 19265 24723
16 19265 24724
16 19265 24725
16 19265 24726
16 19265 24727
16 19265 24728
16 19265 24729
16 19265 24730
16 19265 24731
16 19265 24732
16 19265 24733
16 19265 24734
16 19265 24735
16 19265 24736
16 19265 24737
16 19265 24738
16 19265 24739
16 19265 24740
16 19265 24741
16 19265 24742
16 19265 24743
16 19265 24744
16 19265 24745
16 19265 24746
16 19265 24747
16 19265 24748
16 19265 24749
16 19265 24750
16 19265 24751
16 19265 24752
16 19265 24753
16 19265 24754
16 19265 24755
16 19265 24756
16 19265 24757
16 19265 24758
16 19265 24759
16 19265 24760
16 19265 24761
16 19265 24762
16 19265 24763
16 19265 24764
16 19265 24765
16 19265 24766
16 19265 24767
16 19265 24768
16 19265 24769
16 19265 24770
16 19265 24771
16 19265 24772
16 19265 24773
16 19265 24774
16 19265 24775
16 19265 24776
16 19265 24777
16 19265 24778
16 19265 24779
16 19265 24780
16 19265 24781
16 19265 24782
16 19265 24783
16 19265 24784
16 19265 24785
17 38530 49268
18 77061 98537
3 2 3
4 4 6
4 4 6
5 9 12
5 9 12
6 18 24
6 18 24
