11 561 826
12 1122 1652
12 1122 1652
12 1122 1653
12 1122 1653
12 1122 1654
12 1122 1654
13 2242 3308
13 2242 3308
13 2242 3309
13 2242 3309
13 2242 3310
13 2242 3310
13 2244 3305
13 2244 3305
13 2244 3306
13 2244 3306
13 2244 3307
13 2244 3307
13 2244 3308
13 2244 3308
13 2244 3309
13 2244 3309
14 4485 6610
14 4485 6616
14 4485 6617
14 4485 6618
14 4485 6619
14 4485 6620
14 4488 6611
14 4488 6612
14 4488 6613
14 4488 6614
14 4488 6615
15 8971 13221
15 8971 13232
15 8971 13233
15 8971 13234
15 8971 13235
15 8971 13236
15 8971 13237
15 8971 13238
15 8971 13239
15 8971 13240
15 8975 13222
15 8975 13223
15 8976 13224
15 8976 13225
15 8976 13226
15 8976 13227
15 8976 13228
15 8976 13229
15 8976 13230
15 8976 13231
16 17942 26443
16 17942 26448
16 17942 26449
16 17942 26450
16 17942 26451
16 17942 26452
16 17942 26453
16 17942 26454
16 17942 26455
16 17942 26456
16 17942 26457
16 17942 26458
16 17942 26459
16 17942 26460
16 17942 26461
16 17942 26462
16 17942 26463
16 17942 26464
16 17942 26465
16 17942 26466
16 17942 26467
16 17942 26468
16 17942 26469
16 17942 26470
16 17942 26471
16 17942 26472
16 17942 26473
16 17942 26474
16 17942 26475
16 17942 26476
16 17942 26477
16 17942 26478
16 17942 26479
16 17942 26480
16 17942 26481
16 17950 26444
16 17950 26445
16 17950 26446
16 17950 26447
17 35885 52887
17 35885 52888
17 35885 52889
17 35885 52890
17 35885 52891
17 35885 52892
17 35885 52893
17 35885 52894
17 35885 52895
17 35885 52896
17 35885 52897
17 35885 52898
17 35885 52899
17 35885 52900
17 35885 52901
17 35885 52902
17 35885 52903
17 35885 52904
17 35885 52905
17 35885 52906
17 35885 52907
17 35885 52908
17 35885 52909
17 35885 52910
17 35885 52911
17 35885 52912
17 35885 52913
17 35885 52914
17 35885 52915
17 35885 52916
17 35885 52917
17 35885 52918
17 35885 52919
17 35885 52920
17 35885 52921
17 35885 52922
17 35885 52923
17 35885 52924
17 35885 52925
17 35885 52926
17 35885 52927
17 35885 52928
17 35885 52929
17 35885 52930
17 35885 52931
17 35885 52932
17 35885 52933
17 35885 52934
17 35885 52935
17 35885 52936
17 35885 52937
17 35885 52938
17 35885 52939
17 35885 52940
17 35885 52941
17 35885 52942
17 35885 52943
17 35885 52944
17 35885 52945
17 35885 52946
17 35885 52947
17 35885 52948
17 35885 52949
17 35885 52950
17 35885 52951
17 35885 52952
17 35885 52953
17 35885 52954
17 35885 52955
17 35885 52956
17 35885 52957
17 35885 52958
17 35885 52959
17 35885 52960
17 35885 52961
17 35885 52962
17 35885 52963
18 71770 105774
18 71770 105775
18 71770 105776
18 71770 105777
18 71770 105778
18 71770 105779
18 71770 105780
18 71770 105781
18 71770 105782
18 71770 105783
18 71770 105784
18 71770 105785
18 71770 105786
18 71770 105787
18 71770 105788
18 71770 105789
18 71770 105790
18 71770 105791
18 71770 105792
18 71770 105793
18 71770 105794
18 71770 105795
18 71770 105796
18 71770 105797
18 71770 105798
18 71770 105799
18 71770 105800
18 71770 105801
18 71770 105802
18 71770 105803
18 71770 105804
18 71770 105805
18 71770 105806
18 71770 105807
18 71770 105808
18 71770 105809
18 71770 105810
18 71770 105811
18 71770 105812
18 71770 105813
18 71770 105814
18 71770 105815
18 71770 105816
18 71770 105817
18 71770 105818
18 71770 105819
18 71770 105820
18 71770 105821
18 71770 105822
18 71770 105823
18 71770 105824
18 71770 105825
18 71770 105826
18 71770 105827
18 71770 105828
18 71770 105829
18 71770 105830
18 71770 105831
18 71770 105832
18 71770 105833
18 71770 105834
18 71770 105835
18 71770 105836
18 71770 105837
18 71770 105838
18 71770 105839
18 71770 105840
18 71770 105841
18 71770 105842
18 71770 105843
18 71770 105844
18 71770 105845
18 71770 105846
18 71770 105847
18 71770 105848
18 71770 105849
18 71770 105850
18 71770 105851
18 71770 105852
18 71770 105853
18 71770 105854
18 71770 105855
18 71770 105856
18 71770 105857
18 71770 105858
18 71770 105859
18 71770 105860
18 71770 105861
18 71770 105862
18 71770 105863
18 71770 105864
18 71770 105865
18 71770 105866
18 71770 105867
18 71770 105868
18 71770 105869
18 71770 105870
18 71770 105871
18 71770 105872
18 71770 105873
18 71770 105874
18 71770 105875
18 71770 105876
18 71770 105877
18 71770 105878
18 71770 105879
18 71770 105880
18 71770 105881
18 71770 105882
18 71770 105883
18 71770 105884
18 71770 105885
18 71770 105886
18 71770 105887
18 71770 105888
18 71770 105889
18 71770 105890
18 71770 105891
18 71770 105892
18 71770 105893
18 71770 105894
18 71770 105895
18 71770 105896
18 71770 105897
18 71770 105898
18 71770 105899
18 71770 105900
18 71770 105901
18 71770 105902
18 71770 105903
18 71770 105904
18 71770 105905
18 71770 105906
18 71770 105907
18 71770 105908
18 71770 105909
18 71770 105910
18 71770 105911
18 71770 105912
18 71770 105913
18 71770 105914
18 71770 105915
18 71770 105916
18 71770 105917
18 71770 105918
18 71770 105919
18 71770 105920
18 71770 105921
18 71770 105922
18 71770 105923
18 71770 105924
18 71770 105925
18 71770 105926
3 2 3
4 4 6
4 4 6
5 8 12
5 8 12
6 17 25
6 17 25
7 35 51
7 35 51
8 70 103
8 70 103
