11 560 828
12 1121 1656
12 1121 1656
12 1122 1654
12 1122 1654
13 2243 3312
13 2243 3312
13 2244 3309
13 2244 3309
13 2245 3309
13 2245 3309
14 4486 6618
14 4486 6619
14 4486 6622
14 4486 6623
14 4486 6624
14 4489 6620
14 4491 6621
15 8972 13237
15 8972 13238
15 8972 13239
15 8972 13240
15 8972 13243
15 8972 13244
15 8972 13245
15 8972 13246
15 8972 13247
15 8972 13248
15 8978 13241
15 8980 13242
16 17944 26475
16 17944 26476
16 17944 26477
16 17944 26478
16 17944 26479
16 17944 26480
16 17944 26481
16 17944 26482
16 17944 26483
16 17944 26485
16 17944 26486
16 17944 26487
16 17944 26488
16 17944 26489
16 17944 26490
16 17944 26491
16 17944 26492
16 17944 26493
16 17944 26494
16 17944 26495
16 17944 26496
16 17957 26484
17 35889 52950
18 71778 105900
3 2 3
4 4 6
4 4 6
5 8 12
5 8 12
6 17 25
6 17 25
7 35 51
7 35 51
8 70 103
8 70 103
