13 1899 3408
13 1899 3408
13 1899 3409
13 1899 3409
13 1899 3410
13 1899 3410
13 1899 3411
13 1899 3411
13 1899 3412
13 1899 3412
13 1899 3413
13 1899 3413
14 3794 6817
14 3794 6818
14 3794 6819
14 3794 6820
14 3794 6821
14 3794 6822
14 3794 6823
14 3794 6824
14 3794 6825
14 3794 6826
14 3794 6827
15 7589 13635
15 7589 13636
15 7589 13637
15 7589 13638
15 7589 13639
15 7589 13640
15 7589 13641
15 7589 13642
15 7589 13643
15 7589 13644
15 7589 13645
15 7589 13646
15 7589 13647
15 7589 13648
15 7589 13649
15 7589 13650
15 7589 13651
15 7589 13652
15 7589 13653
15 7589 13654
15 7589 13655
16 15179 27270
16 15179 27271
16 15179 27272
16 15179 27273
16 15179 27274
16 15179 27275
16 15179 27276
16 15179 27277
16 15179 27278
16 15179 27279
16 15179 27280
16 15179 27281
16 15179 27282
16 15179 27283
16 15179 27284
16 15179 27285
16 15179 27286
16 15179 27287
16 15179 27288
16 15179 27289
16 15179 27290
16 15179 27291
16 15179 27292
16 15179 27293
16 15179 27294
16 15179 27295
16 15179 27296
16 15179 27297
16 15179 27298
16 15179 27299
16 15179 27300
16 15179 27301
16 15179 27302
16 15179 27303
16 15179 27304
16 15179 27305
16 15179 27306
16 15179 27307
16 15179 27308
16 15179 27309
16 15179 27310
17 30358 54540
18 60716 109081
3 1 3
4 3 6
4 3 6
5 7 13
5 7 13
6 14 26
6 14 26
7 29 53
7 29 53
