12 1114 1705
12 1114 1706
12 1114 1707
12 1114 1708
12 1114 1709
12 1114 1710
12 1114 1711
12 1114 1712
12 1114 1713
12 1114 1714
12 1114 1715
12 1114 1716
12 1114 1717
12 1114 1718
12 1114 1719
12 1114 1720
12 1114 1721
12 1114 1722
12 1114 1723
12 1114 1724
12 1114 1725
12 1114 1726
12 1114 1727
12 1114 1728
12 1114 1729
12 1114 1730
12 1114 1731
12 1114 1732
12 1114 1733
12 1114 1734
12 1114 1735
12 1114 1736
12 1114 1737
12 1114 1738
12 1114 1739
12 1114 1740
12 1114 1741
12 1114 1742
12 1114 1743
12 1114 1744
12 1114 1745
12 1114 1746
12 1114 1747
12 1114 1748
12 1114 1749
12 1114 1750
12 1114 1751
12 1114 1752
12 1114 1753
12 1114 1754
12 1114 1755
12 1114 1756
12 1114 1757
12 1114 1758
12 1114 1759
12 1114 1760
12 1114 1761
12 1114 1762
12 1114 1763
12 1114 1764
12 1114 1765
12 1114 1766
12 1114 1767
12 1114 1768
12 1115 1705
12 1115 1706
12 1115 1707
12 1115 1708
12 1115 1709
12 1115 1710
12 1115 1711
12 1115 1712
12 1115 1713
12 1115 1714
12 1115 1715
12 1115 1716
12 1115 1717
12 1115 1718
12 1115 1719
12 1115 1720
12 1115 1721
12 1115 1722
12 1115 1723
12 1115 1724
12 1115 1725
12 1115 1726
12 1115 1727
12 1115 1728
12 1115 1729
12 1115 1730
12 1115 1731
12 1115 1732
12 1115 1733
12 1115 1734
12 1115 1735
12 1115 1736
12 1115 1737
12 1115 1738
12 1115 1739
12 1115 1740
12 1115 1741
12 1115 1765
12 1115 1766
12 1115 1767
12 1115 1768
12 1116 1705
12 1116 1706
12 1116 1767
12 1116 1768
12 1117 1705
12 1117 1706
12 1117 1767
12 1117 1768
12 1118 1705
12 1118 1706
12 1118 1767
12 1118 1768
12 1119 1705
12 1119 1706
12 1119 1767
12 1119 1768
12 1120 1705
12 1120 1706
12 1120 1767
12 1120 1768
12 1121 1705
12 1121 1706
12 1121 1767
12 1121 1768
12 1122 1705
12 1122 1706
12 1122 1767
12 1122 1768
12 1123 1705
12 1123 1706
12 1123 1767
12 1123 1768
12 1124 1705
12 1124 1706
12 1124 1767
12 1124 1768
12 1125 1705
12 1125 1706
12 1125 1767
12 1125 1768
12 1126 1705
12 1126 1706
12 1126 1767
12 1126 1768
12 1127 1705
12 1127 1706
12 1127 1767
12 1127 1768
12 1128 1705
12 1128 1706
12 1128 1767
12 1128 1768
12 1129 1705
12 1129 1706
12 1129 1767
12 1129 1768
12 1130 1705
12 1130 1706
12 1130 1767
12 1130 1768
12 1131 1705
12 1131 1706
12 1131 1767
12 1131 1768
12 1132 1705
12 1132 1706
12 1132 1767
12 1132 1768
12 1133 1705
12 1133 1706
12 1133 1767
12 1133 1768
12 1134 1705
12 1134 1706
12 1134 1767
12 1134 1768
12 1135 1705
12 1135 1706
12 1135 1767
12 1135 1768
12 1136 1705
12 1136 1706
12 1136 1767
12 1136 1768
12 1137 1705
12 1137 1706
12 1137 1767
12 1137 1768
12 1138 1705
12 1138 1706
12 1138 1767
12 1138 1768
12 1139 1705
12 1139 1706
12 1139 1767
12 1139 1768
12 1140 1705
12 1140 1706
12 1140 1767
12 1140 1768
12 1141 1705
12 1141 1706
12 1141 1767
12 1141 1768
12 1142 1705
12 1142 1706
12 1142 1767
12 1142 1768
12 1143 1705
12 1143 1706
12 1143 1767
12 1143 1768
12 1144 1705
12 1144 1706
12 1144 1767
12 1144 1768
12 1145 1705
12 1145 1706
12 1145 1767
12 1145 1768
12 1146 1705
12 1146 1706
12 1146 1767
12 1146 1768
12 1147 1705
12 1147 1706
12 1147 1767
12 1147 1768
12 1148 1705
12 1148 1706
12 1148 1767
12 1148 1768
12 1149 1705
12 1149 1706
12 1149 1767
12 1149 1768
12 1150 1705
12 1150 1706
12 1150 1767
12 1150 1768
12 1151 1705
12 1151 1706
12 1151 1767
12 1151 1768
12 1152 1705
12 1152 1706
12 1152 1767
12 1152 1768
12 1153 1705
12 1153 1706
12 1153 1767
12 1153 1768
12 1154 1705
12 1154 1706
12 1154 1707
12 1154 1708
12 1154 1709
12 1154 1710
12 1154 1711
12 1154 1712
12 1154 1713
12 1154 1714
12 1154 1715
12 1154 1716
12 1154 1717
12 1154 1718
12 1154 1719
12 1154 1720
12 1154 1721
12 1154 1722
12 1154 1723
12 1154 1724
12 1154 1725
12 1154 1726
12 1154 1727
12 1154 1728
12 1154 1729
12 1154 1730
12 1154 1731
12 1154 1732
12 1154 1733
12 1154 1734
12 1154 1735
12 1154 1736
12 1154 1737
12 1154 1738
12 1154 1739
12 1154 1740
12 1154 1741
12 1154 1742
12 1154 1743
12 1154 1744
12 1154 1745
12 1154 1746
12 1154 1747
12 1154 1748
12 1154 1749
12 1154 1750
12 1154 1751
12 1154 1752
12 1154 1753
12 1154 1754
12 1154 1755
12 1154 1756
12 1154 1757
12 1154 1758
12 1154 1759
12 1154 1760
12 1154 1761
12 1154 1762
12 1154 1763
12 1154 1764
12 1154 1765
12 1154 1766
12 1154 1767
12 1154 1768
12 1155 1705
12 1155 1706
12 1155 1707
12 1155 1708
12 1155 1709
12 1155 1710
12 1155 1711
12 1155 1712
12 1155 1713
12 1155 1714
12 1155 1715
12 1155 1716
12 1155 1717
12 1155 1718
12 1155 1719
12 1155 1720
12 1155 1721
12 1155 1722
12 1155 1723
12 1155 1724
12 1155 1725
12 1155 1726
12 1155 1727
12 1155 1728
12 1155 1729
12 1155 1730
12 1155 1731
12 1155 1732
12 1155 1733
12 1155 1734
12 1155 1735
12 1155 1736
12 1155 1737
12 1155 1738
12 1155 1739
12 1155 1740
12 1155 1741
12 1155 1742
12 1155 1743
12 1155 1744
12 1155 1745
12 1155 1746
12 1155 1747
12 1155 1748
12 1155 1749
12 1155 1750
12 1155 1751
12 1155 1752
12 1155 1753
12 1155 1754
12 1155 1755
12 1155 1756
12 1155 1757
12 1155 1758
12 1155 1759
12 1155 1760
12 1155 1761
12 1155 1762
12 1155 1763
12 1155 1764
12 1155 1765
12 1155 1766
12 1155 1767
12 1155 1768
4 4 6
5 8 13
6 17 27
7 35 54
8 71 108
9 139 221
9 140 221
9 141 221
9 142 216
9 142 221
9 143 221
9 144 221
