13 2277 3304
13 2277 3304
13 2278 3304
13 2278 3304
13 2279 3304
13 2279 3304
13 2280 3304
13 2280 3304
13 2281 3304
13 2281 3304
13 2282 3304
13 2282 3304
13 2283 3304
13 2283 3304
13 2284 3304
13 2284 3304
13 2285 3304
13 2285 3304
13 2286 3304
13 2286 3304
13 2287 3304
13 2287 3304
13 2288 3304
13 2288 3304
13 2289 3304
13 2289 3304
13 2290 3304
13 2290 3304
14 4554 6609
15 9109 13219
16 18218 26438
17 36436 52877
18 72873 105754
3 2 3
4 4 6
4 4 6
5 8 12
5 8 12
6 17 25
6 17 25
7 35 51
7 35 51
14 4554 6610
14 4554 6611
14 4554 6612
14 4554 6613
14 4554 6614
14 4554 6615
14 4554 6616
14 4554 6617
14 4554 6618
14 4554 6619
14 4554 6620
14 4554 6621
14 4554 6622
14 4554 6623
14 4554 6624
14 4554 6625
14 4554 6626
15 9109 13220
15 9109 13221
15 9109 13222
15 9109 13223
15 9109 13224
15 9109 13225
15 9109 13226
15 9109 13227
15 9109 13228
15 9109 13229
15 9109 13230
15 9109 13231
15 9109 13232
15 9109 13233
15 9109 13234
15 9109 13235
15 9109 13236
15 9109 13237
15 9109 13238
15 9109 13239
15 9109 13240
15 9109 13241
15 9109 13242
15 9109 13243
15 9109 13244
15 9109 13245
15 9109 13246
15 9109 13247
15 9109 13248
15 9109 13249
15 9109 13250
15 9109 13251
15 9109 13252
15 9109 13253
