10 254 422
11 509 845
12 1019 1691
12 1019 1691
12 1019 1692
12 1019 1692
12 1019 1693
12 1019 1693
12 1019 1694
12 1019 1694
12 1019 1695
12 1019 1695
12 1019 1696
12 1019 1696
12 1019 1697
12 1019 1697
12 1019 1698
12 1019 1698
12 1019 1699
12 1019 1699
12 1019 1700
12 1019 1700
12 1020 1691
12 1020 1691
12 1020 1692
12 1020 1692
12 1020 1696
12 1020 1696
12 1020 1697
12 1020 1697
12 1020 1698
12 1020 1698
12 1020 1699
12 1020 1699
12 1020 1700
12 1020 1700
12 1021 1691
12 1021 1691
12 1021 1692
12 1021 1692
12 1021 1698
12 1021 1698
12 1021 1699
12 1021 1699
12 1021 1700
12 1021 1700
12 1022 1691
12 1022 1691
12 1023 1691
12 1023 1691
12 1024 1691
12 1024 1691
12 1024 1692
12 1024 1692
12 1024 1693
12 1024 1693
12 1024 1694
12 1024 1694
12 1025 1691
12 1025 1691
12 1025 1692
12 1025 1692
12 1025 1693
12 1025 1693
12 1025 1694
12 1025 1694
12 1025 1695
12 1025 1695
12 1025 1696
12 1025 1696
12 1025 1700
12 1025 1700
13 2039 3383
13 2039 3383
13 2039 3384
13 2039 3384
13 2039 3385
13 2039 3385
13 2039 3386
13 2039 3386
13 2039 3387
13 2039 3387
13 2039 3388
13 2039 3388
13 2039 3389
13 2039 3389
13 2039 3390
13 2039 3390
13 2039 3391
13 2039 3391
13 2039 3392
13 2039 3392
13 2039 3393
13 2039 3393
13 2039 3394
13 2039 3394
13 2039 3395
13 2039 3395
13 2039 3396
13 2039 3396
13 2039 3397
13 2039 3397
13 2039 3398
13 2039 3398
13 2039 3399
13 2039 3399
13 2039 3400
13 2039 3400
13 2039 3401
13 2039 3401
13 2040 3383
13 2040 3383
13 2040 3384
13 2040 3384
13 2040 3385
13 2040 3385
13 2040 3386
13 2040 3386
13 2040 3389
13 2040 3389
13 2040 3390
13 2040 3390
13 2040 3391
13 2040 3391
13 2040 3392
13 2040 3392
13 2040 3393
13 2040 3393
13 2040 3394
13 2040 3394
13 2040 3395
13 2040 3395
13 2040 3396
13 2040 3396
13 2040 3397
13 2040 3397
13 2040 3398
13 2040 3398
13 2040 3399
13 2040 3399
13 2040 3400
13 2040 3400
13 2040 3401
13 2040 3401
13 2041 3383
13 2041 3383
13 2041 3384
13 2041 3384
13 2041 3385
13 2041 3385
13 2041 3386
13 2041 3386
13 2041 3391
13 2041 3391
13 2041 3392
13 2041 3392
13 2041 3393
13 2041 3393
13 2041 3394
13 2041 3394
13 2041 3395
13 2041 3395
13 2041 3396
13 2041 3396
13 2041 3397
13 2041 3397
13 2041 3398
13 2041 3398
13 2041 3399
13 2041 3399
13 2041 3400
13 2041 3400
13 2041 3401
13 2041 3401
13 2042 3383
13 2042 3383
13 2042 3384
13 2042 3384
13 2042 3385
13 2042 3385
13 2042 3394
13 2042 3394
13 2042 3395
13 2042 3395
13 2042 3396
13 2042 3396
13 2042 3397
13 2042 3397
13 2042 3398
13 2042 3398
13 2042 3399
13 2042 3399
13 2042 3400
13 2042 3400
13 2042 3401
13 2042 3401
13 2043 3383
13 2043 3383
13 2043 3384
13 2043 3384
13 2043 3385
13 2043 3385
13 2043 3396
13 2043 3396
13 2043 3397
13 2043 3397
13 2043 3398
13 2043 3398
13 2043 3399
13 2043 3399
13 2043 3400
13 2043 3400
13 2043 3401
13 2043 3401
13 2044 3383
13 2044 3383
13 2044 3384
13 2044 3384
13 2044 3385
13 2044 3385
13 2044 3398
13 2044 3398
13 2044 3399
13 2044 3399
13 2044 3400
13 2044 3400
13 2044 3401
13 2044 3401
13 2045 3383
13 2045 3383
13 2045 3384
13 2045 3384
13 2045 3401
13 2045 3401
13 2046 3383
13 2046 3383
13 2046 3384
13 2046 3384
13 2047 3383
13 2047 3383
13 2047 3384
13 2047 3384
13 2047 3385
13 2047 3385
13 2047 3386
13 2047 3386
13 2048 3383
13 2048 3383
13 2048 3384
13 2048 3384
13 2048 3385
13 2048 3385
13 2048 3386
13 2048 3386
13 2048 3387
13 2048 3387
13 2048 3388
13 2048 3388
13 2048 3389
13 2048 3389
13 2048 3401
13 2048 3401
13 2049 3383
13 2049 3383
13 2049 3384
13 2049 3384
13 2049 3385
13 2049 3385
13 2049 3386
13 2049 3386
13 2049 3387
13 2049 3387
13 2049 3388
13 2049 3388
13 2049 3389
13 2049 3389
13 2049 3390
13 2049 3390
13 2049 3391
13 2049 3391
13 2049 3401
13 2049 3401
13 2050 3383
13 2050 3383
13 2050 3384
13 2050 3384
13 2050 3385
13 2050 3385
13 2050 3386
13 2050 3386
13 2050 3387
13 2050 3387
13 2050 3388
13 2050 3388
13 2050 3389
13 2050 3389
13 2050 3390
13 2050 3390
13 2050 3391
13 2050 3391
13 2050 3392
13 2050 3392
13 2050 3393
13 2050 3393
13 2050 3400
13 2050 3400
13 2050 3401
13 2050 3401
13 2051 3383
13 2051 3383
13 2051 3384
13 2051 3384
13 2051 3385
13 2051 3385
13 2051 3386
13 2051 3386
13 2051 3387
13 2051 3387
13 2051 3388
13 2051 3388
13 2051 3389
13 2051 3389
13 2051 3390
13 2051 3390
13 2051 3391
13 2051 3391
13 2051 3392
13 2051 3392
13 2051 3393
13 2051 3393
13 2051 3394
13 2051 3394
13 2051 3395
13 2051 3395
13 2051 3396
13 2051 3396
13 2051 3400
13 2051 3400
13 2051 3401
13 2051 3401
14 4079 6766
14 4079 6767
14 4079 6768
14 4079 6769
14 4079 6770
14 4079 6771
14 4079 6772
14 4079 6773
14 4079 6774
14 4079 6775
14 4079 6776
14 4079 6777
14 4079 6778
14 4079 6779
14 4079 6780
14 4079 6781
14 4079 6782
14 4079 6783
14 4079 6784
14 4079 6785
14 4079 6786
14 4079 6787
14 4079 6788
14 4079 6789
14 4079 6790
14 4079 6791
14 4079 6792
14 4079 6793
14 4079 6794
14 4079 6795
14 4079 6796
14 4079 6797
14 4079 6798
14 4079 6799
14 4079 6800
14 4079 6801
14 4079 6802
14 4079 6803
14 4101 6780
15 8158 13532
15 8158 13533
15 8158 13534
15 8158 13535
15 8158 13536
15 8158 13537
15 8158 13538
15 8158 13539
15 8158 13540
15 8158 13541
15 8158 13542
15 8158 13543
15 8158 13544
15 8158 13545
15 8158 13546
15 8158 13547
15 8158 13548
15 8158 13549
15 8158 13550
15 8158 13551
15 8158 13552
15 8158 13553
15 8158 13554
15 8158 13555
15 8158 13556
15 8158 13557
15 8158 13558
15 8158 13559
15 8158 13560
15 8158 13561
15 8158 13562
15 8158 13563
15 8158 13564
15 8158 13565
15 8158 13566
15 8158 13567
15 8158 13568
15 8158 13569
15 8158 13570
15 8158 13571
15 8158 13572
15 8158 13573
15 8158 13574
15 8158 13575
15 8158 13576
15 8158 13577
15 8158 13578
15 8158 13579
15 8158 13580
15 8158 13581
15 8158 13582
15 8158 13583
15 8158 13584
15 8158 13585
15 8158 13586
15 8158 13587
15 8158 13588
15 8158 13589
15 8158 13590
15 8158 13591
15 8158 13592
15 8158 13593
15 8158 13594
15 8158 13595
15 8158 13596
15 8158 13597
15 8158 13598
15 8158 13599
15 8158 13600
15 8158 13601
15 8158 13602
15 8158 13603
15 8158 13604
15 8158 13605
15 8158 13606
15 8203 13560
16 16317 27064
16 16317 27065
16 16317 27066
16 16317 27067
16 16317 27068
16 16317 27069
16 16317 27070
16 16317 27071
16 16317 27072
16 16317 27073
16 16317 27074
16 16317 27075
16 16317 27076
16 16317 27077
16 16317 27078
16 16317 27079
16 16317 27080
16 16317 27081
16 16317 27082
16 16317 27083
16 16317 27084
16 16317 27085
16 16317 27086
16 16317 27087
16 16317 27088
16 16317 27089
16 16317 27090
16 16317 27091
16 16317 27092
16 16317 27093
16 16317 27094
16 16317 27095
16 16317 27096
16 16317 27097
16 16317 27098
16 16317 27099
16 16317 27100
16 16317 27101
16 16317 27102
16 16317 27103
16 16317 27104
16 16317 27105
16 16317 27106
16 16317 27107
16 16317 27108
16 16317 27109
16 16317 27110
16 16317 27111
16 16317 27112
16 16317 27113
16 16317 27114
16 16317 27115
16 16317 27116
16 16317 27117
16 16317 27118
16 16317 27119
16 16317 27120
16 16317 27121
16 16317 27122
16 16317 27123
16 16317 27124
16 16317 27125
16 16317 27126
16 16317 27127
16 16317 27128
16 16317 27129
16 16317 27130
16 16317 27131
16 16317 27132
16 16317 27133
16 16317 27134
16 16317 27135
16 16317 27136
16 16317 27137
16 16317 27138
16 16317 27139
16 16317 27140
16 16317 27141
16 16317 27142
16 16317 27143
16 16317 27144
16 16317 27145
16 16317 27146
16 16317 27147
16 16317 27148
16 16317 27149
16 16317 27150
16 16317 27151
16 16317 27152
16 16317 27153
16 16317 27154
16 16317 27155
16 16317 27156
16 16317 27157
16 16317 27158
16 16317 27159
16 16317 27160
16 16317 27161
16 16317 27162
16 16317 27163
16 16317 27164
16 16317 27165
16 16317 27166
16 16317 27167
16 16317 27168
16 16317 27169
16 16317 27170
16 16317 27171
16 16317 27172
16 16317 27173
16 16317 27174
16 16317 27175
16 16317 27176
16 16317 27177
16 16317 27178
16 16317 27179
16 16317 27180
16 16317 27181
16 16317 27182
16 16317 27183
16 16317 27184
16 16317 27185
16 16317 27186
16 16317 27187
16 16317 27188
16 16317 27189
16 16317 27190
16 16317 27191
16 16317 27192
16 16317 27193
16 16317 27194
16 16317 27195
16 16317 27196
16 16317 27197
16 16317 27198
16 16317 27199
16 16317 27200
16 16317 27201
16 16317 27202
16 16317 27203
16 16317 27204
16 16317 27205
16 16317 27206
16 16317 27207
16 16317 27208
16 16317 27209
16 16317 27210
16 16317 27211
16 16317 27212
16 16375 27137
16 16407 27120
17 32635 54128
18 65271 108256
3 1 3
3 2 3
4 3 6
4 3 6
4 4 6
4 4 6
5 7 13
5 7 13
5 8 13
5 8 13
6 15 26
6 15 26
6 16 26
6 16 26
7 31 52
7 31 52
7 31 53
7 31 53
7 32 52
7 32 52
7 32 53
7 32 53
