12 652 1433
12 652 1434
12 652 1435
12 653 1433
12 653 1434
12 653 1435
12 654 1428
12 654 1433
12 654 1434
12 654 1435
12 655 1428
12 655 1433
12 655 1434
12 655 1435
12 656 1428
12 656 1433
12 656 1434
12 656 1435
12 656 1436
12 657 1429
12 657 1430
12 657 1431
12 657 1432
12 657 1433
12 657 1434
12 657 1435
12 657 1436
12 658 1429
12 658 1430
12 658 1431
12 658 1432
12 658 1433
12 658 1434
12 658 1435
12 658 1436
12 659 1433
12 659 1434
12 659 1435
12 659 1436
12 660 1433
12 660 1434
12 660 1435
12 660 1436
12 661 1433
12 661 1434
12 661 1435
12 661 1436
13 1310 2858
13 1311 2858
13 1312 2858
14 2625 5727
14 2625 5728
14 2626 5727
14 2626 5728
14 2627 5725
14 2627 5726
14 2627 5727
14 2627 5728
14 2628 5722
14 2628 5723
14 2628 5724
14 2628 5725
14 2628 5726
14 2628 5727
14 2628 5728
14 2629 5722
14 2629 5723
14 2629 5724
14 2629 5725
14 2629 5726
14 2629 5727
14 2630 5722
14 2630 5723
14 2630 5724
14 2630 5725
14 2630 5726
14 2630 5727
17 20963 45783
17 20963 45784
17 20963 45785
17 20964 45783
17 20964 45784
17 20964 45785
17 20965 45783
17 20965 45784
17 20965 45785
17 20969 45784
17 20970 45784
17 20970 45785
17 20970 45786
17 20971 45784
17 20971 45785
17 20971 45786
17 20971 45787
17 20971 45788
17 20971 45789
17 20971 45790
17 20971 45791
17 20972 45784
17 20972 45785
17 20972 45786
17 20972 45787
17 20972 45788
17 20972 45789
17 20972 45790
17 20972 45791
17 20972 45792
17 20972 45793
17 20973 45785
17 20973 45786
17 20973 45787
17 20973 45788
17 20973 45789
17 20973 45790
17 20973 45791
17 20973 45792
17 20973 45793
