10 294 394
10 294 398
10 295 394
10 295 398
10 296 394
10 296 398
12 1177 1589
12 1177 1589
12 1178 1589
12 1178 1589
12 1179 1589
12 1179 1589
12 1180 1589
12 1180 1589
12 1181 1589
12 1181 1589
12 1182 1589
12 1182 1589
12 1183 1589
12 1183 1589
12 1184 1589
12 1184 1589
12 1185 1589
12 1185 1589
12 1186 1589
12 1186 1589
12 1187 1589
12 1187 1589
13 2354 3178
13 2354 3178
13 2355 3178
13 2355 3178
13 2356 3178
13 2356 3178
13 2357 3178
13 2357 3178
13 2358 3178
13 2358 3178
13 2359 3178
13 2359 3178
13 2360 3178
13 2360 3178
13 2361 3178
13 2361 3178
13 2362 3178
13 2362 3178
13 2363 3178
13 2363 3178
13 2364 3178
13 2364 3178
13 2365 3178
13 2365 3178
13 2366 3178
13 2366 3178
13 2367 3178
13 2367 3178
13 2368 3178
13 2368 3178
13 2369 3178
13 2369 3178
13 2370 3178
13 2370 3178
13 2371 3178
13 2371 3178
13 2372 3178
13 2372 3178
13 2373 3178
13 2373 3178
13 2374 3178
13 2374 3178
14 4708 6322
15 9417 12644
15 9435 12699
15 9437 12700
15 9441 12652
15 9471 12692
15 9475 12696
15 9490 12660
16 18834 25289
16 18870 25398
16 18874 25400
16 18882 25304
16 18943 25384
16 18950 25392
16 18980 25320
17 37669 50578
18 75338 101156
3 2 3
4 4 6
4 4 6
5 9 12
5 9 12
6 18 24
6 18 24
14 4708 6323
14 4708 6324
14 4708 6325
14 4708 6326
14 4708 6327
14 4708 6328
14 4708 6329
14 4708 6330
14 4708 6331
14 4708 6332
14 4708 6333
14 4708 6334
14 4708 6335
14 4708 6336
14 4708 6337
14 4708 6338
14 4708 6339
14 4708 6340
14 4708 6341
14 4708 6342
14 4708 6343
14 4708 6344
14 4708 6345
14 4708 6346
14 4708 6347
14 4708 6348
14 4708 6349
14 4708 6350
14 4708 6351
14 4708 6352
14 4708 6353
14 4708 6354
14 4708 6355
14 4708 6356
15 9417 12645
15 9417 12646
15 9417 12647
15 9417 12648
15 9417 12649
15 9417 12650
15 9417 12651
15 9417 12652
15 9417 12653
15 9417 12654
15 9417 12655
15 9417 12656
15 9417 12657
15 9417 12658
15 9417 12659
15 9417 12660
15 9417 12661
15 9417 12662
15 9417 12663
15 9417 12664
15 9417 12665
15 9417 12666
15 9417 12667
15 9417 12668
15 9417 12669
15 9417 12670
15 9417 12671
15 9417 12672
15 9417 12673
15 9417 12674
15 9417 12675
15 9417 12676
15 9417 12677
15 9417 12678
15 9417 12679
15 9417 12680
15 9417 12681
15 9417 12682
15 9417 12683
15 9417 12684
15 9417 12685
15 9417 12686
15 9417 12687
15 9417 12688
15 9417 12689
15 9417 12690
15 9417 12691
15 9417 12692
15 9417 12693
15 9417 12694
15 9417 12695
15 9417 12696
15 9417 12697
15 9417 12698
15 9417 12699
15 9417 12700
15 9417 12701
15 9417 12702
15 9417 12703
15 9417 12704
15 9417 12705
15 9417 12706
15 9417 12707
15 9417 12708
15 9417 12709
15 9417 12710
15 9417 12711
15 9417 12712
15 9417 12713
