13 2301 3273
13 2301 3274
13 2301 3275
13 2301 3276
13 2301 3279
13 2302 3273
13 2302 3274
13 2302 3275
13 2302 3276
13 2303 3273
13 2303 3274
13 2303 3275
13 2304 3273
13 2304 3274
13 2304 3275
13 2304 3279
13 2305 3273
13 2305 3274
13 2305 3275
13 2305 3279
13 2306 3273
13 2306 3274
13 2306 3279
13 2307 3273
13 2307 3274
13 2307 3278
13 2307 3279
13 2308 3273
13 2308 3274
13 2308 3278
13 2308 3279
13 2309 3273
13 2309 3278
13 2309 3279
13 2310 3273
13 2310 3277
13 2310 3278
13 2310 3279
13 2311 3273
13 2311 3277
13 2311 3278
13 2311 3279
13 2312 3277
13 2312 3278
13 2312 3279
13 2313 3276
13 2313 3277
13 2313 3278
13 2313 3279
13 2314 3276
13 2314 3277
13 2314 3278
13 2314 3279
13 2315 3276
13 2315 3277
13 2315 3278
13 2315 3279
13 2316 3273
13 2316 3274
13 2316 3275
13 2316 3276
13 2316 3277
13 2316 3278
13 2316 3279
