10 234 429
11 469 858
11 469 858
12 938 1716
12 938 1716
12 938 1717
12 938 1717
12 938 1718
12 938 1718
12 938 1719
12 938 1719
12 938 1720
12 938 1720
12 938 1721
12 938 1721
12 938 1722
12 938 1722
12 938 1723
12 938 1723
12 939 1716
12 939 1716
12 939 1717
12 939 1717
12 939 1718
12 939 1718
12 939 1719
12 939 1719
12 939 1720
12 939 1720
12 940 1716
12 940 1716
12 940 1717
12 940 1717
12 940 1718
12 940 1718
12 941 1716
12 941 1716
12 942 1716
12 942 1716
12 942 1722
12 942 1722
12 942 1723
12 942 1723
12 943 1716
12 943 1716
12 943 1720
12 943 1720
12 943 1721
12 943 1721
12 943 1722
12 943 1722
12 943 1723
12 943 1723
13 1877 3432
13 1877 3432
13 1877 3433
13 1877 3433
13 1877 3434
13 1877 3434
13 1877 3435
13 1877 3435
13 1877 3436
13 1877 3436
13 1877 3437
13 1877 3437
13 1877 3438
13 1877 3438
13 1877 3439
13 1877 3439
13 1877 3440
13 1877 3440
13 1877 3441
13 1877 3441
13 1877 3442
13 1877 3442
13 1877 3443
13 1877 3443
13 1877 3444
13 1877 3444
13 1877 3445
13 1877 3445
13 1877 3446
13 1877 3446
13 1877 3447
13 1877 3447
13 1878 3432
13 1878 3432
13 1878 3433
13 1878 3433
13 1878 3434
13 1878 3434
13 1878 3435
13 1878 3435
13 1878 3436
13 1878 3436
13 1878 3437
13 1878 3437
13 1878 3438
13 1878 3438
13 1878 3439
13 1878 3439
13 1878 3440
13 1878 3440
13 1878 3441
13 1878 3441
13 1878 3442
13 1878 3442
13 1878 3443
13 1878 3443
13 1878 3444
13 1878 3444
13 1878 3446
13 1878 3446
13 1878 3447
13 1878 3447
13 1879 3432
13 1879 3432
13 1879 3433
13 1879 3433
13 1879 3434
13 1879 3434
13 1879 3435
13 1879 3435
13 1879 3436
13 1879 3436
13 1879 3437
13 1879 3437
13 1879 3438
13 1879 3438
13 1879 3439
13 1879 3439
13 1879 3440
13 1879 3440
13 1879 3441
13 1879 3441
13 1879 3442
13 1879 3442
13 1879 3447
13 1879 3447
13 1880 3432
13 1880 3432
13 1880 3433
13 1880 3433
13 1880 3434
13 1880 3434
13 1880 3435
13 1880 3435
13 1880 3436
13 1880 3436
13 1880 3437
13 1880 3437
13 1880 3438
13 1880 3438
13 1880 3439
13 1880 3439
13 1880 3440
13 1880 3440
13 1880 3447
13 1880 3447
13 1881 3432
13 1881 3432
13 1881 3433
13 1881 3433
13 1881 3434
13 1881 3434
13 1881 3435
13 1881 3435
13 1881 3436
13 1881 3436
13 1881 3437
13 1881 3437
13 1882 3432
13 1882 3432
13 1882 3433
13 1882 3433
13 1882 3434
13 1882 3434
13 1882 3435
13 1882 3435
13 1883 3432
13 1883 3432
13 1883 3433
13 1883 3433
13 1883 3445
13 1883 3445
13 1883 3446
13 1883 3446
13 1883 3447
13 1883 3447
13 1884 3432
13 1884 3432
13 1884 3433
13 1884 3433
13 1884 3443
13 1884 3443
13 1884 3444
13 1884 3444
13 1884 3445
13 1884 3445
13 1884 3446
13 1884 3446
13 1884 3447
13 1884 3447
13 1885 3432
13 1885 3432
13 1885 3433
13 1885 3433
13 1885 3434
13 1885 3434
13 1885 3441
13 1885 3441
13 1885 3442
13 1885 3442
13 1885 3443
13 1885 3443
13 1885 3444
13 1885 3444
13 1885 3445
13 1885 3445
13 1885 3446
13 1885 3446
13 1885 3447
13 1885 3447
13 1886 3432
13 1886 3432
13 1886 3433
13 1886 3433
13 1886 3434
13 1886 3434
13 1886 3439
13 1886 3439
13 1886 3440
13 1886 3440
13 1886 3441
13 1886 3441
13 1886 3442
13 1886 3442
13 1886 3443
13 1886 3443
13 1886 3444
13 1886 3444
13 1886 3445
13 1886 3445
13 1886 3446
13 1886 3446
13 1886 3447
13 1886 3447
13 1887 3432
13 1887 3432
13 1887 3433
13 1887 3433
13 1887 3434
13 1887 3434
13 1887 3435
13 1887 3435
13 1887 3436
13 1887 3436
13 1887 3437
13 1887 3437
13 1887 3438
13 1887 3438
13 1887 3439
13 1887 3439
13 1887 3440
13 1887 3440
13 1887 3441
13 1887 3441
13 1887 3442
13 1887 3442
13 1887 3443
13 1887 3443
13 1887 3444
13 1887 3444
13 1887 3445
13 1887 3445
13 1887 3446
13 1887 3446
13 1887 3447
13 1887 3447
14 3755 6865
14 3755 6866
14 3755 6867
14 3755 6868
14 3755 6869
14 3755 6870
14 3755 6871
14 3755 6872
14 3755 6873
14 3755 6874
14 3755 6875
14 3755 6876
14 3755 6877
14 3755 6878
14 3755 6879
14 3755 6880
14 3755 6881
14 3755 6882
14 3755 6883
14 3755 6884
14 3755 6885
14 3755 6886
14 3755 6887
14 3755 6888
14 3755 6889
14 3755 6890
14 3755 6891
14 3755 6892
14 3755 6893
14 3755 6894
14 3774 6865
15 7510 13731
15 7510 13732
15 7510 13733
15 7510 13734
15 7510 13735
15 7510 13736
15 7510 13737
15 7510 13738
15 7510 13739
15 7510 13740
15 7510 13741
15 7510 13742
15 7510 13743
15 7510 13744
15 7510 13745
15 7510 13746
15 7510 13747
15 7510 13748
15 7510 13749
15 7510 13750
15 7510 13751
15 7510 13752
15 7510 13753
15 7510 13754
15 7510 13755
15 7510 13756
15 7510 13757
15 7510 13758
15 7510 13759
15 7510 13760
15 7510 13761
15 7510 13762
15 7510 13763
15 7510 13764
15 7510 13765
15 7510 13766
15 7510 13767
15 7510 13768
15 7510 13769
15 7510 13770
15 7510 13771
15 7510 13772
15 7510 13773
15 7510 13774
15 7510 13775
15 7510 13776
15 7510 13777
15 7510 13778
15 7510 13779
15 7510 13780
15 7510 13781
15 7510 13782
15 7510 13783
15 7510 13784
15 7510 13785
15 7510 13786
15 7510 13787
15 7510 13788
15 7510 13789
15 7548 13731
16 15021 27462
16 15021 27463
16 15021 27464
16 15021 27465
16 15021 27466
16 15021 27467
16 15021 27468
16 15021 27469
16 15021 27470
16 15021 27471
16 15021 27472
16 15021 27473
16 15021 27474
16 15021 27475
16 15021 27476
16 15021 27477
16 15021 27478
16 15021 27479
16 15021 27480
16 15021 27481
16 15021 27482
16 15021 27483
16 15021 27484
16 15021 27485
16 15021 27486
16 15021 27487
16 15021 27488
16 15021 27489
16 15021 27490
16 15021 27491
16 15021 27492
16 15021 27493
16 15021 27494
16 15021 27495
16 15021 27496
16 15021 27497
16 15021 27498
16 15021 27499
16 15021 27500
16 15021 27501
16 15021 27502
16 15021 27503
16 15021 27504
16 15021 27505
16 15021 27506
16 15021 27507
16 15021 27508
16 15021 27509
16 15021 27510
16 15021 27511
16 15021 27512
16 15021 27513
16 15021 27514
16 15021 27515
16 15021 27516
16 15021 27517
16 15021 27518
16 15021 27519
16 15021 27520
16 15021 27521
16 15021 27522
16 15021 27523
16 15021 27524
16 15021 27525
16 15021 27526
16 15021 27527
16 15021 27528
16 15021 27529
16 15021 27530
16 15021 27531
16 15021 27532
16 15021 27533
16 15021 27534
16 15021 27535
16 15021 27536
16 15021 27537
16 15021 27538
16 15021 27539
16 15021 27540
16 15021 27541
16 15021 27542
16 15021 27543
16 15021 27544
16 15021 27545
16 15021 27546
16 15021 27547
16 15021 27548
16 15021 27549
16 15021 27550
16 15021 27551
16 15021 27552
16 15021 27553
16 15021 27554
16 15021 27555
16 15021 27556
16 15021 27557
16 15021 27558
16 15021 27559
16 15021 27560
16 15021 27561
16 15021 27562
16 15021 27563
16 15021 27564
16 15021 27565
16 15021 27566
16 15021 27567
16 15021 27568
16 15021 27569
16 15021 27570
16 15021 27571
16 15021 27572
16 15021 27573
16 15021 27574
16 15021 27575
16 15021 27576
16 15021 27577
16 15021 27578
16 15096 27462
17 30042 54924
17 30042 54925
17 30042 54926
17 30042 54927
17 30042 54928
17 30042 54929
17 30042 54930
17 30042 54931
17 30042 54932
17 30042 54933
17 30042 54934
17 30042 54935
17 30042 54936
17 30042 54937
17 30042 54938
17 30042 54939
17 30042 54940
17 30042 54941
17 30042 54942
17 30042 54943
17 30042 54944
17 30042 54945
17 30042 54946
17 30042 54947
17 30042 54948
17 30042 54949
17 30042 54950
17 30042 54951
17 30042 54952
17 30042 54953
17 30042 54954
17 30042 54955
17 30042 54956
17 30042 54957
17 30042 54958
17 30042 54959
17 30042 54960
17 30042 54961
17 30042 54962
17 30042 54963
17 30042 54964
17 30042 54965
17 30042 54966
17 30042 54967
17 30042 54968
17 30042 54969
17 30042 54970
17 30042 54971
17 30042 54972
17 30042 54973
17 30042 54974
17 30042 54975
17 30042 54976
17 30042 54977
17 30042 54978
17 30042 54979
17 30042 54980
17 30042 54981
17 30042 54982
17 30042 54983
17 30042 54984
17 30042 54985
17 30042 54986
17 30042 54987
17 30042 54988
17 30042 54989
17 30042 54990
17 30042 54991
17 30042 54992
17 30042 54993
17 30042 54994
17 30042 54995
17 30042 54996
17 30042 54997
17 30042 54998
17 30042 54999
17 30042 55000
17 30042 55001
17 30042 55002
17 30042 55003
17 30042 55004
17 30042 55005
17 30042 55006
17 30042 55007
17 30042 55008
17 30042 55009
17 30042 55010
17 30042 55011
17 30042 55012
17 30042 55013
17 30042 55014
17 30042 55015
17 30042 55016
17 30042 55017
17 30042 55018
17 30042 55019
17 30042 55020
17 30042 55021
17 30042 55022
17 30042 55023
17 30042 55024
17 30042 55025
17 30042 55026
17 30042 55027
17 30042 55028
17 30042 55029
17 30042 55030
17 30042 55031
17 30042 55032
17 30042 55033
17 30042 55034
17 30042 55035
17 30042 55036
17 30042 55037
17 30042 55038
17 30042 55039
17 30042 55040
17 30042 55041
17 30042 55042
17 30042 55043
17 30042 55044
17 30042 55045
17 30042 55046
17 30042 55047
17 30042 55048
17 30042 55049
17 30042 55050
17 30042 55051
17 30042 55052
17 30042 55053
17 30042 55054
17 30042 55055
17 30042 55056
17 30042 55057
17 30042 55058
17 30042 55059
17 30042 55060
17 30042 55061
17 30042 55062
17 30042 55063
17 30042 55064
17 30042 55065
17 30042 55066
17 30042 55067
17 30042 55068
17 30042 55069
17 30042 55070
17 30042 55071
17 30042 55072
17 30042 55073
17 30042 55074
17 30042 55075
17 30042 55076
17 30042 55077
17 30042 55078
17 30042 55079
17 30042 55080
17 30042 55081
17 30042 55082
17 30042 55083
17 30042 55084
17 30042 55085
17 30042 55086
17 30042 55087
17 30042 55088
17 30042 55089
17 30042 55090
17 30042 55091
17 30042 55092
17 30042 55093
17 30042 55094
17 30042 55095
17 30042 55096
17 30042 55097
17 30042 55098
17 30042 55099
17 30042 55100
17 30042 55101
17 30042 55102
17 30042 55103
17 30042 55104
17 30042 55105
17 30042 55106
17 30042 55107
17 30042 55108
17 30042 55109
17 30042 55110
17 30042 55111
17 30042 55112
17 30042 55113
17 30042 55114
17 30042 55115
17 30042 55116
17 30042 55117
17 30042 55118
17 30042 55119
17 30042 55120
17 30042 55121
17 30042 55122
17 30042 55123
17 30042 55124
17 30042 55125
17 30042 55126
17 30042 55127
17 30042 55128
17 30042 55129
17 30042 55130
17 30042 55131
17 30042 55132
17 30042 55133
17 30042 55134
17 30042 55135
17 30042 55136
17 30042 55137
17 30042 55138
17 30042 55139
17 30042 55140
17 30042 55141
17 30042 55142
17 30042 55143
17 30042 55144
17 30042 55145
17 30042 55146
17 30042 55147
17 30042 55148
17 30042 55149
17 30042 55150
17 30042 55151
17 30042 55152
17 30042 55153
17 30042 55154
17 30042 55155
17 30042 55156
17 30042 55157
18 60085 109848
3 1 3
4 3 6
4 3 6
5 7 13
5 7 13
6 14 26
6 14 26
7 29 53
7 29 53
8 58 107
8 58 107
