13 2100 3366
13 2100 3367
13 2100 3368
13 2100 3369
13 2100 3370
13 2100 3371
13 2100 3372
13 2100 3373
13 2100 3374
13 2101 3366
13 2101 3367
13 2101 3368
13 2101 3369
13 2101 3370
13 2101 3374
13 2102 3366
13 2102 3367
13 2102 3368
13 2102 3369
13 2102 3374
13 2103 3366
13 2103 3367
13 2103 3368
13 2103 3369
13 2103 3373
13 2103 3374
13 2104 3366
13 2104 3367
13 2104 3368
13 2104 3369
13 2104 3373
13 2104 3374
13 2105 3366
13 2105 3367
13 2105 3368
13 2105 3373
13 2105 3374
13 2106 3366
13 2106 3367
13 2106 3368
13 2106 3373
13 2106 3374
13 2107 3366
13 2107 3367
13 2107 3368
13 2107 3369
13 2107 3374
13 2108 3366
13 2108 3367
13 2108 3368
13 2108 3374
13 2109 3366
13 2109 3367
13 2109 3368
13 2109 3373
13 2109 3374
13 2110 3366
13 2110 3367
13 2110 3373
13 2110 3374
13 2111 3366
13 2111 3367
13 2111 3373
13 2111 3374
13 2112 3366
13 2112 3367
13 2112 3373
13 2112 3374
13 2113 3366
13 2113 3367
13 2113 3372
13 2113 3373
13 2113 3374
13 2114 3366
13 2114 3372
13 2114 3373
13 2114 3374
13 2115 3366
13 2115 3367
13 2115 3372
13 2115 3373
13 2115 3374
