10 293 405
11 589 807
11 589 808
12 1175 1619
12 1175 1619
12 1175 1620
12 1175 1620
12 1175 1621
12 1175 1621
12 1175 1622
12 1175 1622
12 1176 1622
12 1176 1622
12 1177 1622
12 1177 1622
12 1178 1614
12 1178 1614
12 1178 1615
12 1178 1615
12 1178 1616
12 1178 1616
12 1178 1617
12 1178 1617
12 1178 1618
12 1178 1618
12 1178 1619
12 1178 1619
12 1178 1620
12 1178 1620
12 1178 1621
12 1178 1621
12 1178 1622
12 1178 1622
13 2351 3237
13 2351 3237
13 2351 3238
13 2351 3238
13 2351 3239
13 2351 3239
13 2351 3240
13 2351 3240
13 2351 3241
13 2351 3241
13 2351 3242
13 2351 3242
13 2351 3243
13 2351 3243
13 2351 3244
13 2351 3244
13 2352 3243
13 2352 3243
13 2352 3244
13 2352 3244
13 2353 3243
13 2353 3243
13 2353 3244
13 2353 3244
13 2354 3243
13 2354 3243
13 2354 3244
13 2354 3244
13 2355 3243
13 2355 3243
13 2355 3244
13 2355 3244
13 2356 3229
13 2356 3229
13 2356 3230
13 2356 3230
13 2356 3231
13 2356 3231
13 2356 3232
13 2356 3232
13 2356 3233
13 2356 3233
13 2356 3234
13 2356 3234
13 2356 3235
13 2356 3235
13 2356 3236
13 2356 3236
13 2356 3237
13 2356 3237
13 2356 3238
13 2356 3238
13 2356 3239
13 2356 3239
13 2356 3240
13 2356 3240
13 2356 3241
13 2356 3241
13 2356 3242
13 2356 3242
13 2356 3243
13 2356 3243
13 2356 3244
13 2356 3244
13 2357 3229
13 2357 3229
13 2357 3230
13 2357 3230
13 2357 3231
13 2357 3231
13 2357 3232
13 2357 3232
13 2357 3233
13 2357 3233
13 2357 3234
13 2357 3234
13 2357 3235
13 2357 3235
13 2357 3236
13 2357 3236
13 2357 3237
13 2357 3237
13 2357 3238
13 2357 3238
13 2357 3239
13 2357 3239
13 2357 3240
13 2357 3240
13 2357 3241
13 2357 3241
13 2357 3242
13 2357 3242
13 2357 3243
13 2357 3243
13 2357 3244
13 2357 3244
14 4703 6473
14 4703 6474
14 4703 6475
14 4703 6476
14 4703 6477
14 4703 6478
14 4703 6479
14 4703 6480
14 4703 6481
14 4703 6482
14 4703 6483
14 4703 6484
14 4703 6485
14 4703 6486
14 4703 6487
14 4703 6488
14 4712 6458
14 4712 6459
14 4712 6460
14 4712 6461
14 4712 6462
14 4712 6463
14 4712 6464
14 4712 6465
14 4712 6466
14 4712 6467
14 4712 6468
14 4712 6469
14 4712 6470
14 4712 6471
14 4712 6472
14 4714 6466
15 9407 12916
15 9407 12946
15 9407 12947
15 9407 12948
15 9407 12949
15 9407 12950
15 9407 12951
15 9407 12952
15 9407 12953
15 9407 12954
15 9407 12955
15 9407 12956
15 9407 12957
15 9407 12958
15 9407 12959
15 9407 12960
15 9407 12961
15 9407 12962
15 9407 12963
15 9407 12964
15 9407 12965
15 9407 12966
15 9407 12967
15 9407 12968
15 9407 12969
15 9407 12970
15 9407 12971
15 9407 12972
15 9407 12973
15 9407 12974
15 9407 12975
15 9407 12976
15 9407 12977
15 9423 12917
15 9423 12918
15 9423 12919
15 9423 12920
15 9423 12921
15 9423 12922
15 9423 12923
15 9423 12924
15 9423 12925
15 9423 12926
15 9423 12927
15 9423 12928
15 9423 12929
15 9423 12930
15 9423 12931
15 9423 12932
15 9423 12933
15 9423 12934
15 9423 12935
15 9423 12936
15 9423 12937
15 9423 12938
15 9423 12939
15 9423 12940
15 9423 12941
15 9423 12942
15 9423 12943
15 9423 12944
15 9423 12945
15 9428 12932
16 18814 25833
16 18814 25834
16 18814 25835
16 18814 25836
16 18814 25837
16 18814 25838
16 18814 25839
16 18814 25840
16 18814 25841
16 18814 25842
16 18814 25843
16 18814 25844
16 18814 25845
16 18814 25846
16 18814 25847
16 18814 25848
16 18814 25849
16 18814 25850
16 18814 25851
16 18814 25852
16 18814 25853
16 18814 25854
16 18814 25855
16 18814 25856
16 18814 25857
16 18814 25858
16 18814 25859
16 18814 25860
16 18814 25861
16 18814 25862
16 18814 25863
16 18814 25864
16 18814 25865
16 18814 25866
16 18814 25867
16 18814 25868
16 18814 25869
16 18814 25870
16 18814 25871
16 18814 25872
16 18814 25873
16 18814 25874
16 18814 25875
16 18814 25876
16 18814 25877
16 18814 25878
16 18814 25879
16 18814 25880
16 18814 25881
16 18814 25882
16 18814 25883
16 18814 25884
16 18814 25885
16 18814 25886
16 18814 25887
16 18814 25888
16 18814 25889
16 18814 25890
16 18814 25891
16 18814 25892
16 18814 25893
16 18814 25894
16 18814 25895
16 18814 25896
16 18814 25897
16 18814 25898
16 18814 25899
16 18814 25900
16 18814 25901
16 18814 25902
16 18814 25903
16 18814 25904
16 18814 25905
16 18814 25906
16 18814 25907
16 18814 25908
16 18814 25909
16 18814 25910
16 18814 25911
16 18814 25912
16 18814 25913
16 18814 25914
16 18814 25915
16 18814 25916
16 18814 25917
16 18814 25918
16 18814 25919
16 18814 25920
16 18814 25921
16 18814 25922
16 18814 25923
16 18814 25924
16 18814 25925
16 18814 25926
16 18814 25927
16 18814 25928
16 18814 25929
16 18814 25930
16 18814 25931
16 18814 25932
16 18814 25933
16 18814 25934
16 18814 25935
16 18814 25936
16 18814 25937
16 18814 25938
16 18814 25939
16 18814 25940
16 18814 25941
16 18814 25942
16 18814 25943
16 18814 25944
16 18814 25945
16 18814 25946
16 18814 25947
16 18814 25948
16 18814 25949
16 18814 25950
16 18814 25951
16 18814 25952
16 18814 25953
16 18814 25954
16 18814 25955
16 18847 25869
16 18856 25865
17 37628 51667
17 37628 51668
17 37628 51669
17 37628 51670
17 37628 51671
17 37628 51672
17 37628 51673
17 37628 51674
17 37628 51675
17 37628 51676
17 37628 51677
17 37628 51678
17 37628 51679
17 37628 51680
17 37628 51681
17 37628 51682
17 37628 51683
17 37628 51684
17 37628 51685
17 37628 51686
17 37628 51687
17 37628 51688
17 37628 51689
17 37628 51690
17 37628 51691
17 37628 51692
17 37628 51693
17 37628 51694
17 37628 51695
17 37628 51696
17 37628 51697
17 37628 51698
17 37628 51699
17 37628 51700
17 37628 51701
17 37628 51702
17 37628 51703
17 37628 51704
17 37628 51705
17 37628 51706
17 37628 51707
17 37628 51708
17 37628 51709
17 37628 51710
17 37628 51711
17 37628 51712
17 37628 51713
17 37628 51714
17 37628 51715
17 37628 51716
17 37628 51717
17 37628 51718
17 37628 51719
17 37628 51720
17 37628 51721
17 37628 51722
17 37628 51723
17 37628 51724
17 37628 51725
17 37628 51726
17 37628 51727
17 37628 51728
17 37628 51729
17 37628 51730
17 37628 51731
17 37628 51732
17 37628 51733
17 37628 51734
17 37628 51735
17 37628 51736
17 37628 51737
17 37628 51738
17 37628 51739
17 37628 51740
17 37628 51741
17 37628 51742
17 37628 51743
17 37628 51744
17 37628 51745
17 37628 51746
17 37628 51747
17 37628 51748
17 37628 51749
17 37628 51750
17 37628 51751
17 37628 51752
17 37628 51753
17 37628 51754
17 37628 51755
17 37628 51756
17 37628 51757
17 37628 51758
17 37628 51759
17 37628 51760
17 37628 51761
17 37628 51762
17 37628 51763
17 37628 51764
17 37628 51765
17 37628 51766
17 37628 51767
17 37628 51768
17 37628 51769
17 37628 51770
17 37628 51771
17 37628 51772
17 37628 51773
17 37628 51774
17 37628 51775
17 37628 51776
17 37628 51777
17 37628 51778
17 37628 51779
17 37628 51780
17 37628 51781
17 37628 51782
17 37628 51783
17 37628 51784
17 37628 51785
17 37628 51786
17 37628 51787
17 37628 51788
17 37628 51789
17 37628 51790
17 37628 51791
17 37628 51792
17 37628 51793
17 37628 51794
17 37628 51795
17 37628 51796
17 37628 51797
17 37628 51798
17 37628 51799
17 37628 51800
17 37628 51801
17 37628 51802
17 37628 51803
17 37628 51804
17 37628 51805
17 37628 51806
17 37628 51807
17 37628 51808
17 37628 51809
17 37628 51810
17 37628 51811
17 37628 51812
17 37628 51813
17 37628 51814
17 37628 51815
17 37628 51816
17 37628 51817
17 37628 51818
17 37628 51819
17 37628 51820
17 37628 51821
17 37628 51822
17 37628 51823
17 37628 51824
17 37628 51825
17 37628 51826
17 37628 51827
17 37628 51828
17 37628 51829
17 37628 51830
17 37628 51831
17 37628 51832
17 37628 51833
17 37628 51834
17 37628 51835
17 37628 51836
17 37628 51837
17 37628 51838
17 37628 51839
17 37628 51840
17 37628 51841
17 37628 51842
17 37628 51843
17 37628 51844
17 37628 51845
17 37628 51846
17 37628 51847
17 37628 51848
17 37628 51849
17 37628 51850
17 37628 51851
17 37628 51852
17 37628 51853
17 37628 51854
17 37628 51855
17 37628 51856
17 37628 51857
17 37628 51858
17 37628 51859
17 37628 51860
17 37628 51861
17 37628 51862
17 37628 51863
17 37628 51864
17 37628 51865
17 37628 51866
17 37628 51867
17 37628 51868
17 37628 51869
17 37628 51870
17 37628 51871
17 37628 51872
17 37628 51873
17 37628 51874
17 37628 51875
17 37628 51876
17 37628 51877
17 37628 51878
17 37628 51879
17 37628 51880
17 37628 51881
17 37628 51882
17 37628 51883
17 37628 51884
17 37628 51885
17 37628 51886
17 37628 51887
17 37628 51888
17 37628 51889
17 37628 51890
17 37628 51891
17 37628 51892
17 37628 51893
17 37628 51894
17 37628 51895
17 37628 51896
17 37628 51897
17 37628 51898
17 37628 51899
17 37628 51900
17 37628 51901
17 37628 51902
17 37628 51903
17 37628 51904
17 37628 51905
17 37628 51906
17 37628 51907
17 37628 51908
17 37628 51909
17 37628 51910
18 75257 103335
3 2 3
4 4 6
4 4 6
5 9 12
5 9 12
6 18 25
6 18 25
7 36 50
7 36 50
