10 303 385
11 607 770
12 1215 1538
12 1215 1538
12 1215 1540
12 1215 1540
12 1215 1541
12 1215 1541
12 1216 1538
12 1216 1538
12 1218 1541
12 1218 1541
12 1219 1541
12 1219 1541
12 1220 1541
12 1220 1541
13 2431 3076
13 2431 3076
13 2431 3077
13 2431 3077
13 2431 3080
13 2431 3080
13 2431 3081
13 2431 3081
13 2431 3082
13 2431 3082
13 2432 3076
13 2432 3076
13 2432 3077
13 2432 3077
13 2433 3076
13 2433 3076
13 2433 3077
13 2433 3077
13 2434 3076
13 2434 3076
13 2435 3076
13 2435 3076
13 2435 3082
13 2435 3082
13 2436 3076
13 2436 3076
13 2436 3082
13 2436 3082
13 2437 3082
13 2437 3082
13 2438 3081
13 2438 3081
13 2438 3082
13 2438 3082
13 2439 3081
13 2439 3081
13 2439 3082
13 2439 3082
13 2440 3081
13 2440 3081
13 2440 3082
13 2440 3082
13 2441 3076
13 2441 3076
13 2441 3077
13 2441 3077
13 2441 3078
13 2441 3078
13 2441 3080
13 2441 3080
13 2441 3081
13 2441 3081
13 2441 3082
13 2441 3082
14 4863 6152
14 4863 6153
14 4863 6154
14 4863 6155
14 4863 6156
14 4863 6160
14 4863 6161
14 4863 6162
14 4863 6163
14 4863 6164
14 4863 6165
14 4882 6157
14 4882 6158
15 9726 12304
15 9726 12305
15 9726 12306
15 9726 12307
15 9726 12308
15 9726 12309
15 9726 12310
15 9726 12311
15 9726 12312
15 9726 12313
15 9726 12314
15 9726 12317
15 9726 12318
15 9726 12319
15 9726 12320
15 9726 12321
15 9726 12322
15 9726 12323
15 9726 12324
15 9726 12325
15 9726 12326
15 9726 12327
15 9726 12328
15 9726 12329
15 9726 12330
15 9763 12315
15 9764 12316
16 19452 24609
17 38905 49219
18 77811 98439
3 2 3
4 4 6
4 4 6
5 9 12
5 9 12
6 18 24
6 18 24
6 19 24
6 19 24
7 37 48
7 37 48
7 38 48
7 38 48
