10 252 424
11 505 848
11 505 848
11 507 846
12 1011 1696
12 1011 1696
12 1012 1696
12 1012 1696
12 1014 1693
12 1014 1693
13 2022 3386
13 2022 3386
13 2022 3387
13 2022 3387
13 2022 3391
13 2022 3391
13 2022 3392
13 2022 3392
13 2023 3391
13 2023 3391
13 2023 3392
13 2023 3392
13 2024 3392
13 2024 3392
13 2025 3386
13 2025 3386
13 2025 3392
13 2025 3392
13 2026 3386
13 2026 3386
13 2027 3386
13 2027 3386
13 2027 3387
13 2027 3387
13 2028 3386
13 2028 3386
13 2028 3387
13 2028 3387
13 2029 3386
13 2029 3386
13 2029 3387
13 2029 3387
13 2029 3388
13 2029 3388
13 2029 3392
13 2029 3392
14 4044 6773
14 4044 6774
14 4044 6775
14 4044 6776
14 4044 6777
14 4044 6778
14 4044 6780
14 4044 6781
14 4044 6782
14 4044 6783
14 4044 6784
14 4044 6785
14 4053 6775
14 4058 6776
15 8089 13546
15 8089 13547
15 8089 13548
15 8089 13549
15 8089 13550
15 8089 13551
15 8089 13552
15 8089 13553
15 8089 13554
15 8089 13555
15 8089 13556
15 8089 13557
15 8089 13560
15 8089 13561
15 8089 13562
15 8089 13563
15 8089 13564
15 8089 13565
15 8089 13566
15 8089 13567
15 8089 13568
15 8089 13569
15 8089 13570
15 8089 13571
15 8106 13551
15 8117 13553
15 8119 13559
16 16178 27093
16 16178 27094
16 16178 27095
16 16178 27096
16 16178 27097
16 16178 27098
16 16178 27099
16 16178 27100
16 16178 27101
16 16178 27102
16 16178 27103
16 16178 27104
16 16178 27105
16 16178 27106
16 16178 27107
16 16178 27108
16 16178 27109
16 16178 27110
16 16178 27111
16 16178 27112
16 16178 27113
16 16178 27114
16 16178 27115
16 16178 27116
16 16178 27117
16 16178 27118
16 16178 27119
16 16178 27120
16 16178 27121
16 16178 27122
16 16178 27123
16 16178 27124
16 16178 27125
16 16178 27126
16 16178 27127
16 16178 27128
16 16178 27129
16 16178 27130
16 16178 27131
16 16178 27132
16 16178 27133
16 16178 27134
16 16178 27135
16 16178 27136
16 16178 27137
16 16178 27138
16 16178 27139
16 16178 27140
16 16178 27141
16 16178 27142
16 16212 27102
16 16235 27107
17 32357 54187
18 64715 108375
3 1 3
4 3 6
4 3 6
5 7 13
5 7 13
6 15 26
6 15 26
7 31 52
7 31 52
7 31 53
7 31 53
8 63 105
8 63 105
8 63 106
8 63 106
