12 1223 1523
12 1223 1523
12 1223 1524
12 1223 1524
12 1223 1525
12 1223 1525
13 2445 3047
13 2445 3047
13 2445 3048
13 2445 3048
13 2445 3049
13 2445 3049
13 2445 3050
13 2445 3050
13 2445 3051
13 2445 3051
13 2446 3047
13 2446 3047
13 2446 3048
13 2446 3048
13 2446 3049
13 2446 3049
13 2446 3050
13 2446 3050
13 2446 3051
13 2446 3051
14 4889 6094
14 4889 6095
14 4889 6096
14 4889 6097
14 4889 6098
14 4889 6099
14 4889 6100
14 4889 6101
14 4889 6102
15 9766 12188
15 9766 12189
15 9766 12190
15 9766 12191
15 9766 12192
15 9766 12193
15 9766 12194
15 9766 12195
15 9766 12196
15 9766 12197
15 9766 12198
15 9766 12199
15 9766 12200
15 9766 12201
15 9766 12202
15 9766 12203
15 9766 12204
15 9766 12205
16 19533 24376
16 19533 24377
16 19533 24378
16 19533 24379
16 19533 24380
16 19533 24381
16 19533 24382
16 19533 24383
16 19533 24384
16 19533 24385
16 19533 24386
16 19533 24387
16 19533 24388
16 19533 24389
16 19533 24390
16 19533 24391
16 19533 24392
16 19533 24393
16 19533 24394
16 19533 24395
16 19533 24396
16 19533 24397
16 19533 24398
16 19533 24399
16 19533 24400
16 19533 24401
16 19533 24402
16 19533 24403
16 19533 24404
16 19533 24405
16 19533 24406
16 19533 24407
16 19533 24408
16 19533 24409
16 19533 24410
17 39066 48752
18 78133 97504
3 2 2
4 4 5
4 4 5
5 9 11
5 9 11
6 19 23
6 19 23
7 38 47
7 38 47
8 76 95
8 76 95
