10 283 434
10 283 435
11 567 868
11 567 869
11 567 870
11 567 871
12 1135 1737
12 1135 1737
12 1135 1738
12 1135 1738
12 1135 1739
12 1135 1739
12 1135 1740
12 1135 1740
12 1135 1741
12 1135 1741
12 1135 1742
12 1135 1742
12 1135 1743
12 1135 1743
12 1136 1743
12 1136 1743
12 1137 1741
12 1137 1741
12 1137 1742
12 1137 1742
12 1137 1743
12 1137 1743
13 2271 3475
13 2271 3475
13 2271 3476
13 2271 3476
13 2271 3477
13 2271 3477
13 2271 3478
13 2271 3478
13 2271 3479
13 2271 3479
13 2271 3480
13 2271 3480
13 2271 3481
13 2271 3481
13 2271 3482
13 2271 3482
13 2271 3483
13 2271 3483
13 2271 3484
13 2271 3484
13 2271 3485
13 2271 3485
13 2271 3486
13 2271 3486
13 2272 3485
13 2272 3485
13 2272 3486
13 2272 3486
13 2273 3485
13 2273 3485
13 2273 3486
13 2273 3486
13 2274 3482
13 2274 3482
13 2274 3483
13 2274 3483
13 2274 3484
13 2274 3484
13 2274 3485
13 2274 3485
13 2274 3486
13 2274 3486
13 2275 3475
13 2275 3475
13 2275 3476
13 2275 3476
13 2275 3477
13 2275 3477
13 2275 3478
13 2275 3478
13 2275 3479
13 2275 3479
13 2275 3480
13 2275 3480
13 2275 3481
13 2275 3481
13 2275 3482
13 2275 3482
13 2275 3483
13 2275 3483
13 2275 3484
13 2275 3484
13 2275 3485
13 2275 3485
13 2275 3486
13 2275 3486
14 4543 6951
14 4543 6952
14 4543 6953
14 4543 6954
14 4543 6955
14 4543 6956
14 4543 6957
14 4543 6958
14 4543 6959
14 4543 6960
14 4543 6961
14 4543 6962
14 4543 6963
14 4543 6964
14 4543 6965
14 4543 6966
14 4543 6967
14 4543 6968
14 4543 6969
14 4543 6970
14 4543 6971
14 4543 6972
14 4544 6951
14 4544 6953
14 4544 6955
14 4544 6956
14 4544 6958
14 4544 6969
14 4544 6971
14 4545 6969
14 4545 6970
14 4545 6971
15 9087 13902
15 9087 13903
15 9087 13904
15 9087 13905
15 9087 13906
15 9087 13907
15 9087 13908
15 9087 13909
15 9087 13910
15 9087 13911
15 9087 13912
15 9087 13913
15 9087 13914
15 9087 13915
15 9087 13916
15 9087 13917
15 9087 13918
15 9087 13919
15 9087 13920
15 9087 13921
15 9087 13922
15 9087 13923
15 9087 13924
15 9087 13925
15 9087 13926
15 9087 13927
15 9087 13928
15 9087 13929
15 9087 13930
15 9087 13931
15 9087 13932
15 9087 13933
15 9087 13934
15 9087 13935
15 9087 13936
15 9087 13937
15 9087 13938
15 9087 13939
15 9087 13940
15 9087 13941
15 9087 13942
15 9087 13943
15 9087 13944
15 9088 13903
15 9088 13912
15 9088 13913
15 9088 13928
15 9088 13929
15 9088 13937
15 9088 13938
15 9088 13942
15 9089 13902
15 9089 13906
15 9089 13907
15 9089 13911
15 9089 13916
15 9089 13918
15 9089 13937
15 9089 13938
15 9090 13903
15 9090 13938
15 9090 13939
15 9090 13940
15 9090 13942
15 9090 13943
15 9091 13940
16 18174 27805
16 18174 27806
16 18174 27807
16 18174 27808
16 18174 27809
16 18174 27810
16 18174 27811
16 18174 27812
16 18174 27813
16 18174 27814
16 18174 27815
16 18174 27816
16 18174 27817
16 18174 27818
16 18174 27819
16 18174 27820
16 18174 27821
16 18174 27822
16 18174 27823
16 18174 27824
16 18174 27825
16 18174 27826
16 18174 27827
16 18174 27828
16 18174 27829
16 18174 27830
16 18174 27831
16 18174 27832
16 18174 27833
16 18174 27834
16 18174 27835
16 18174 27836
16 18174 27837
16 18174 27838
16 18174 27839
16 18174 27840
16 18174 27841
16 18174 27842
16 18174 27843
16 18174 27844
16 18174 27845
16 18174 27846
16 18174 27847
16 18174 27848
16 18174 27849
16 18174 27850
16 18174 27851
16 18174 27852
16 18174 27853
16 18174 27854
16 18174 27855
16 18174 27856
16 18174 27857
16 18174 27858
16 18174 27859
16 18174 27860
16 18174 27861
16 18174 27862
16 18174 27863
16 18174 27864
16 18174 27865
16 18174 27866
16 18174 27867
16 18174 27868
16 18174 27869
16 18174 27870
16 18174 27871
16 18174 27872
16 18174 27873
16 18174 27874
16 18174 27875
16 18174 27876
16 18174 27877
16 18174 27878
16 18174 27879
16 18174 27880
16 18174 27881
16 18174 27882
16 18174 27883
16 18174 27884
16 18174 27885
16 18174 27886
16 18174 27887
16 18174 27888
16 18174 27889
16 18175 27816
16 18175 27855
16 18175 27864
16 18175 27875
16 18175 27879
16 18175 27880
16 18175 27883
16 18176 27806
16 18176 27827
16 18176 27856
16 18176 27865
16 18176 27875
16 18177 27825
16 18177 27859
16 18177 27877
16 18177 27885
16 18178 27805
16 18178 27812
16 18178 27815
16 18178 27822
16 18178 27838
16 18178 27843
16 18178 27874
16 18179 27812
16 18179 27832
16 18179 27837
16 18179 27876
16 18180 27827
16 18180 27886
16 18181 27806
16 18181 27877
16 18181 27878
16 18181 27881
16 18181 27885
16 18182 27881
17 36349 55610
18 72699 111221
3 2 3
4 4 6
4 4 6
5 8 13
5 8 13
6 17 27
6 17 27
7 35 54
7 35 54
8 70 108
8 70 108
8 71 108
8 71 108
9 141 217
9 141 217
