12 646 1416
12 646 1416
12 646 1417
12 646 1417
12 646 1418
12 646 1418
12 646 1419
12 646 1419
12 647 1416
12 647 1416
12 647 1417
12 647 1417
12 647 1418
12 647 1418
12 647 1419
12 647 1419
12 648 1416
12 648 1416
12 648 1417
12 648 1417
12 648 1418
12 648 1418
12 648 1419
12 648 1419
12 649 1415
12 649 1415
12 649 1416
12 649 1416
12 649 1417
12 649 1417
12 649 1418
12 649 1418
12 649 1419
12 649 1419
12 650 1412
12 650 1413
12 650 1414
12 650 1415
12 650 1415
12 650 1416
12 650 1416
12 650 1417
12 650 1417
12 650 1418
12 650 1418
12 650 1419
12 650 1419
12 651 1412
12 651 1413
12 651 1419
12 651 1419
12 652 1412
12 652 1413
12 652 1419
12 652 1419
12 653 1412
12 653 1413
12 653 1419
12 653 1419
12 654 1412
12 654 1413
12 654 1419
12 654 1419
12 655 1412
12 655 1413
12 655 1414
12 655 1415
12 655 1415
12 655 1416
12 655 1416
12 655 1417
12 655 1417
12 655 1418
12 655 1418
12 655 1419
12 655 1419
13 1299 2834
13 1299 2834
13 1299 2835
13 1299 2835
13 1299 2836
13 1299 2836
13 1299 2837
13 1299 2837
13 1299 2838
13 1299 2838
13 1300 2834
13 1300 2834
13 1300 2835
13 1300 2835
13 1300 2836
13 1300 2836
13 1300 2837
13 1300 2837
13 1300 2838
13 1300 2838
13 1301 2834
13 1301 2834
13 1301 2835
13 1301 2835
13 1301 2836
13 1301 2836
13 1301 2837
13 1301 2837
13 1301 2838
13 1301 2838
13 1302 2828
13 1302 2829
13 1302 2830
13 1302 2831
13 1302 2832
13 1302 2833
13 1302 2834
13 1302 2834
13 1302 2835
13 1302 2835
13 1302 2836
13 1302 2836
13 1302 2837
13 1302 2837
13 1302 2838
13 1302 2838
13 1302 2839
13 1303 2837
13 1303 2837
13 1303 2838
13 1303 2838
13 1303 2839
13 1304 2837
13 1304 2837
13 1304 2838
13 1304 2838
13 1305 2827
13 1305 2837
13 1305 2837
13 1305 2838
13 1305 2838
13 1306 2827
13 1306 2837
13 1306 2837
13 1306 2838
13 1306 2838
13 1307 2827
13 1310 2845
13 1310 2846
13 1311 2845
14 2604 5670
14 2604 5670
14 2604 5671
14 2604 5671
14 2604 5672
14 2604 5672
14 2604 5673
14 2604 5673
14 2604 5674
14 2604 5674
14 2605 5657
14 2605 5658
14 2605 5659
14 2605 5660
14 2605 5661
14 2605 5662
14 2605 5663
14 2605 5664
14 2605 5665
14 2605 5666
14 2605 5667
14 2605 5668
14 2605 5669
14 2605 5670
14 2605 5670
14 2605 5671
14 2605 5671
14 2605 5672
14 2605 5672
14 2605 5673
14 2605 5673
14 2605 5674
14 2605 5674
14 2606 5673
14 2606 5673
14 2606 5674
14 2606 5674
14 2607 5673
14 2607 5673
14 2607 5674
14 2607 5674
14 2608 5673
14 2608 5673
14 2608 5674
14 2608 5674
14 2609 5673
14 2609 5673
14 2609 5674
14 2609 5674
14 2610 5673
14 2610 5673
14 2610 5674
14 2610 5674
14 2611 5673
14 2611 5673
14 2611 5674
14 2611 5674
14 2612 5656
14 2612 5673
14 2613 5656
14 2613 5673
14 2614 5673
14 2615 5673
14 2616 5673
14 2617 5673
14 2618 5673
15 5211 11314
15 5211 11315
15 5211 11316
15 5211 11317
15 5211 11318
15 5211 11319
15 5211 11320
15 5211 11321
15 5211 11322
15 5211 11323
15 5211 11324
15 5211 11325
15 5211 11326
15 5211 11327
15 5211 11328
15 5211 11329
15 5211 11330
15 5211 11331
15 5211 11332
15 5211 11333
15 5211 11334
15 5211 11335
15 5211 11336
15 5211 11337
15 5211 11338
15 5211 11339
15 5211 11340
15 5211 11341
15 5211 11342
15 5211 11343
15 5211 11344
15 5211 11345
15 5211 11346
15 5211 11346
15 5243 11436
15 5243 11436
16 10422 22628
16 10422 22629
16 10422 22630
16 10422 22631
16 10422 22632
16 10422 22633
16 10422 22634
16 10422 22635
16 10422 22636
16 10422 22637
16 10422 22638
16 10422 22639
16 10422 22640
16 10422 22641
16 10422 22642
16 10422 22643
16 10422 22644
16 10422 22645
16 10422 22646
16 10422 22647
16 10422 22648
16 10422 22649
16 10422 22650
16 10422 22651
16 10422 22652
16 10422 22653
16 10422 22654
16 10422 22655
16 10422 22656
16 10422 22657
16 10422 22658
16 10422 22659
16 10422 22660
16 10422 22661
16 10422 22662
16 10422 22663
16 10422 22664
16 10422 22665
16 10422 22666
16 10422 22667
16 10422 22668
16 10422 22669
16 10422 22670
16 10422 22671
16 10422 22672
16 10422 22673
16 10422 22674
16 10422 22675
16 10422 22676
16 10422 22677
16 10422 22678
16 10422 22679
16 10422 22680
16 10422 22681
16 10422 22682
16 10422 22683
16 10422 22684
16 10422 22685
16 10422 22686
16 10422 22687
16 10422 22688
16 10422 22689
16 10422 22690
16 10422 22691
16 10422 22692
17 20845 45257
18 41690 90515
3 1 2
4 2 5
4 2 5
5 5 11
5 5 11
6 10 22
6 10 22
7 20 44
7 20 44
8 40 88
8 40 88
