13 2220 3455
13 2220 3455
14 4438 6910
14 4440 6908
15 8876 13816
15 8876 13817
15 8876 13818
15 8876 13819
15 8876 13820
16 17753 27632
16 17753 27633
16 17753 27634
16 17753 27635
16 17753 27636
16 17753 27637
16 17753 27638
16 17753 27639
16 17753 27640
16 17753 27641
16 17759 27633
17 35506 55265
17 35506 55266
17 35506 55267
17 35506 55268
17 35506 55269
17 35506 55270
17 35506 55271
17 35506 55272
17 35506 55273
17 35506 55274
17 35506 55275
17 35506 55276
17 35506 55277
17 35506 55278
17 35506 55279
17 35506 55280
17 35506 55281
17 35506 55282
17 35509 55268
17 35519 55267
18 71012 110531
18 71012 110532
18 71012 110533
18 71012 110534
18 71012 110535
18 71012 110536
18 71012 110537
18 71012 110538
18 71012 110539
18 71012 110540
18 71012 110541
18 71012 110542
18 71012 110543
18 71012 110544
18 71012 110545
18 71012 110546
18 71012 110547
18 71012 110548
18 71012 110549
18 71012 110550
18 71012 110551
18 71012 110552
18 71012 110553
18 71012 110554
18 71012 110555
18 71012 110556
18 71012 110557
18 71012 110558
18 71012 110559
18 71012 110560
18 71012 110561
18 71012 110562
18 71012 110563
18 71012 110564
18 71012 110565
18 71026 110547
18 71033 110540
18 71035 110551
18 71036 110547
18 71037 110558
3 2 3
4 4 6
4 4 6
5 8 13
5 8 13
6 17 26
6 17 26
7 34 53
7 34 53
8 69 107
8 69 107
9 138 215
9 138 215
14 4438 6910
15 8876 13817
15 8876 13818
15 8876 13819
15 8876 13820
