13 2238 3512
13 2238 3513
13 2238 3514
13 2238 3515
13 2238 3516
13 2238 3517
13 2238 3518
13 2238 3519
13 2238 3520
13 2239 3512
13 2239 3513
13 2239 3514
13 2239 3520
13 2240 3512
13 2240 3513
13 2240 3514
13 2241 3512
13 2241 3513
13 2242 3512
13 2242 3513
13 2243 3512
13 2243 3513
13 2243 3520
13 2244 3512
13 2244 3513
13 2244 3520
13 2245 3512
13 2245 3520
13 2246 3512
13 2246 3520
13 2247 3512
13 2247 3519
13 2247 3520
13 2248 3512
13 2248 3513
13 2248 3514
13 2248 3515
13 2248 3516
13 2248 3519
13 2248 3520
