12 1123 1755
12 1123 1755
13 2238 3510
13 2238 3510
13 2238 3511
13 2238 3511
13 2238 3517
13 2238 3517
13 2239 3510
13 2239 3510
13 2239 3517
13 2239 3517
13 2240 3510
13 2240 3510
13 2240 3517
13 2240 3517
13 2241 3510
13 2241 3510
13 2241 3517
13 2241 3517
13 2242 3510
13 2242 3510
13 2242 3517
13 2242 3517
13 2243 3510
13 2243 3510
13 2244 3510
13 2244 3510
13 2245 3510
13 2245 3510
13 2245 3511
13 2245 3511
13 2246 3510
13 2246 3510
13 2246 3511
13 2246 3511
13 2247 3510
13 2247 3510
13 2247 3511
13 2247 3511
13 2247 3517
13 2247 3517
14 4476 7020
14 4476 7021
14 4476 7022
14 4476 7023
14 4476 7024
14 4476 7025
14 4476 7026
14 4476 7027
14 4476 7028
14 4476 7029
14 4476 7030
14 4476 7031
14 4476 7032
14 4476 7033
14 4476 7034
14 4476 7035
14 4478 7035
14 4480 7034
14 4482 7034
14 4483 7034
14 4484 7034
14 4485 7034
14 4487 7035
14 4491 7023
15 8953 14041
15 8953 14042
15 8953 14043
15 8953 14044
15 8953 14045
15 8953 14046
15 8953 14047
15 8953 14048
15 8953 14049
15 8953 14050
15 8953 14051
15 8953 14052
15 8953 14053
15 8953 14054
15 8953 14055
15 8953 14056
15 8953 14057
15 8953 14058
15 8953 14059
15 8953 14060
15 8953 14061
15 8953 14062
15 8953 14063
15 8953 14064
15 8953 14065
15 8953 14066
15 8953 14067
15 8953 14068
15 8953 14069
15 8953 14070
15 8957 14067
15 8957 14070
15 8958 14067
15 8959 14067
15 8960 14067
15 8960 14068
15 8960 14069
15 8961 14067
15 8961 14068
15 8964 14068
15 8964 14069
15 8966 14068
15 8968 14068
15 8969 14068
15 8970 14068
15 8970 14069
15 8974 14070
15 8975 14069
15 8976 14069
15 8977 14069
15 8979 14069
15 8983 14046
15 8988 14065
15 8989 14058
15 8989 14064
16 17907 28083
16 17907 28084
16 17907 28085
16 17907 28086
16 17907 28087
16 17907 28088
16 17907 28089
16 17907 28090
16 17907 28091
16 17907 28092
16 17907 28093
16 17907 28094
16 17907 28095
16 17907 28096
16 17907 28097
16 17907 28098
16 17907 28099
16 17907 28100
16 17907 28101
16 17907 28102
16 17907 28103
16 17907 28104
16 17907 28105
16 17907 28106
16 17907 28107
16 17907 28108
16 17907 28109
16 17907 28110
16 17907 28111
16 17907 28112
16 17907 28113
16 17907 28114
16 17907 28115
16 17907 28116
16 17907 28117
16 17907 28118
16 17907 28119
16 17907 28120
16 17907 28121
16 17907 28122
16 17907 28123
16 17907 28124
16 17907 28125
16 17907 28126
16 17907 28127
16 17907 28128
16 17907 28129
16 17907 28130
16 17907 28131
16 17907 28132
16 17907 28133
16 17907 28134
16 17907 28135
16 17907 28136
16 17907 28137
16 17907 28138
16 17907 28139
16 17907 28140
16 17908 28129
16 17914 28135
16 17914 28140
16 17917 28135
16 17918 28135
16 17920 28134
16 17920 28136
16 17920 28138
16 17922 28134
16 17923 28136
16 17928 28135
16 17929 28136
16 17929 28139
16 17933 28136
16 17936 28137
16 17937 28136
16 17939 28137
16 17941 28137
16 17941 28138
16 17949 28140
16 17951 28139
16 17953 28139
16 17954 28139
16 17959 28138
16 17967 28093
16 17977 28130
16 17979 28116
16 17979 28129
17 35814 56167
17 35814 56168
17 35814 56169
17 35814 56170
17 35814 56171
17 35814 56172
17 35814 56173
17 35814 56174
17 35814 56175
17 35814 56176
17 35814 56177
17 35814 56178
17 35814 56179
17 35814 56180
17 35814 56181
17 35814 56182
17 35814 56183
17 35814 56184
17 35814 56185
17 35814 56186
17 35814 56187
17 35814 56188
17 35814 56189
17 35814 56190
17 35814 56191
17 35814 56192
17 35814 56193
17 35814 56194
17 35814 56195
17 35814 56196
17 35814 56197
17 35814 56198
17 35814 56199
17 35814 56200
17 35814 56201
17 35814 56202
17 35814 56203
17 35814 56204
17 35814 56205
17 35814 56206
17 35814 56207
17 35814 56208
17 35814 56209
17 35814 56210
17 35814 56211
17 35814 56212
17 35814 56213
17 35814 56214
17 35814 56215
17 35814 56216
17 35814 56217
17 35814 56218
17 35814 56219
17 35814 56220
17 35814 56221
17 35814 56222
17 35814 56223
17 35814 56224
17 35814 56225
17 35814 56226
17 35814 56227
17 35814 56228
17 35814 56229
17 35814 56230
17 35814 56231
17 35814 56232
17 35814 56233
17 35814 56234
17 35814 56235
17 35814 56236
17 35814 56237
17 35814 56238
17 35814 56239
17 35814 56240
17 35814 56241
17 35814 56242
17 35814 56243
17 35814 56244
17 35814 56245
17 35814 56246
17 35814 56247
17 35814 56248
17 35814 56249
17 35814 56250
17 35814 56251
17 35814 56252
17 35814 56253
17 35814 56254
17 35814 56255
17 35814 56256
17 35814 56257
17 35814 56258
17 35814 56259
17 35814 56260
17 35814 56261
17 35814 56262
17 35814 56263
17 35814 56264
17 35814 56265
17 35814 56266
17 35814 56267
17 35814 56268
17 35814 56269
17 35814 56270
17 35814 56271
17 35814 56272
17 35814 56273
17 35814 56274
17 35814 56275
17 35814 56276
17 35814 56277
17 35814 56278
17 35814 56279
17 35814 56280
17 35814 56281
18 71629 112335
3 2 3
4 4 6
4 4 6
5 8 13
5 8 13
6 17 27
6 17 27
7 34 54
7 34 54
7 35 54
7 35 54
8 69 109
8 69 109
8 70 109
8 70 109
