12 1039 1684
12 1039 1684
12 1040 1684
12 1040 1684
12 1041 1684
12 1041 1684
13 2078 3369
13 2078 3369
13 2078 3370
13 2078 3370
13 2078 3371
13 2078 3371
13 2078 3372
13 2078 3372
13 2078 3373
13 2078 3373
13 2078 3374
13 2078 3374
13 2078 3375
13 2078 3375
13 2079 3369
13 2079 3369
13 2080 3369
13 2080 3369
13 2081 3369
13 2081 3369
13 2082 3369
13 2082 3369
13 2083 3369
13 2083 3369
13 2083 3370
13 2083 3370
13 2083 3371
13 2083 3371
13 2083 3372
13 2083 3372
13 2083 3373
13 2083 3373
13 2083 3374
13 2083 3374
13 2083 3375
13 2083 3375
14 4157 6739
14 4157 6740
14 4157 6741
14 4157 6742
14 4157 6743
14 4157 6744
14 4157 6745
14 4157 6746
14 4157 6747
14 4157 6748
14 4157 6749
14 4157 6750
14 4157 6751
15 8315 13479
15 8315 13480
15 8315 13481
15 8315 13482
15 8315 13483
15 8315 13484
15 8315 13485
15 8315 13486
15 8315 13487
15 8315 13488
15 8315 13489
15 8315 13490
15 8315 13491
15 8315 13492
15 8315 13493
15 8315 13494
15 8315 13495
15 8315 13496
15 8315 13497
15 8315 13498
15 8315 13499
15 8315 13500
15 8315 13501
15 8315 13502
16 16631 26959
16 16631 26960
16 16631 26961
16 16631 26962
16 16631 26963
16 16631 26964
16 16631 26965
16 16631 26966
16 16631 26967
16 16631 26968
16 16631 26969
16 16631 26970
16 16631 26971
16 16631 26972
16 16631 26973
16 16631 26974
16 16631 26975
16 16631 26976
16 16631 26977
16 16631 26978
16 16631 26979
16 16631 26980
16 16631 26981
16 16631 26982
16 16631 26983
16 16631 26984
16 16631 26985
16 16631 26986
16 16631 26987
16 16631 26988
16 16631 26989
16 16631 26990
16 16631 26991
16 16631 26992
16 16631 26993
16 16631 26994
16 16631 26995
16 16631 26996
16 16631 26997
16 16631 26998
16 16631 26999
16 16631 27000
16 16631 27001
16 16631 27002
16 16631 27003
16 16631 27004
17 33262 53918
17 33262 53919
17 33262 53920
17 33262 53921
17 33262 53922
17 33262 53923
17 33262 53924
17 33262 53925
17 33262 53926
17 33262 53927
17 33262 53928
17 33262 53929
17 33262 53930
17 33262 53931
17 33262 53932
17 33262 53933
17 33262 53934
17 33262 53935
17 33262 53936
17 33262 53937
17 33262 53938
17 33262 53939
17 33262 53940
17 33262 53941
17 33262 53942
17 33262 53943
17 33262 53944
17 33262 53945
17 33262 53946
17 33262 53947
17 33262 53948
17 33262 53949
17 33262 53950
17 33262 53951
17 33262 53952
17 33262 53953
17 33262 53954
17 33262 53955
17 33262 53956
17 33262 53957
17 33262 53958
17 33262 53959
17 33262 53960
17 33262 53961
17 33262 53962
17 33262 53963
17 33262 53964
17 33262 53965
17 33262 53966
17 33262 53967
17 33262 53968
17 33262 53969
17 33262 53970
17 33262 53971
17 33262 53972
17 33262 53973
17 33262 53974
17 33262 53975
17 33262 53976
17 33262 53977
17 33262 53978
17 33262 53979
17 33262 53980
17 33262 53981
17 33262 53982
17 33262 53983
17 33262 53984
17 33262 53985
17 33262 53986
17 33262 53987
17 33262 53988
17 33262 53989
17 33262 53990
17 33262 53991
17 33262 53992
17 33262 53993
17 33262 53994
17 33262 53995
17 33262 53996
17 33262 53997
17 33262 53998
17 33262 53999
17 33262 54000
17 33262 54001
17 33262 54002
17 33262 54003
17 33262 54004
17 33262 54005
17 33262 54006
17 33262 54007
17 33262 54008
17 33262 54009
18 66525 107836
3 2 3
4 4 6
4 4 6
5 8 13
5 8 13
6 16 26
6 16 26
7 32 52
7 32 52
8 64 105
8 64 105
8 65 105
8 65 105
9 129 210
9 129 210
9 130 210
9 130 210
