12 1122 1690
12 1122 1702
12 1123 1690
12 1123 1702
12 1124 1690
12 1124 1702
12 1125 1690
12 1125 1702
12 1126 1690
12 1127 1690
12 1128 1690
12 1128 1702
12 1129 1690
12 1129 1702
12 1130 1690
12 1130 1702
13 2244 3381
13 2244 3382
13 2244 3383
13 2244 3384
13 2244 3385
13 2244 3386
13 2244 3387
13 2244 3388
13 2244 3389
13 2244 3390
13 2244 3391
13 2244 3392
13 2244 3393
13 2244 3394
13 2244 3395
13 2244 3396
13 2244 3397
13 2244 3398
13 2244 3399
13 2244 3400
13 2244 3401
13 2244 3402
13 2244 3403
13 2244 3404
13 2245 3381
13 2245 3404
13 2246 3381
13 2246 3404
13 2247 3381
13 2247 3404
13 2248 3381
13 2248 3404
13 2249 3381
13 2249 3404
13 2250 3381
13 2250 3404
13 2251 3381
13 2251 3404
13 2252 3381
13 2252 3404
13 2253 3381
13 2254 3381
13 2255 3381
13 2255 3404
13 2256 3381
13 2256 3404
13 2257 3381
13 2257 3404
13 2258 3381
13 2258 3404
13 2259 3381
13 2259 3404
13 2260 3381
13 2260 3404
4 4 6
5 8 13
6 17 26
7 35 52
7 35 53
12 1122 1690
12 1122 1702
12 1123 1690
12 1123 1702
12 1124 1690
12 1124 1702
12 1125 1690
12 1125 1702
12 1126 1690
12 1127 1690
12 1128 1690
12 1128 1702
12 1129 1690
12 1129 1702
12 1130 1690
12 1130 1702
13 2244 3381
13 2244 3381
13 2244 3381
13 2244 3382
13 2244 3383
13 2244 3384
13 2244 3385
13 2244 3386
13 2244 3387
13 2244 3388
13 2244 3389
13 2244 3390
13 2244 3391
13 2244 3392
13 2244 3393
13 2244 3394
13 2244 3395
13 2244 3396
13 2244 3397
13 2244 3398
13 2244 3399
13 2244 3400
13 2244 3401
13 2244 3402
13 2244 3403
13 2244 3404
13 2245 3381
13 2245 3404
13 2246 3381
13 2246 3404
13 2247 3381
13 2247 3404
13 2248 3381
13 2248 3404
13 2249 3381
13 2249 3404
13 2250 3381
13 2250 3404
13 2251 3381
13 2251 3404
13 2252 3381
13 2252 3404
13 2253 3381
13 2254 3381
13 2255 3381
13 2255 3404
13 2256 3381
13 2256 3404
13 2257 3381
13 2257 3404
13 2258 3381
13 2258 3404
13 2259 3381
13 2259 3404
13 2260 3381
13 2260 3404
4 4 6
5 8 13
6 17 26
7 35 52
7 35 53
