13 2334 3142
13 2334 3142
13 2334 3143
13 2334 3143
13 2334 3144
13 2334 3144
13 2334 3145
13 2334 3145
13 2334 3146
13 2334 3146
13 2334 3147
13 2334 3147
13 2334 3148
13 2334 3148
13 2334 3149
13 2334 3149
13 2334 3150
13 2334 3150
14 4669 6284
14 4669 6285
14 4669 6286
14 4669 6287
14 4669 6288
14 4669 6289
14 4669 6290
14 4669 6291
14 4669 6292
14 4669 6293
14 4669 6294
14 4669 6295
14 4669 6296
14 4669 6297
14 4669 6298
14 4669 6299
14 4669 6300
14 4669 6301
15 9339 12569
15 9339 12570
15 9339 12571
15 9339 12572
15 9339 12573
15 9339 12574
15 9339 12575
15 9339 12576
15 9339 12577
15 9339 12578
15 9339 12579
15 9339 12580
15 9339 12581
15 9339 12582
15 9339 12583
15 9339 12584
15 9339 12585
15 9339 12586
15 9339 12587
15 9339 12588
15 9339 12589
15 9339 12590
15 9339 12591
15 9339 12592
15 9339 12593
15 9339 12594
15 9339 12595
15 9339 12596
15 9339 12597
15 9339 12598
15 9339 12599
15 9339 12600
15 9339 12601
15 9339 12602
15 9339 12603
16 18678 25139
16 18678 25140
16 18678 25141
16 18678 25142
16 18678 25143
16 18678 25144
16 18678 25145
16 18678 25146
16 18678 25147
16 18678 25148
16 18678 25149
16 18678 25150
16 18678 25151
16 18678 25152
16 18678 25153
16 18678 25154
16 18678 25155
16 18678 25156
16 18678 25157
16 18678 25158
16 18678 25159
16 18678 25160
16 18678 25161
16 18678 25162
16 18678 25163
16 18678 25164
16 18678 25165
16 18678 25166
16 18678 25167
16 18678 25168
16 18678 25169
16 18678 25170
16 18678 25171
16 18678 25172
16 18678 25173
16 18678 25174
16 18678 25175
16 18678 25176
16 18678 25177
16 18678 25178
16 18678 25179
16 18678 25180
16 18678 25181
16 18678 25182
16 18678 25183
16 18678 25184
16 18678 25185
16 18678 25186
16 18678 25187
16 18678 25188
16 18678 25189
16 18678 25190
16 18678 25191
16 18678 25192
16 18678 25193
16 18678 25194
16 18678 25195
16 18678 25196
16 18678 25197
16 18678 25198
16 18678 25199
16 18678 25200
16 18678 25201
16 18678 25202
16 18678 25203
16 18678 25204
16 18678 25205
16 18678 25206
16 18682 25186
16 18702 25174
17 37357 50279
17 37357 50280
17 37357 50281
17 37357 50282
17 37357 50283
17 37357 50284
17 37357 50285
17 37357 50286
17 37357 50287
17 37357 50288
17 37357 50289
17 37357 50290
17 37357 50291
17 37357 50292
17 37357 50293
17 37357 50294
17 37357 50295
17 37357 50296
17 37357 50297
17 37357 50298
17 37357 50299
17 37357 50300
17 37357 50301
17 37357 50302
17 37357 50303
17 37357 50304
17 37357 50305
17 37357 50306
17 37357 50307
17 37357 50308
17 37357 50309
17 37357 50310
17 37357 50311
17 37357 50312
17 37357 50313
17 37357 50314
17 37357 50315
17 37357 50316
17 37357 50317
17 37357 50318
17 37357 50319
17 37357 50320
17 37357 50321
17 37357 50322
17 37357 50323
17 37357 50324
17 37357 50325
17 37357 50326
17 37357 50327
17 37357 50328
17 37357 50329
17 37357 50330
17 37357 50331
17 37357 50332
17 37357 50333
17 37357 50334
17 37357 50335
17 37357 50336
17 37357 50337
17 37357 50338
17 37357 50339
17 37357 50340
17 37357 50341
17 37357 50342
17 37357 50343
17 37357 50344
17 37357 50345
17 37357 50346
17 37357 50347
17 37357 50348
17 37357 50349
17 37357 50350
17 37357 50351
17 37357 50352
17 37357 50353
17 37357 50354
17 37357 50355
17 37357 50356
17 37357 50357
17 37357 50358
17 37357 50359
17 37357 50360
17 37357 50361
17 37357 50362
17 37357 50363
17 37357 50364
17 37357 50365
17 37357 50366
17 37357 50367
17 37357 50368
17 37357 50369
17 37357 50370
17 37357 50371
17 37357 50372
17 37357 50373
17 37357 50374
17 37357 50375
17 37357 50376
17 37357 50377
17 37357 50378
17 37357 50379
17 37357 50380
17 37357 50381
17 37357 50382
17 37357 50383
17 37357 50384
17 37357 50385
17 37357 50386
17 37357 50387
17 37357 50388
17 37357 50389
17 37357 50390
17 37357 50391
17 37357 50392
17 37357 50393
17 37357 50394
17 37357 50395
17 37357 50396
17 37357 50397
17 37357 50398
17 37357 50399
17 37357 50400
17 37357 50401
17 37357 50402
17 37357 50403
17 37357 50404
17 37357 50405
17 37357 50406
17 37357 50407
17 37357 50408
17 37357 50409
17 37357 50410
17 37357 50411
17 37357 50412
17 37357 50413
17 37405 50349
18 74714 100558
18 74810 100698
3 2 3
4 4 6
4 4 6
5 9 12
5 9 12
6 18 24
6 18 24
7 36 49
7 36 49
