11 605 774
12 1201 1559
12 1201 1559
12 1202 1559
12 1202 1559
12 1203 1559
12 1203 1559
12 1204 1559
12 1204 1559
12 1205 1559
12 1205 1559
12 1206 1559
12 1206 1559
12 1207 1559
12 1207 1559
12 1208 1559
12 1208 1559
12 1209 1559
12 1209 1559
12 1210 1548
12 1210 1548
12 1210 1549
12 1210 1549
12 1210 1550
12 1210 1550
12 1210 1551
12 1210 1551
12 1210 1552
12 1210 1552
12 1210 1553
12 1210 1553
12 1210 1554
12 1210 1554
12 1210 1555
12 1210 1555
12 1210 1556
12 1210 1556
12 1210 1557
12 1210 1557
12 1210 1558
12 1210 1558
12 1210 1559
12 1210 1559
13 2402 3118
13 2402 3118
13 2403 3118
13 2403 3118
13 2404 3118
13 2404 3118
13 2405 3118
13 2405 3118
13 2406 3118
13 2406 3118
13 2407 3118
13 2407 3118
13 2408 3118
13 2408 3118
13 2409 3118
13 2409 3118
13 2410 3118
13 2410 3118
13 2411 3118
13 2411 3118
13 2412 3118
13 2412 3118
13 2413 3118
13 2413 3118
13 2414 3118
13 2414 3118
13 2415 3118
13 2415 3118
13 2416 3118
13 2416 3118
13 2417 3118
13 2417 3118
13 2418 3118
13 2418 3118
13 2419 3118
13 2419 3118
13 2420 3096
13 2420 3096
13 2420 3097
13 2420 3097
13 2420 3098
13 2420 3098
13 2420 3099
13 2420 3099
13 2420 3100
13 2420 3100
13 2420 3101
13 2420 3101
13 2420 3102
13 2420 3102
13 2420 3103
13 2420 3103
13 2420 3104
13 2420 3104
13 2420 3105
13 2420 3105
13 2420 3106
13 2420 3106
13 2420 3107
13 2420 3107
13 2420 3108
13 2420 3108
13 2420 3109
13 2420 3109
13 2420 3110
13 2420 3110
13 2420 3111
13 2420 3111
13 2420 3112
13 2420 3112
13 2420 3113
13 2420 3113
13 2420 3114
13 2420 3114
13 2420 3115
13 2420 3115
13 2420 3116
13 2420 3116
13 2420 3117
13 2420 3117
13 2420 3118
13 2420 3118
14 4804 6192
14 4804 6193
14 4804 6194
14 4804 6195
14 4804 6196
14 4804 6197
14 4804 6198
14 4804 6199
14 4804 6200
14 4804 6201
14 4804 6202
14 4804 6203
14 4804 6204
14 4804 6205
14 4804 6206
14 4804 6207
14 4804 6208
14 4804 6209
14 4804 6210
14 4804 6211
14 4804 6212
14 4804 6213
14 4804 6214
14 4804 6215
14 4804 6216
14 4804 6217
14 4804 6218
14 4804 6219
14 4804 6220
14 4804 6221
14 4804 6222
14 4804 6223
14 4804 6224
14 4804 6225
14 4804 6226
14 4804 6227
14 4804 6228
14 4804 6229
14 4804 6230
14 4804 6231
14 4804 6232
14 4804 6233
14 4804 6234
14 4804 6235
14 4804 6236
15 9608 12384
15 9608 12385
15 9608 12386
15 9608 12387
15 9608 12388
15 9608 12389
15 9608 12390
15 9608 12391
15 9608 12392
15 9608 12393
15 9608 12394
15 9608 12395
15 9608 12396
15 9608 12397
15 9608 12398
15 9608 12399
15 9608 12400
15 9608 12401
15 9608 12402
15 9608 12403
15 9608 12404
15 9608 12405
15 9608 12406
15 9608 12407
15 9608 12408
15 9608 12409
15 9608 12410
15 9608 12411
15 9608 12412
15 9608 12413
15 9608 12414
15 9608 12415
15 9608 12416
15 9608 12417
15 9608 12418
15 9608 12419
15 9608 12420
15 9608 12421
15 9608 12422
15 9608 12423
15 9608 12424
15 9608 12425
15 9608 12426
15 9608 12427
15 9608 12428
15 9608 12429
15 9608 12430
15 9608 12431
15 9608 12432
15 9608 12433
15 9608 12434
15 9608 12435
15 9608 12436
15 9608 12437
15 9608 12438
15 9608 12439
15 9608 12440
15 9608 12441
15 9608 12442
15 9608 12443
15 9608 12444
15 9608 12445
15 9608 12446
15 9608 12447
15 9608 12448
15 9608 12449
15 9608 12450
15 9608 12451
15 9608 12452
15 9608 12453
15 9608 12454
15 9608 12455
15 9608 12456
15 9608 12457
15 9608 12458
15 9608 12459
15 9608 12460
15 9608 12461
15 9608 12462
15 9608 12463
15 9608 12464
15 9608 12465
15 9608 12466
15 9608 12467
15 9608 12468
15 9608 12469
15 9608 12470
15 9608 12471
15 9608 12472
15 9608 12473
16 19216 24769
16 19216 24770
16 19216 24771
16 19216 24772
16 19216 24773
16 19216 24774
16 19216 24775
16 19216 24776
16 19216 24777
16 19216 24778
16 19216 24779
16 19216 24780
16 19216 24781
16 19216 24782
16 19216 24783
16 19216 24784
16 19216 24785
16 19216 24786
16 19216 24787
16 19216 24788
16 19216 24789
16 19216 24790
16 19216 24791
16 19216 24792
16 19216 24793
16 19216 24794
16 19216 24795
16 19216 24796
16 19216 24797
16 19216 24798
16 19216 24799
16 19216 24800
16 19216 24801
16 19216 24802
16 19216 24803
16 19216 24804
16 19216 24805
16 19216 24806
16 19216 24807
16 19216 24808
16 19216 24809
16 19216 24810
16 19216 24811
16 19216 24812
16 19216 24813
16 19216 24814
16 19216 24815
16 19216 24816
16 19216 24817
16 19216 24818
16 19216 24819
16 19216 24820
16 19216 24821
16 19216 24822
16 19216 24823
16 19216 24824
16 19216 24825
16 19216 24826
16 19216 24827
16 19216 24828
16 19216 24829
16 19216 24830
16 19216 24831
16 19216 24832
16 19216 24833
16 19216 24834
16 19216 24835
16 19216 24836
16 19216 24837
16 19216 24838
16 19216 24839
16 19216 24840
16 19216 24841
16 19216 24842
16 19216 24843
16 19216 24844
16 19216 24845
16 19216 24846
16 19216 24847
16 19216 24848
16 19216 24849
16 19216 24850
16 19216 24851
16 19216 24852
16 19216 24853
16 19216 24854
16 19216 24855
16 19216 24856
16 19216 24857
16 19216 24858
16 19216 24859
16 19216 24860
16 19216 24861
16 19216 24862
16 19216 24863
16 19216 24864
16 19216 24865
16 19216 24866
16 19216 24867
16 19216 24868
16 19216 24869
16 19216 24870
16 19216 24871
16 19216 24872
16 19216 24873
16 19216 24874
16 19216 24875
16 19216 24876
16 19216 24877
16 19216 24878
16 19216 24879
16 19216 24880
16 19216 24881
16 19216 24882
16 19216 24883
16 19216 24884
16 19216 24885
16 19216 24886
16 19216 24887
16 19216 24888
16 19216 24889
16 19216 24890
16 19216 24891
16 19216 24892
16 19216 24893
16 19216 24894
16 19216 24895
16 19216 24896
16 19216 24897
16 19216 24898
16 19216 24899
16 19216 24900
16 19216 24901
16 19216 24902
16 19216 24903
16 19216 24904
16 19216 24905
16 19216 24906
16 19216 24907
16 19216 24908
16 19216 24909
16 19216 24910
16 19216 24911
16 19216 24912
16 19216 24913
16 19216 24914
16 19216 24915
16 19216 24916
16 19216 24917
16 19216 24918
16 19216 24919
16 19216 24920
16 19216 24921
16 19216 24922
16 19216 24923
16 19216 24924
16 19216 24925
16 19216 24926
16 19216 24927
16 19216 24928
16 19216 24929
16 19216 24930
16 19216 24931
16 19216 24932
16 19216 24933
16 19216 24934
16 19216 24935
16 19216 24936
16 19216 24937
16 19216 24938
16 19216 24939
16 19216 24940
16 19216 24941
16 19216 24942
16 19216 24943
16 19216 24944
16 19216 24945
16 19216 24946
16 19216 24947
17 38433 49539
17 38433 49540
17 38433 49541
17 38433 49542
17 38433 49543
17 38433 49544
17 38433 49545
17 38433 49546
17 38433 49547
17 38433 49548
17 38433 49549
17 38433 49550
17 38433 49551
17 38433 49552
17 38433 49553
17 38433 49554
17 38433 49555
17 38433 49556
17 38433 49557
17 38433 49558
17 38433 49559
17 38433 49560
17 38433 49561
17 38433 49562
17 38433 49563
17 38433 49564
17 38433 49565
17 38433 49566
17 38433 49567
17 38433 49568
17 38433 49569
17 38433 49570
17 38433 49571
17 38433 49572
17 38433 49573
17 38433 49574
17 38433 49575
17 38433 49576
17 38433 49577
17 38433 49578
17 38433 49579
17 38433 49580
17 38433 49581
17 38433 49582
17 38433 49583
17 38433 49584
17 38433 49585
17 38433 49586
17 38433 49587
17 38433 49588
17 38433 49589
17 38433 49590
17 38433 49591
17 38433 49592
17 38433 49593
17 38433 49594
17 38433 49595
17 38433 49596
17 38433 49597
17 38433 49598
17 38433 49599
17 38433 49600
17 38433 49601
17 38433 49602
17 38433 49603
17 38433 49604
17 38433 49605
17 38433 49606
17 38433 49607
17 38433 49608
17 38433 49609
17 38433 49610
17 38433 49611
17 38433 49612
17 38433 49613
17 38433 49614
17 38433 49615
17 38433 49616
17 38433 49617
17 38433 49618
17 38433 49619
17 38433 49620
17 38433 49621
17 38433 49622
17 38433 49623
17 38433 49624
17 38433 49625
17 38433 49626
17 38433 49627
17 38433 49628
17 38433 49629
17 38433 49630
17 38433 49631
17 38433 49632
17 38433 49633
17 38433 49634
17 38433 49635
17 38433 49636
17 38433 49637
17 38433 49638
17 38433 49639
17 38433 49640
17 38433 49641
17 38433 49642
17 38433 49643
17 38433 49644
17 38433 49645
17 38433 49646
17 38433 49647
17 38433 49648
17 38433 49649
17 38433 49650
17 38433 49651
17 38433 49652
17 38433 49653
17 38433 49654
17 38433 49655
17 38433 49656
17 38433 49657
17 38433 49658
17 38433 49659
17 38433 49660
17 38433 49661
17 38433 49662
17 38433 49663
17 38433 49664
17 38433 49665
17 38433 49666
17 38433 49667
17 38433 49668
17 38433 49669
17 38433 49670
17 38433 49671
17 38433 49672
17 38433 49673
17 38433 49674
17 38433 49675
17 38433 49676
17 38433 49677
17 38433 49678
17 38433 49679
17 38433 49680
17 38433 49681
17 38433 49682
17 38433 49683
17 38433 49684
17 38433 49685
17 38433 49686
17 38433 49687
17 38433 49688
17 38433 49689
17 38433 49690
17 38433 49691
17 38433 49692
17 38433 49693
17 38433 49694
17 38433 49695
17 38433 49696
17 38433 49697
17 38433 49698
17 38433 49699
17 38433 49700
17 38433 49701
17 38433 49702
17 38433 49703
17 38433 49704
17 38433 49705
17 38433 49706
17 38433 49707
17 38433 49708
17 38433 49709
17 38433 49710
17 38433 49711
17 38433 49712
17 38433 49713
17 38433 49714
17 38433 49715
17 38433 49716
17 38433 49717
17 38433 49718
17 38433 49719
17 38433 49720
17 38433 49721
17 38433 49722
17 38433 49723
17 38433 49724
17 38433 49725
17 38433 49726
17 38433 49727
17 38433 49728
17 38433 49729
17 38433 49730
17 38433 49731
17 38433 49732
17 38433 49733
17 38433 49734
17 38433 49735
17 38433 49736
17 38433 49737
17 38433 49738
17 38433 49739
17 38433 49740
17 38433 49741
17 38433 49742
17 38433 49743
17 38433 49744
17 38433 49745
17 38433 49746
17 38433 49747
17 38433 49748
17 38433 49749
17 38433 49750
17 38433 49751
17 38433 49752
17 38433 49753
17 38433 49754
17 38433 49755
17 38433 49756
17 38433 49757
17 38433 49758
17 38433 49759
17 38433 49760
17 38433 49761
17 38433 49762
17 38433 49763
17 38433 49764
17 38433 49765
17 38433 49766
17 38433 49767
17 38433 49768
17 38433 49769
17 38433 49770
17 38433 49771
17 38433 49772
17 38433 49773
17 38433 49774
17 38433 49775
17 38433 49776
17 38433 49777
17 38433 49778
17 38433 49779
17 38433 49780
17 38433 49781
17 38433 49782
17 38433 49783
17 38433 49784
17 38433 49785
17 38433 49786
17 38433 49787
17 38433 49788
17 38433 49789
17 38433 49790
17 38433 49791
17 38433 49792
17 38433 49793
17 38433 49794
17 38433 49795
17 38433 49796
17 38433 49797
17 38433 49798
17 38433 49799
17 38433 49800
17 38433 49801
17 38433 49802
17 38433 49803
17 38433 49804
17 38433 49805
17 38433 49806
17 38433 49807
17 38433 49808
17 38433 49809
17 38433 49810
17 38433 49811
17 38433 49812
17 38433 49813
17 38433 49814
17 38433 49815
17 38433 49816
17 38433 49817
17 38433 49818
17 38433 49819
17 38433 49820
17 38433 49821
17 38433 49822
17 38433 49823
17 38433 49824
17 38433 49825
17 38433 49826
17 38433 49827
17 38433 49828
17 38433 49829
17 38433 49830
17 38433 49831
17 38433 49832
17 38433 49833
17 38433 49834
17 38433 49835
17 38433 49836
17 38433 49837
17 38433 49838
17 38433 49839
17 38433 49840
17 38433 49841
17 38433 49842
17 38433 49843
17 38433 49844
17 38433 49845
17 38433 49846
17 38433 49847
17 38433 49848
17 38433 49849
17 38433 49850
17 38433 49851
17 38433 49852
17 38433 49853
17 38433 49854
17 38433 49855
17 38433 49856
17 38433 49857
17 38433 49858
17 38433 49859
17 38433 49860
17 38433 49861
17 38433 49862
17 38433 49863
17 38433 49864
17 38433 49865
17 38433 49866
17 38433 49867
17 38433 49868
17 38433 49869
17 38433 49870
17 38433 49871
17 38433 49872
17 38433 49873
17 38433 49874
17 38433 49875
17 38433 49876
17 38433 49877
17 38433 49878
17 38433 49879
17 38433 49880
17 38433 49881
17 38433 49882
17 38433 49883
17 38433 49884
17 38433 49885
17 38433 49886
17 38433 49887
17 38433 49888
17 38433 49889
17 38433 49890
17 38433 49891
17 38433 49892
17 38433 49893
17 38433 49894
18 76867 99079
3 2 3
4 4 6
4 4 6
5 9 12
5 9 12
6 18 24
6 18 24
