11 605 755
12 1210 1510
12 1210 1510
12 1210 1511
12 1210 1511
12 1211 1510
12 1211 1510
12 1211 1511
12 1211 1511
12 1211 1512
12 1211 1512
12 1211 1513
12 1211 1513
12 1211 1514
12 1211 1514
12 1211 1515
12 1211 1515
12 1211 1516
12 1211 1516
13 2419 3020
13 2419 3020
13 2419 3021
13 2419 3021
13 2419 3022
13 2419 3022
13 2419 3023
13 2419 3023
13 2420 3020
13 2420 3020
13 2420 3021
13 2420 3021
13 2420 3022
13 2420 3022
13 2420 3023
13 2420 3023
13 2421 3020
13 2421 3020
13 2421 3021
13 2421 3021
13 2421 3022
13 2421 3022
13 2421 3023
13 2421 3023
13 2422 3020
13 2422 3020
13 2422 3021
13 2422 3021
13 2422 3022
13 2422 3022
13 2422 3023
13 2422 3023
13 2422 3024
13 2422 3024
13 2422 3025
13 2422 3025
13 2422 3026
13 2422 3026
13 2422 3027
13 2422 3027
13 2422 3028
13 2422 3028
13 2422 3029
13 2422 3029
13 2422 3030
13 2422 3030
13 2422 3031
13 2422 3031
13 2422 3032
13 2422 3032
14 4838 6041
14 4838 6042
14 4838 6043
14 4838 6044
14 4838 6045
14 4838 6046
14 4838 6047
14 4838 6048
14 4843 6049
14 4843 6050
14 4843 6051
14 4843 6052
14 4843 6053
14 4843 6054
14 4843 6055
14 4843 6056
14 4843 6057
14 4843 6058
14 4843 6059
14 4843 6060
14 4843 6061
14 4843 6062
14 4843 6063
14 4843 6064
15 9662 12082
15 9662 12083
15 9662 12084
15 9662 12085
15 9662 12086
15 9662 12087
15 9662 12088
15 9662 12089
15 9662 12090
15 9662 12091
15 9662 12092
15 9662 12093
15 9662 12094
15 9662 12095
15 9662 12096
15 9662 12097
15 9662 12098
15 9662 12099
15 9662 12100
15 9662 12101
15 9662 12102
15 9662 12103
15 9662 12104
15 9662 12105
15 9662 12106
15 9662 12107
15 9662 12108
15 9662 12109
15 9662 12110
15 9662 12111
15 9662 12112
15 9662 12113
15 9662 12114
15 9662 12115
15 9662 12116
15 9662 12117
15 9662 12118
15 9662 12119
15 9662 12120
15 9662 12121
15 9662 12122
15 9662 12123
15 9662 12124
15 9662 12125
15 9662 12126
15 9662 12127
15 9662 12128
15 9662 12129
16 19325 24164
16 19325 24165
16 19325 24166
16 19325 24167
16 19325 24168
16 19325 24169
16 19325 24170
16 19325 24171
16 19325 24172
16 19325 24173
16 19325 24174
16 19325 24175
16 19325 24176
16 19325 24177
16 19325 24178
16 19325 24179
16 19325 24180
16 19325 24181
16 19325 24182
16 19325 24183
16 19325 24184
16 19325 24185
16 19325 24186
16 19325 24187
16 19325 24188
16 19325 24189
16 19325 24190
16 19325 24191
16 19325 24192
16 19325 24193
16 19325 24194
16 19325 24195
16 19325 24196
16 19325 24197
16 19325 24198
16 19325 24199
16 19325 24200
16 19325 24201
16 19325 24202
16 19325 24203
16 19325 24204
16 19325 24205
16 19325 24206
16 19325 24207
16 19325 24208
16 19325 24209
16 19325 24210
16 19325 24211
16 19325 24212
16 19325 24213
16 19325 24214
16 19325 24215
16 19325 24216
16 19325 24217
16 19325 24218
16 19325 24219
16 19325 24220
16 19325 24221
16 19325 24222
16 19325 24223
16 19325 24224
16 19325 24225
16 19325 24226
16 19325 24227
16 19325 24228
16 19325 24229
16 19325 24230
16 19325 24231
16 19325 24232
16 19325 24233
16 19325 24234
16 19325 24235
16 19325 24236
16 19325 24237
16 19325 24238
16 19325 24239
16 19325 24240
16 19325 24241
16 19325 24242
16 19325 24243
16 19325 24244
16 19325 24245
16 19325 24246
16 19325 24247
16 19325 24248
16 19325 24249
16 19325 24250
16 19325 24251
16 19325 24252
16 19325 24253
16 19325 24254
16 19325 24255
16 19325 24256
16 19325 24257
16 19325 24258
16 19325 24259
17 38650 48328
18 77300 96657
3 2 2
4 4 5
4 4 5
5 9 11
5 9 11
6 18 23
6 18 23
7 37 47
7 37 47
