13 2020 3389
13 2020 3389
14 4041 6778
14 4041 6779
14 4041 6781
14 4047 6780
15 8083 13556
15 8083 13557
15 8083 13558
15 8083 13559
15 8083 13562
15 8083 13563
15 8091 13561
15 8094 13560
16 16166 27113
16 16166 27114
16 16166 27115
16 16166 27116
16 16166 27117
16 16166 27118
16 16166 27119
16 16166 27120
16 16166 27121
16 16166 27122
16 16166 27123
16 16166 27124
16 16166 27125
16 16166 27126
17 32332 54226
17 32332 54227
17 32332 54228
17 32332 54229
17 32332 54230
17 32332 54231
17 32332 54232
17 32332 54233
17 32332 54234
17 32332 54235
17 32332 54236
17 32332 54237
17 32332 54238
17 32332 54239
17 32332 54240
17 32332 54241
17 32332 54242
17 32332 54243
17 32332 54244
17 32332 54245
17 32332 54246
17 32332 54247
17 32332 54248
17 32332 54249
17 32332 54250
17 32332 54251
17 32332 54252
17 32332 54253
18 64665 108452
3 1 3
4 3 6
4 3 6
5 7 13
5 7 13
6 15 26
6 15 26
7 31 52
7 31 52
