11 646 739
11 646 739
11 646 740
11 646 740
11 646 741
11 646 741
11 647 739
11 647 739
11 647 740
11 647 740
11 647 741
11 647 741
12 1282 1483
12 1282 1483
12 1283 1483
12 1283 1483
12 1284 1483
12 1284 1483
12 1285 1483
12 1285 1483
12 1286 1483
12 1286 1483
12 1287 1483
12 1287 1483
12 1288 1483
12 1288 1483
12 1289 1483
12 1289 1483
12 1290 1483
12 1290 1483
13 1311 2864
13 1311 2864
13 2564 2966
13 2571 2946
13 2571 2946
13 2571 2947
13 2571 2947
13 2571 2948
13 2571 2948
13 2572 2946
13 2572 2946
13 2572 2947
13 2572 2947
13 2572 2948
13 2572 2948
14 5128 5908
14 5128 5932
14 5161 5909
14 5161 5910
14 5161 5911
14 5161 5912
14 5161 5913
14 5161 5914
14 5161 5915
14 5161 5916
14 5161 5917
14 5161 5918
14 5161 5919
14 5161 5920
14 5161 5921
14 5161 5922
14 5161 5923
14 5161 5924
14 5161 5925
14 5161 5926
14 5161 5927
14 5161 5928
14 5161 5929
14 5161 5930
14 5161 5931
15 10256 11817
15 10256 11818
15 10256 11819
15 10256 11820
15 10256 11821
15 10256 11822
15 10256 11823
15 10256 11824
15 10256 11825
15 10256 11826
15 10256 11827
15 10256 11828
15 10256 11829
15 10256 11830
15 10256 11831
15 10256 11832
15 10256 11833
15 10256 11834
15 10256 11835
15 10256 11836
15 10256 11837
15 10256 11838
15 10256 11839
15 10256 11840
15 10256 11841
15 10256 11842
15 10256 11843
15 10256 11844
15 10256 11845
15 10256 11846
15 10256 11847
15 10256 11848
15 10256 11849
15 10256 11850
15 10256 11851
15 10256 11852
15 10256 11853
15 10256 11854
15 10256 11855
15 10256 11856
15 10256 11857
15 10256 11858
15 10256 11859
15 10256 11860
15 10256 11861
15 10256 11862
15 10256 11863
15 10256 11864
15 10256 11865
16 20512 23635
16 20512 23636
16 20512 23637
16 20512 23638
16 20512 23639
16 20512 23640
16 20512 23641
16 20512 23642
16 20512 23643
16 20512 23644
16 20512 23645
16 20512 23646
16 20512 23647
16 20512 23648
16 20512 23649
16 20512 23650
16 20512 23651
16 20512 23652
16 20512 23653
16 20512 23654
16 20512 23655
16 20512 23656
16 20512 23657
16 20512 23658
16 20512 23659
16 20512 23660
16 20512 23661
16 20512 23662
16 20512 23663
16 20512 23664
16 20512 23665
16 20512 23666
16 20512 23667
16 20512 23668
16 20512 23669
16 20512 23670
16 20512 23671
16 20512 23672
16 20512 23673
16 20512 23674
16 20512 23675
16 20512 23676
16 20512 23677
16 20512 23678
16 20512 23679
16 20512 23680
16 20512 23681
16 20512 23682
16 20512 23683
16 20512 23684
16 20512 23685
16 20512 23686
16 20512 23687
16 20512 23688
16 20512 23689
16 20512 23690
16 20512 23691
16 20512 23692
16 20512 23693
16 20512 23694
16 20512 23695
16 20512 23696
16 20512 23697
16 20512 23698
16 20512 23699
16 20512 23700
16 20512 23701
16 20512 23702
16 20512 23703
16 20512 23704
16 20512 23705
16 20512 23706
16 20512 23707
16 20512 23708
16 20512 23709
16 20512 23710
16 20512 23711
16 20512 23712
16 20512 23713
16 20512 23714
16 20512 23715
16 20512 23716
16 20512 23717
16 20512 23718
16 20512 23719
16 20512 23720
16 20512 23721
16 20512 23722
16 20512 23723
16 20512 23724
16 20512 23725
16 20512 23726
16 20512 23727
16 20512 23728
16 20512 23729
16 20512 23730
17 41024 47271
17 41024 47272
17 41024 47273
17 41024 47274
17 41024 47275
17 41024 47276
17 41024 47277
17 41024 47278
17 41024 47279
17 41024 47280
17 41024 47281
17 41024 47282
17 41024 47283
17 41024 47284
17 41024 47285
17 41024 47286
17 41024 47287
17 41024 47288
17 41024 47289
17 41024 47290
17 41024 47291
17 41024 47292
17 41024 47293
17 41024 47294
17 41024 47295
17 41024 47296
17 41024 47297
17 41024 47298
17 41024 47299
17 41024 47300
17 41024 47301
17 41024 47302
17 41024 47303
17 41024 47304
17 41024 47305
17 41024 47306
17 41024 47307
17 41024 47308
17 41024 47309
17 41024 47310
17 41024 47311
17 41024 47312
17 41024 47313
17 41024 47314
17 41024 47315
17 41024 47316
17 41024 47317
17 41024 47318
17 41024 47319
17 41024 47320
17 41024 47321
17 41024 47322
17 41024 47323
17 41024 47324
17 41024 47325
17 41024 47326
17 41024 47327
17 41024 47328
17 41024 47329
17 41024 47330
17 41024 47331
17 41024 47332
17 41024 47333
17 41024 47334
17 41024 47335
17 41024 47336
17 41024 47337
17 41024 47338
17 41024 47339
17 41024 47340
17 41024 47341
17 41024 47342
17 41024 47343
17 41024 47344
17 41024 47345
17 41024 47346
17 41024 47347
17 41024 47348
17 41024 47349
17 41024 47350
17 41024 47351
17 41024 47352
17 41024 47353
17 41024 47354
17 41024 47355
17 41024 47356
17 41024 47357
17 41024 47358
17 41024 47359
17 41024 47360
17 41024 47361
17 41024 47362
17 41024 47363
17 41024 47364
17 41024 47365
17 41024 47366
17 41024 47367
17 41024 47368
17 41024 47369
17 41024 47370
17 41024 47371
17 41024 47372
17 41024 47373
17 41024 47374
17 41024 47375
17 41024 47376
17 41024 47377
17 41024 47378
17 41024 47379
17 41024 47380
17 41024 47381
17 41024 47382
17 41024 47383
17 41024 47384
17 41024 47385
17 41024 47386
17 41024 47387
17 41024 47388
17 41024 47389
17 41024 47390
17 41024 47391
17 41024 47392
17 41024 47393
17 41024 47394
17 41024 47395
17 41024 47396
17 41024 47397
17 41024 47398
17 41024 47399
17 41024 47400
17 41024 47401
17 41024 47402
17 41024 47403
17 41024 47404
17 41024 47405
17 41024 47406
17 41024 47407
17 41024 47408
17 41024 47409
17 41024 47410
17 41024 47411
17 41024 47412
17 41024 47413
17 41024 47414
17 41024 47415
17 41024 47416
17 41024 47417
17 41024 47418
17 41024 47419
17 41024 47420
17 41024 47421
17 41024 47422
17 41024 47423
17 41024 47424
17 41024 47425
17 41024 47426
17 41024 47427
17 41024 47428
17 41024 47429
17 41024 47430
17 41024 47431
17 41024 47432
17 41024 47433
17 41024 47434
17 41024 47435
17 41024 47436
17 41024 47437
17 41024 47438
17 41024 47439
17 41024 47440
17 41024 47441
17 41024 47442
17 41024 47443
17 41024 47444
17 41024 47445
17 41024 47446
17 41024 47447
17 41024 47448
17 41024 47449
17 41024 47450
17 41024 47451
17 41024 47452
17 41024 47453
17 41024 47454
17 41024 47455
17 41024 47456
17 41024 47457
17 41024 47458
17 41024 47459
17 41024 47460
18 82048 94542
3 2 2
4 5 5
4 5 5
5 10 11
5 10 11
6 20 23
6 20 23
7 40 46
7 40 46
