12 1182 1613
12 1182 1613
13 2364 3226
13 2364 3226
14 4726 6452
15 9452 12898
15 9452 12899
15 9452 12900
15 9452 12901
15 9452 12902
15 9452 12903
15 9452 12904
15 9454 12902
16 18904 25797
16 18904 25798
16 18904 25799
16 18904 25800
16 18904 25801
16 18904 25802
16 18904 25803
16 18904 25804
16 18904 25805
16 18904 25806
16 18904 25807
16 18904 25808
16 18904 25809
16 18909 25805
17 37809 51594
17 37809 51595
17 37809 51596
17 37809 51597
17 37809 51598
17 37809 51599
17 37809 51600
17 37809 51601
17 37809 51602
17 37809 51603
17 37809 51604
17 37809 51605
17 37809 51606
17 37809 51607
17 37809 51608
17 37809 51609
17 37809 51610
17 37809 51611
17 37809 51612
17 37809 51613
17 37809 51614
17 37809 51615
17 37809 51616
17 37809 51617
17 37809 51618
17 37818 51610
18 75618 103189
18 75618 103190
18 75618 103191
18 75618 103192
18 75618 103193
18 75618 103194
18 75618 103195
18 75618 103196
18 75618 103197
18 75618 103198
18 75618 103199
18 75618 103200
18 75618 103201
18 75618 103202
18 75618 103203
18 75618 103204
18 75618 103205
18 75618 103206
18 75618 103207
18 75618 103208
18 75618 103209
18 75618 103210
18 75618 103211
18 75618 103212
18 75618 103213
18 75618 103214
18 75618 103215
18 75618 103216
18 75618 103217
18 75618 103218
18 75618 103219
18 75618 103220
18 75618 103221
18 75618 103222
18 75618 103223
18 75618 103224
18 75618 103225
18 75618 103226
18 75618 103227
18 75618 103228
18 75618 103229
18 75618 103230
18 75618 103231
18 75618 103232
18 75618 103233
18 75618 103234
18 75618 103235
18 75618 103236
18 75637 103220
3 2 3
4 4 6
4 4 6
5 9 12
5 9 12
6 18 25
6 18 25
