13 2350 3153
13 2350 3153
13 2351 3153
13 2351 3153
13 2352 3153
13 2352 3153
14 4701 6302
14 4701 6306
14 4705 6303
14 4705 6304
14 4705 6305
15 9402 12605
15 9402 12612
15 9410 12606
15 9410 12607
15 9410 12608
15 9410 12609
15 9410 12610
15 9410 12611
16 18804 25211
16 18804 25212
16 18804 25213
16 18804 25214
16 18804 25215
16 18804 25216
16 18804 25217
16 18804 25218
16 18804 25219
16 18804 25220
16 18804 25221
16 18804 25222
16 18804 25223
16 18804 25224
17 37608 50423
18 75216 100847
3 2 3
4 4 6
4 4 6
5 9 12
5 9 12
6 18 24
6 18 24
7 36 49
7 36 49
