10 283 435
10 284 435
11 566 871
11 567 871
11 568 871
12 1133 1743
12 1133 1743
12 1134 1743
12 1134 1743
12 1135 1743
12 1135 1743
12 1136 1743
12 1136 1743
12 1137 1743
12 1137 1743
12 1137 1744
12 1137 1744
12 1137 1745
12 1137 1745
12 1137 1746
12 1137 1746
12 1137 1747
12 1137 1747
13 2266 3487
13 2266 3487
13 2267 3487
13 2267 3487
13 2268 3487
13 2268 3487
13 2269 3487
13 2269 3487
13 2270 3487
13 2270 3487
13 2271 3487
13 2271 3487
13 2272 3487
13 2272 3487
13 2273 3487
13 2273 3487
13 2274 3487
13 2274 3487
13 2274 3488
13 2274 3488
13 2274 3489
13 2274 3489
13 2274 3490
13 2274 3490
13 2274 3491
13 2274 3491
13 2274 3492
13 2274 3492
13 2274 3493
13 2274 3493
13 2274 3494
13 2274 3494
14 4533 6975
14 4539 6975
14 4540 6975
14 4541 6975
14 4544 6975
14 4545 6975
14 4548 6976
14 4548 6977
14 4548 6978
14 4548 6979
14 4548 6980
14 4548 6981
14 4548 6982
14 4548 6983
14 4548 6984
14 4548 6985
14 4548 6986
14 4548 6987
14 4548 6988
14 4548 6989
15 9066 13951
15 9066 13952
15 9066 13953
15 9066 13954
15 9066 13955
15 9066 13956
15 9066 13957
15 9066 13958
15 9066 13959
15 9066 13960
15 9066 13961
15 9066 13962
15 9066 13963
15 9066 13964
15 9066 13965
15 9066 13966
15 9066 13967
15 9066 13968
15 9066 13969
15 9066 13970
15 9066 13971
15 9066 13972
15 9066 13973
15 9066 13974
15 9066 13975
15 9066 13976
15 9066 13977
15 9066 13978
15 9079 13951
15 9080 13951
15 9081 13951
15 9083 13951
15 9089 13951
15 9090 13951
16 18133 27903
16 18133 27904
16 18133 27905
16 18133 27906
16 18133 27907
16 18133 27908
16 18133 27909
16 18133 27910
16 18133 27911
16 18133 27912
16 18133 27913
16 18133 27914
16 18133 27915
16 18133 27916
16 18133 27917
16 18133 27918
16 18133 27919
16 18133 27920
16 18133 27921
16 18133 27922
16 18133 27923
16 18133 27924
16 18133 27925
16 18133 27926
16 18133 27927
16 18133 27928
16 18133 27929
16 18133 27930
16 18133 27931
16 18133 27932
16 18133 27933
16 18133 27934
16 18133 27935
16 18133 27936
16 18133 27937
16 18133 27938
16 18133 27939
16 18133 27940
16 18133 27941
16 18133 27942
16 18133 27943
16 18133 27944
16 18133 27945
16 18133 27946
16 18133 27947
16 18133 27948
16 18133 27949
16 18133 27950
16 18133 27951
16 18133 27952
16 18133 27953
16 18133 27954
16 18133 27955
16 18133 27956
16 18133 27957
16 18134 27911
16 18134 27914
16 18134 27920
16 18134 27944
16 18134 27951
16 18134 27953
16 18135 27909
16 18135 27913
16 18135 27916
16 18135 27920
16 18135 27922
16 18135 27924
16 18135 27925
16 18135 27930
16 18135 27937
16 18135 27951
16 18136 27911
16 18136 27918
16 18136 27923
16 18136 27932
16 18136 27934
16 18136 27947
16 18137 27911
16 18137 27914
16 18137 27920
16 18137 27924
16 18137 27935
16 18137 27938
16 18137 27939
16 18137 27952
16 18138 27909
16 18138 27910
16 18138 27912
16 18138 27919
16 18138 27927
16 18138 27940
16 18138 27941
16 18138 27942
16 18138 27943
16 18139 27904
16 18139 27909
16 18139 27918
16 18139 27925
16 18139 27944
16 18139 27948
16 18139 27951
16 18140 27910
16 18140 27912
16 18140 27922
16 18140 27923
16 18140 27924
16 18140 27927
16 18140 27930
16 18140 27938
16 18140 27939
16 18140 27943
16 18140 27944
16 18140 27950
16 18140 27954
16 18141 27909
16 18141 27915
16 18141 27919
16 18141 27920
16 18141 27922
16 18141 27925
16 18141 27926
16 18141 27932
16 18141 27937
16 18141 27938
16 18141 27940
16 18141 27945
16 18141 27948
16 18142 27905
16 18142 27917
16 18142 27918
16 18142 27930
16 18142 27934
16 18142 27938
16 18142 27942
16 18142 27948
16 18143 27915
16 18143 27918
16 18143 27923
16 18143 27929
16 18143 27934
16 18143 27945
16 18143 27948
16 18144 27907
16 18144 27913
16 18144 27919
16 18144 27922
16 18144 27934
16 18144 27947
16 18144 27956
16 18145 27918
16 18145 27922
16 18145 27930
16 18145 27932
16 18145 27939
16 18145 27949
16 18146 27911
16 18146 27917
16 18146 27928
16 18146 27938
16 18146 27942
16 18146 27948
16 18147 27910
16 18147 27914
16 18147 27924
16 18147 27927
16 18147 27941
16 18147 27957
16 18148 27909
16 18148 27911
16 18148 27916
16 18148 27917
16 18148 27929
16 18148 27930
16 18148 27938
16 18149 27914
16 18149 27917
16 18149 27936
16 18150 27910
16 18150 27911
16 18150 27918
16 18150 27920
16 18150 27921
16 18150 27922
16 18150 27925
16 18151 27905
16 18151 27912
16 18151 27922
16 18151 27936
16 18152 27914
16 18152 27915
16 18152 27916
16 18152 27922
16 18152 27926
16 18152 27930
16 18152 27933
16 18152 27938
16 18152 27940
16 18153 27907
16 18153 27908
16 18153 27914
16 18153 27919
16 18153 27920
16 18153 27922
16 18153 27936
16 18154 27914
16 18154 27921
16 18154 27926
16 18154 27933
16 18154 27936
16 18155 27908
16 18155 27909
16 18155 27912
16 18155 27919
16 18156 27914
16 18156 27915
16 18156 27917
16 18156 27919
16 18156 27922
16 18156 27923
16 18156 27926
16 18156 27928
16 18157 27906
16 18157 27912
16 18157 27919
16 18157 27920
16 18157 27921
16 18157 27925
16 18157 27926
16 18157 27934
16 18158 27903
16 18158 27916
16 18158 27917
16 18158 27922
16 18158 27923
16 18158 27924
16 18159 27912
16 18159 27918
16 18159 27923
16 18159 27924
16 18159 27946
16 18160 27905
16 18160 27914
16 18160 27916
16 18160 27917
16 18160 27918
16 18160 27919
16 18161 27903
16 18161 27905
16 18161 27906
16 18161 27914
16 18161 27918
16 18161 27948
16 18162 27909
16 18162 27910
16 18162 27911
16 18162 27913
16 18162 27916
16 18162 27917
16 18163 27903
16 18163 27906
16 18163 27907
16 18163 27912
16 18164 27907
16 18164 27910
16 18164 27914
16 18164 27915
16 18164 27916
16 18165 27907
16 18165 27916
16 18166 27904
16 18166 27905
16 18166 27906
16 18166 27907
16 18166 27908
16 18166 27909
16 18166 27910
16 18166 27915
16 18167 27903
16 18167 27904
16 18167 27905
16 18167 27906
16 18167 27907
16 18167 27908
16 18167 27911
16 18167 27912
16 18167 27914
16 18167 27916
16 18168 27905
16 18168 27907
16 18168 27909
16 18168 27911
16 18168 27912
16 18168 27926
16 18169 27905
16 18169 27909
16 18169 27911
16 18169 27912
16 18170 27905
16 18170 27907
16 18170 27908
16 18170 27909
16 18170 27910
16 18170 27914
16 18171 27906
16 18171 27908
16 18172 27905
16 18172 27907
16 18172 27908
16 18172 27922
16 18172 27926
16 18172 27936
16 18173 27905
16 18173 27909
16 18173 27915
16 18173 27927
16 18174 27905
16 18174 27908
16 18174 27917
16 18174 27925
16 18174 27928
16 18174 27947
16 18175 27905
16 18175 27907
16 18175 27915
16 18175 27916
16 18175 27917
16 18175 27918
16 18175 27924
16 18175 27928
16 18175 27931
16 18175 27946
16 18176 27905
16 18176 27910
16 18176 27915
16 18176 27918
16 18176 27921
16 18176 27930
16 18177 27905
16 18177 27908
16 18177 27910
16 18178 27903
16 18178 27905
16 18178 27908
16 18178 27911
16 18178 27914
16 18179 27904
16 18179 27907
16 18179 27908
16 18179 27909
16 18179 27910
16 18179 27912
16 18180 27904
16 18180 27905
16 18180 27907
16 18180 27908
16 18180 27909
16 18180 27910
16 18181 27903
16 18181 27904
16 18186 27947
17 36267 55806
17 36267 55807
17 36267 55808
17 36267 55809
17 36267 55810
17 36267 55811
17 36267 55812
17 36267 55813
17 36267 55814
17 36267 55815
17 36267 55816
17 36267 55817
17 36267 55818
17 36267 55819
17 36267 55820
17 36267 55821
17 36267 55822
17 36267 55823
17 36267 55824
17 36267 55825
17 36267 55826
17 36267 55827
17 36267 55828
17 36267 55829
17 36267 55830
17 36267 55831
17 36267 55832
17 36267 55833
17 36267 55834
17 36267 55835
17 36267 55836
17 36267 55837
17 36267 55838
17 36267 55839
17 36267 55840
17 36267 55841
17 36267 55842
17 36267 55843
17 36267 55844
17 36267 55845
17 36267 55846
17 36267 55847
17 36267 55848
17 36267 55849
17 36267 55850
17 36267 55851
17 36267 55852
17 36267 55853
17 36267 55854
17 36267 55855
17 36267 55856
17 36267 55857
17 36267 55858
17 36267 55859
17 36267 55860
17 36267 55861
17 36267 55862
17 36267 55863
17 36267 55864
17 36267 55865
17 36267 55866
17 36267 55867
17 36267 55868
17 36267 55869
17 36267 55870
17 36267 55871
17 36267 55872
17 36267 55873
17 36267 55874
17 36267 55875
17 36267 55876
17 36267 55877
17 36267 55878
17 36267 55879
17 36267 55880
17 36267 55881
17 36267 55882
17 36267 55883
17 36267 55884
17 36267 55885
17 36267 55886
17 36267 55887
17 36267 55888
17 36267 55889
17 36267 55890
17 36267 55891
17 36267 55892
17 36267 55893
17 36267 55894
17 36267 55895
17 36267 55896
17 36267 55897
17 36267 55898
17 36267 55899
17 36267 55900
17 36267 55901
17 36267 55902
17 36267 55903
17 36267 55904
17 36267 55905
17 36267 55906
17 36267 55907
17 36267 55908
17 36267 55909
17 36267 55910
17 36267 55911
17 36267 55912
17 36267 55913
17 36267 55914
17 36268 55889
17 36269 55822
17 36269 55828
17 36269 55841
17 36269 55903
17 36269 55907
17 36270 55819
17 36270 55827
17 36270 55832
17 36270 55841
17 36270 55850
17 36270 55861
17 36271 55844
17 36271 55849
17 36271 55874
17 36271 55903
17 36272 55847
17 36272 55868
17 36272 55894
17 36273 55822
17 36273 55836
17 36273 55837
17 36273 55864
17 36274 55840
17 36274 55849
17 36274 55871
17 36274 55876
17 36275 55822
17 36275 55829
17 36275 55879
17 36275 55904
17 36276 55820
17 36276 55825
17 36276 55883
17 36276 55886
17 36277 55819
17 36277 55838
17 36277 55855
17 36277 55880
17 36277 55884
17 36277 55887
17 36278 55808
17 36278 55851
17 36279 55819
17 36279 55837
17 36279 55889
17 36279 55896
17 36279 55903
17 36280 55845
17 36280 55876
17 36280 55878
17 36280 55886
17 36280 55901
17 36281 55821
17 36281 55825
17 36281 55847
17 36281 55848
17 36281 55854
17 36281 55861
17 36281 55889
17 36281 55908
17 36282 55818
17 36282 55830
17 36282 55841
17 36282 55852
17 36282 55881
17 36282 55890
17 36282 55896
17 36283 55839
17 36283 55845
17 36283 55851
17 36283 55852
17 36283 55864
17 36283 55874
17 36283 55877
17 36284 55811
17 36284 55834
17 36284 55836
17 36284 55860
17 36284 55868
17 36284 55877
17 36285 55885
17 36285 55897
17 36286 55831
17 36286 55837
17 36286 55890
17 36286 55896
17 36286 55897
17 36287 55847
17 36287 55859
17 36287 55869
17 36287 55891
17 36288 55839
17 36288 55844
17 36288 55913
17 36289 55814
17 36289 55826
17 36289 55868
17 36289 55894
17 36290 55845
17 36290 55864
17 36290 55879
17 36290 55899
17 36291 55836
17 36291 55861
17 36291 55865
17 36292 55857
17 36292 55876
17 36292 55885
17 36292 55897
17 36293 55823
17 36293 55834
17 36293 55856
17 36293 55876
17 36294 55914
17 36295 55820
17 36295 55829
17 36295 55848
17 36295 55855
17 36295 55882
17 36296 55819
17 36296 55833
17 36296 55834
17 36296 55858
17 36296 55861
17 36297 55818
17 36297 55823
17 36297 55877
17 36298 55829
17 36299 55834
17 36299 55873
17 36300 55822
17 36300 55837
17 36300 55840
17 36300 55842
17 36300 55844
17 36300 55850
17 36301 55820
17 36301 55822
17 36302 55845
17 36303 55810
17 36303 55825
17 36303 55873
17 36304 55828
17 36304 55830
17 36304 55832
17 36304 55844
17 36304 55860
17 36304 55876
17 36304 55880
17 36305 55852
17 36305 55853
17 36305 55866
17 36307 55815
17 36307 55816
17 36307 55829
17 36307 55839
17 36307 55840
17 36307 55845
17 36307 55872
17 36308 55843
17 36308 55866
17 36309 55828
17 36309 55829
17 36309 55853
17 36309 55872
17 36310 55817
17 36310 55819
17 36311 55824
17 36311 55839
17 36312 55829
17 36312 55831
17 36312 55844
17 36312 55857
17 36313 55829
17 36313 55835
17 36313 55839
17 36313 55845
17 36313 55846
17 36313 55852
17 36314 55839
17 36314 55843
17 36314 55850
17 36314 55852
17 36315 55812
17 36315 55824
17 36315 55840
17 36315 55843
17 36315 55868
17 36316 55807
17 36316 55832
17 36316 55845
17 36316 55846
17 36316 55849
17 36317 55834
17 36317 55835
17 36317 55847
17 36318 55837
17 36318 55846
17 36319 55824
17 36319 55836
17 36319 55849
17 36319 55892
17 36320 55810
17 36320 55832
17 36320 55834
17 36320 55838
17 36321 55829
17 36321 55832
17 36321 55834
17 36321 55837
17 36322 55806
17 36322 55811
17 36322 55828
17 36323 55810
17 36323 55813
17 36323 55836
17 36323 55897
17 36324 55819
17 36324 55820
17 36324 55823
17 36325 55826
17 36325 55832
17 36325 55834
17 36326 55813
17 36326 55814
17 36327 55807
17 36327 55813
17 36327 55824
17 36328 55815
17 36328 55820
17 36328 55829
17 36328 55831
17 36329 55821
17 36329 55833
17 36331 55815
17 36331 55832
17 36332 55808
17 36332 55810
17 36332 55812
17 36332 55813
17 36332 55817
17 36332 55819
17 36332 55830
17 36333 55811
17 36333 55815
17 36333 55816
17 36333 55820
17 36334 55806
17 36334 55815
17 36334 55825
17 36334 55828
17 36334 55832
17 36335 55809
17 36335 55811
17 36335 55813
17 36335 55817
17 36335 55823
17 36335 55829
17 36336 55819
17 36336 55852
17 36337 55811
17 36337 55815
17 36337 55822
17 36337 55824
17 36338 55810
17 36338 55818
17 36338 55822
17 36339 55824
17 36340 55814
17 36340 55818
17 36340 55819
17 36340 55820
17 36341 55810
17 36341 55817
17 36341 55820
17 36341 55821
17 36341 55829
17 36342 55816
17 36343 55813
17 36344 55817
17 36344 55844
17 36344 55852
17 36344 55853
17 36345 55811
17 36345 55814
17 36345 55817
17 36345 55853
17 36345 55873
17 36346 55818
17 36346 55831
17 36347 55811
17 36347 55855
17 36348 55835
17 36348 55895
17 36349 55810
17 36349 55811
17 36349 55816
17 36349 55850
17 36349 55857
17 36350 55814
17 36350 55849
17 36350 55862
17 36350 55892
17 36351 55811
17 36351 55830
17 36351 55833
17 36351 55834
17 36351 55835
17 36351 55837
17 36351 55857
17 36351 55862
17 36352 55811
17 36352 55820
17 36352 55830
17 36352 55837
17 36352 55843
17 36352 55861
17 36353 55830
17 36353 55831
17 36354 55811
17 36354 55817
17 36355 55821
17 36356 55807
17 36356 55810
17 36356 55829
17 36357 55807
17 36357 55817
17 36357 55823
17 36358 55820
17 36358 55825
17 36359 55809
17 36359 55814
17 36359 55817
17 36359 55819
17 36359 55821
17 36360 55814
17 36360 55819
17 36360 55820
17 36360 55821
17 36361 55809
17 36361 55811
17 36361 55816
17 36362 55807
17 36362 55809
17 36372 55895
18 72534 111612
18 72534 111613
18 72534 111614
18 72534 111615
18 72534 111616
18 72534 111617
18 72534 111618
18 72534 111619
18 72534 111620
18 72534 111621
18 72534 111622
18 72534 111623
18 72534 111624
18 72534 111625
18 72534 111626
18 72534 111627
18 72534 111628
18 72534 111629
18 72534 111630
18 72534 111631
18 72534 111632
18 72534 111633
18 72534 111634
18 72534 111635
18 72534 111636
18 72534 111637
18 72534 111638
18 72534 111639
18 72534 111640
18 72534 111641
18 72534 111642
18 72534 111643
18 72534 111644
18 72534 111645
18 72534 111646
18 72534 111647
18 72534 111648
18 72534 111649
18 72534 111650
18 72534 111651
18 72534 111652
18 72534 111653
18 72534 111654
18 72534 111655
18 72534 111656
18 72534 111657
18 72534 111658
18 72534 111659
18 72534 111660
18 72534 111661
18 72534 111662
18 72534 111663
18 72534 111664
18 72534 111665
18 72534 111666
18 72534 111667
18 72534 111668
18 72534 111669
18 72534 111670
18 72534 111671
18 72534 111672
18 72534 111673
18 72534 111674
18 72534 111675
18 72534 111676
18 72534 111677
18 72534 111678
18 72534 111679
18 72534 111680
18 72534 111681
18 72534 111682
18 72534 111683
18 72534 111684
18 72534 111685
18 72534 111686
18 72534 111687
18 72534 111688
18 72534 111689
18 72534 111690
18 72534 111691
18 72534 111692
18 72534 111693
18 72534 111694
18 72534 111695
18 72534 111696
18 72534 111697
18 72534 111698
18 72534 111699
18 72534 111700
18 72534 111701
18 72534 111702
18 72534 111703
18 72534 111704
18 72534 111705
18 72534 111706
18 72534 111707
18 72534 111708
18 72534 111709
18 72534 111710
18 72534 111711
18 72534 111712
18 72534 111713
18 72534 111714
18 72534 111715
18 72534 111716
18 72534 111717
18 72534 111718
18 72534 111719
18 72534 111720
18 72534 111721
18 72534 111722
18 72534 111723
18 72534 111724
18 72534 111725
18 72534 111726
18 72534 111727
18 72534 111728
18 72534 111729
18 72534 111730
18 72534 111731
18 72534 111732
18 72534 111733
18 72534 111734
18 72534 111735
18 72534 111736
18 72534 111737
18 72534 111738
18 72534 111739
18 72534 111740
18 72534 111741
18 72534 111742
18 72534 111743
18 72534 111744
18 72534 111745
18 72534 111746
18 72534 111747
18 72534 111748
18 72534 111749
18 72534 111750
18 72534 111751
18 72534 111752
18 72534 111753
18 72534 111754
18 72534 111755
18 72534 111756
18 72534 111757
18 72534 111758
18 72534 111759
18 72534 111760
18 72534 111761
18 72534 111762
18 72534 111763
18 72534 111764
18 72534 111765
18 72534 111766
18 72534 111767
18 72534 111768
18 72534 111769
18 72534 111770
18 72534 111771
18 72534 111772
18 72534 111773
18 72534 111774
18 72534 111775
18 72534 111776
18 72534 111777
18 72534 111778
18 72534 111779
18 72534 111780
18 72534 111781
18 72534 111782
18 72534 111783
18 72534 111784
18 72534 111785
18 72534 111786
18 72534 111787
18 72534 111788
18 72534 111789
18 72534 111790
18 72534 111791
18 72534 111792
18 72534 111793
18 72534 111794
18 72534 111795
18 72534 111796
18 72534 111797
18 72534 111798
18 72534 111799
18 72534 111800
18 72534 111801
18 72534 111802
18 72534 111803
18 72534 111804
18 72534 111805
18 72534 111806
18 72534 111807
18 72534 111808
18 72534 111809
18 72534 111810
18 72534 111811
18 72534 111812
18 72534 111813
18 72534 111814
18 72534 111815
18 72534 111816
18 72534 111817
18 72534 111818
18 72534 111819
18 72534 111820
18 72534 111821
18 72534 111822
18 72534 111823
18 72534 111824
18 72534 111825
18 72534 111826
18 72534 111827
18 72534 111828
18 72534 111829
18 72536 111779
18 72539 111807
18 72540 111639
18 72541 111665
18 72543 111699
18 72543 111806
18 72549 111743
18 72550 111644
18 72550 111759
18 72550 111809
18 72552 111640
18 72552 111766
18 72554 111711
18 72554 111774
18 72555 111638
18 72558 111639
18 72558 111807
18 72559 111793
18 72560 111753
18 72561 111803
18 72562 111651
18 72563 111642
18 72563 111779
18 72563 111817
18 72564 111637
18 72565 111705
18 72565 111793
18 72566 111679
18 72566 111702
18 72566 111728
18 72568 111623
18 72568 111673
18 72568 111720
18 72568 111755
18 72569 111737
18 72570 111770
18 72572 111675
18 72572 111793
18 72572 111794
18 72573 111663
18 72574 111739
18 72575 111718
18 72576 111679
18 72576 111827
18 72579 111628
18 72580 111690
18 72580 111691
18 72580 111799
18 72582 111723
18 72584 111752
18 72585 111715
18 72586 111669
18 72586 111713
18 72586 111753
18 72587 111646
18 72589 111828
18 72590 111658
18 72590 111711
18 72591 111641
18 72591 111765
18 72592 111666
18 72592 111668
18 72593 111716
18 72595 111755
18 72596 111659
18 72598 111747
18 72601 111645
18 72601 111674
18 72601 111681
18 72601 111684
18 72601 111700
18 72606 111746
18 72607 111650
18 72609 111657
18 72609 111665
18 72609 111760
18 72610 111704
18 72611 111706
18 72611 111733
18 72614 111631
18 72614 111678
18 72614 111744
18 72616 111687
18 72616 111732
18 72618 111706
18 72620 111634
18 72622 111679
18 72626 111705
18 72627 111671
18 72627 111691
18 72627 111692
18 72628 111678
18 72629 111700
18 72630 111625
18 72630 111680
18 72630 111686
18 72631 111625
18 72632 111693
18 72632 111698
18 72633 111664
18 72634 111668
18 72636 111674
18 72638 111649
18 72638 111784
18 72641 111669
18 72642 111669
18 72643 111664
18 72643 111675
18 72645 111622
18 72646 111627
18 72646 111673
18 72646 111795
18 72647 111621
18 72648 111647
18 72650 111665
18 72650 111668
18 72654 111615
18 72656 111631
18 72656 111659
18 72658 111643
18 72658 111667
18 72664 111635
18 72664 111638
18 72665 111620
18 72665 111624
18 72665 111627
18 72666 111623
18 72668 111656
18 72671 111626
18 72672 111639
18 72673 111704
18 72675 111622
18 72677 111620
18 72677 111644
18 72680 111640
18 72680 111641
18 72681 111629
18 72681 111640
18 72682 111634
18 72682 111635
18 72682 111641
18 72682 111642
18 72683 111659
18 72689 111705
18 72690 111623
18 72691 111707
18 72691 111746
18 72693 111636
18 72699 111701
18 72700 111698
18 72700 111724
18 72701 111629
18 72702 111623
18 72702 111671
18 72702 111724
18 72703 111715
18 72703 111724
18 72704 111675
18 72704 111723
18 72705 111687
18 72707 111661
18 72709 111623
18 72712 111621
18 72712 111658
18 72714 111647
18 72715 111647
18 72717 111651
18 72718 111619
18 72718 111628
18 72724 111618
3 2 3
4 4 6
4 4 6
5 8 13
5 8 13
6 17 27
6 17 27
7 35 54
7 35 54
8 70 108
8 70 108
8 71 108
8 71 108
9 141 217
9 141 217
9 142 217
9 142 217
