10 250 422
11 501 845
11 501 845
11 501 847
12 1002 1690
12 1002 1690
12 1002 1691
12 1002 1691
12 1002 1692
12 1002 1692
12 1002 1693
12 1002 1693
12 1002 1694
12 1002 1694
12 1003 1690
12 1003 1690
12 1003 1691
12 1003 1691
12 1003 1694
12 1003 1694
12 1004 1690
12 1004 1690
12 1004 1691
12 1004 1691
12 1004 1694
12 1004 1694
12 1005 1690
12 1005 1690
12 1005 1691
12 1005 1691
12 1005 1694
12 1005 1694
12 1006 1690
12 1006 1690
12 1006 1691
12 1006 1691
12 1007 1690
12 1007 1690
12 1007 1691
12 1007 1691
12 1008 1690
12 1008 1690
12 1008 1691
12 1008 1691
12 1009 1690
12 1009 1690
12 1009 1691
12 1009 1691
12 1009 1692
12 1009 1692
12 1009 1693
12 1009 1693
12 1009 1694
12 1009 1694
13 2004 3380
13 2004 3380
13 2004 3381
13 2004 3381
13 2004 3382
13 2004 3382
13 2004 3383
13 2004 3383
13 2004 3384
13 2004 3384
13 2004 3385
13 2004 3385
13 2004 3386
13 2004 3386
13 2004 3387
13 2004 3387
13 2004 3388
13 2004 3388
13 2004 3389
13 2004 3389
13 2005 3380
13 2005 3380
13 2005 3381
13 2005 3381
13 2005 3382
13 2005 3382
13 2005 3383
13 2005 3383
13 2005 3384
13 2005 3384
13 2005 3385
13 2005 3385
13 2005 3386
13 2005 3386
13 2005 3387
13 2005 3387
13 2005 3388
13 2005 3388
13 2005 3389
13 2005 3389
13 2006 3380
13 2006 3380
13 2006 3381
13 2006 3381
13 2006 3382
13 2006 3382
13 2006 3383
13 2006 3383
13 2006 3387
13 2006 3387
13 2006 3388
13 2006 3388
13 2006 3389
13 2006 3389
13 2007 3380
13 2007 3380
13 2007 3381
13 2007 3381
13 2007 3382
13 2007 3382
13 2007 3383
13 2007 3383
13 2007 3387
13 2007 3387
13 2007 3388
13 2007 3388
13 2007 3389
13 2007 3389
13 2008 3380
13 2008 3380
13 2008 3381
13 2008 3381
13 2008 3382
13 2008 3382
13 2008 3383
13 2008 3383
13 2008 3387
13 2008 3387
13 2008 3388
13 2008 3388
13 2008 3389
13 2008 3389
13 2009 3380
13 2009 3380
13 2009 3381
13 2009 3381
13 2009 3382
13 2009 3382
13 2009 3383
13 2009 3383
13 2009 3388
13 2009 3388
13 2009 3389
13 2009 3389
13 2010 3380
13 2010 3380
13 2010 3381
13 2010 3381
13 2010 3382
13 2010 3382
13 2010 3383
13 2010 3383
13 2010 3384
13 2010 3384
13 2010 3388
13 2010 3388
13 2010 3389
13 2010 3389
13 2011 3380
13 2011 3380
13 2011 3381
13 2011 3381
13 2011 3382
13 2011 3382
13 2011 3383
13 2011 3383
13 2011 3388
13 2011 3388
13 2011 3389
13 2011 3389
13 2012 3380
13 2012 3380
13 2012 3381
13 2012 3381
13 2012 3382
13 2012 3382
13 2012 3383
13 2012 3383
13 2012 3389
13 2012 3389
13 2013 3380
13 2013 3380
13 2013 3381
13 2013 3381
13 2013 3382
13 2013 3382
13 2013 3383
13 2013 3383
13 2013 3389
13 2013 3389
13 2014 3380
13 2014 3380
13 2014 3381
13 2014 3381
13 2014 3382
13 2014 3382
13 2014 3383
13 2014 3383
13 2014 3389
13 2014 3389
13 2015 3380
13 2015 3380
13 2015 3381
13 2015 3381
13 2015 3382
13 2015 3382
13 2015 3383
13 2015 3383
13 2015 3384
13 2015 3384
13 2016 3380
13 2016 3380
13 2016 3381
13 2016 3381
13 2016 3382
13 2016 3382
13 2016 3383
13 2016 3383
13 2016 3384
13 2016 3384
13 2017 3380
13 2017 3380
13 2017 3381
13 2017 3381
13 2017 3382
13 2017 3382
13 2017 3383
13 2017 3383
13 2017 3384
13 2017 3384
13 2017 3389
13 2017 3389
13 2018 3380
13 2018 3380
13 2018 3381
13 2018 3381
13 2018 3382
13 2018 3382
13 2018 3383
13 2018 3383
13 2018 3384
13 2018 3384
13 2018 3385
13 2018 3385
13 2018 3386
13 2018 3386
13 2018 3387
13 2018 3387
13 2018 3388
13 2018 3388
13 2018 3389
13 2018 3389
13 2019 3380
13 2019 3380
13 2019 3381
13 2019 3381
13 2019 3382
13 2019 3382
13 2019 3383
13 2019 3383
13 2019 3384
13 2019 3384
13 2019 3385
13 2019 3385
13 2019 3386
13 2019 3386
13 2019 3387
13 2019 3387
13 2019 3388
13 2019 3388
13 2019 3389
13 2019 3389
14 4008 6761
14 4008 6762
14 4008 6763
14 4008 6764
14 4008 6765
14 4008 6766
14 4008 6767
14 4008 6768
14 4008 6769
14 4008 6770
14 4008 6771
14 4008 6772
14 4008 6773
14 4008 6774
14 4008 6775
14 4008 6776
14 4008 6777
14 4008 6778
14 4008 6779
14 4010 6777
15 8017 13523
15 8017 13524
15 8017 13525
15 8017 13526
15 8017 13527
15 8017 13528
15 8017 13529
15 8017 13530
15 8017 13531
15 8017 13532
15 8017 13533
15 8017 13534
15 8017 13535
15 8017 13536
15 8017 13537
15 8017 13538
15 8017 13539
15 8017 13540
15 8017 13541
15 8017 13542
15 8017 13543
15 8017 13544
15 8017 13545
15 8017 13546
15 8017 13547
15 8017 13548
15 8017 13549
15 8017 13550
15 8017 13551
15 8017 13552
15 8017 13553
15 8017 13554
15 8017 13555
15 8017 13556
15 8017 13557
15 8017 13558
15 8017 13559
15 8021 13555
16 16035 27047
16 16035 27048
16 16035 27049
16 16035 27050
16 16035 27051
16 16035 27052
16 16035 27053
16 16035 27054
16 16035 27055
16 16035 27056
16 16035 27057
16 16035 27058
16 16035 27059
16 16035 27060
16 16035 27061
16 16035 27062
16 16035 27063
16 16035 27064
16 16035 27065
16 16035 27066
16 16035 27067
16 16035 27068
16 16035 27069
16 16035 27070
16 16035 27071
16 16035 27072
16 16035 27073
16 16035 27074
16 16035 27075
16 16035 27076
16 16035 27077
16 16035 27078
16 16035 27079
16 16035 27080
16 16035 27081
16 16035 27082
16 16035 27083
16 16035 27084
16 16035 27085
16 16035 27086
16 16035 27087
16 16035 27088
16 16035 27089
16 16035 27090
16 16035 27091
16 16035 27092
16 16035 27093
16 16035 27094
16 16035 27095
16 16035 27096
16 16035 27097
16 16035 27098
16 16035 27099
16 16035 27100
16 16035 27101
16 16035 27102
16 16035 27103
16 16035 27104
16 16035 27105
16 16035 27106
16 16035 27107
16 16035 27108
16 16035 27109
16 16035 27110
16 16035 27111
16 16035 27112
16 16035 27113
16 16035 27114
16 16035 27115
16 16035 27116
16 16035 27117
16 16035 27118
16 16035 27119
16 16043 27110
17 32070 54095
17 32070 54096
17 32070 54097
17 32070 54098
17 32070 54099
17 32070 54100
17 32070 54101
17 32070 54102
17 32070 54103
17 32070 54104
17 32070 54105
17 32070 54106
17 32070 54107
17 32070 54108
17 32070 54109
17 32070 54110
17 32070 54111
17 32070 54112
17 32070 54113
17 32070 54114
17 32070 54115
17 32070 54116
17 32070 54117
17 32070 54118
17 32070 54119
17 32070 54120
17 32070 54121
17 32070 54122
17 32070 54123
17 32070 54124
17 32070 54125
17 32070 54126
17 32070 54127
17 32070 54128
17 32070 54129
17 32070 54130
17 32070 54131
17 32070 54132
17 32070 54133
17 32070 54134
17 32070 54135
17 32070 54136
17 32070 54137
17 32070 54138
17 32070 54139
17 32070 54140
17 32070 54141
17 32070 54142
17 32070 54143
17 32070 54144
17 32070 54145
17 32070 54146
17 32070 54147
17 32070 54148
17 32070 54149
17 32070 54150
17 32070 54151
17 32070 54152
17 32070 54153
17 32070 54154
17 32070 54155
17 32070 54156
17 32070 54157
17 32070 54158
17 32070 54159
17 32070 54160
17 32070 54161
17 32070 54162
17 32070 54163
17 32070 54164
17 32070 54165
17 32070 54166
17 32070 54167
17 32070 54168
17 32070 54169
17 32070 54170
17 32070 54171
17 32070 54172
17 32070 54173
17 32070 54174
17 32070 54175
17 32070 54176
17 32070 54177
17 32070 54178
17 32070 54179
17 32070 54180
17 32070 54181
17 32070 54182
17 32070 54183
17 32070 54184
17 32070 54185
17 32070 54186
17 32070 54187
17 32070 54188
17 32070 54189
17 32070 54190
17 32070 54191
17 32070 54192
17 32070 54193
17 32070 54194
17 32070 54195
17 32070 54196
17 32070 54197
17 32070 54198
17 32070 54199
17 32070 54200
17 32070 54201
17 32070 54202
17 32070 54203
17 32070 54204
17 32070 54205
17 32070 54206
17 32070 54207
17 32070 54208
17 32070 54209
17 32070 54210
17 32070 54211
17 32070 54212
17 32070 54213
17 32070 54214
17 32070 54215
17 32070 54216
17 32070 54217
17 32070 54218
17 32070 54219
17 32070 54220
17 32070 54221
17 32070 54222
17 32070 54223
17 32070 54224
17 32070 54225
17 32070 54226
17 32070 54227
17 32070 54228
17 32070 54229
17 32070 54230
17 32070 54231
17 32070 54232
17 32070 54233
17 32070 54234
17 32070 54235
17 32070 54236
17 32070 54237
17 32070 54238
17 32086 54221
18 64141 108191
18 64141 108192
18 64141 108193
18 64141 108194
18 64141 108195
18 64141 108196
18 64141 108197
18 64141 108198
18 64141 108199
18 64141 108200
18 64141 108201
18 64141 108202
18 64141 108203
18 64141 108204
18 64141 108205
18 64141 108206
18 64141 108207
18 64141 108208
18 64141 108209
18 64141 108210
18 64141 108211
18 64141 108212
18 64141 108213
18 64141 108214
18 64141 108215
18 64141 108216
18 64141 108217
18 64141 108218
18 64141 108219
18 64141 108220
18 64141 108221
18 64141 108222
18 64141 108223
18 64141 108224
18 64141 108225
18 64141 108226
18 64141 108227
18 64141 108228
18 64141 108229
18 64141 108230
18 64141 108231
18 64141 108232
18 64141 108233
18 64141 108234
18 64141 108235
18 64141 108236
18 64141 108237
18 64141 108238
18 64141 108239
18 64141 108240
18 64141 108241
18 64141 108242
18 64141 108243
18 64141 108244
18 64141 108245
18 64141 108246
18 64141 108247
18 64141 108248
18 64141 108249
18 64141 108250
18 64141 108251
18 64141 108252
18 64141 108253
18 64141 108254
18 64141 108255
18 64141 108256
18 64141 108257
18 64141 108258
18 64141 108259
18 64141 108260
18 64141 108261
18 64141 108262
18 64141 108263
18 64141 108264
18 64141 108265
18 64141 108266
18 64141 108267
18 64141 108268
18 64141 108269
18 64141 108270
18 64141 108271
18 64141 108272
18 64141 108273
18 64141 108274
18 64141 108275
18 64141 108276
18 64141 108277
18 64141 108278
18 64141 108279
18 64141 108280
18 64141 108281
18 64141 108282
18 64141 108283
18 64141 108284
18 64141 108285
18 64141 108286
18 64141 108287
18 64141 108288
18 64141 108289
18 64141 108290
18 64141 108291
18 64141 108292
18 64141 108293
18 64141 108294
18 64141 108295
18 64141 108296
18 64141 108297
18 64141 108298
18 64141 108299
18 64141 108300
18 64141 108301
18 64141 108302
18 64141 108303
18 64141 108304
18 64141 108305
18 64141 108306
18 64141 108307
18 64141 108308
18 64141 108309
18 64141 108310
18 64141 108311
18 64141 108312
18 64141 108313
18 64141 108314
18 64141 108315
18 64141 108316
18 64141 108317
18 64141 108318
18 64141 108319
18 64141 108320
18 64141 108321
18 64141 108322
18 64141 108323
18 64141 108324
18 64141 108325
18 64141 108326
18 64141 108327
18 64141 108328
18 64141 108329
18 64141 108330
18 64141 108331
18 64141 108332
18 64141 108333
18 64141 108334
18 64141 108335
18 64141 108336
18 64141 108337
18 64141 108338
18 64141 108339
18 64141 108340
18 64141 108341
18 64141 108342
18 64141 108343
18 64141 108344
18 64141 108345
18 64141 108346
18 64141 108347
18 64141 108348
18 64141 108349
18 64141 108350
18 64141 108351
18 64141 108352
18 64141 108353
18 64141 108354
18 64141 108355
18 64141 108356
18 64141 108357
18 64141 108358
18 64141 108359
18 64141 108360
18 64141 108361
18 64141 108362
18 64141 108363
18 64141 108364
18 64141 108365
18 64141 108366
18 64141 108367
18 64141 108368
18 64141 108369
18 64141 108370
18 64141 108371
18 64141 108372
18 64141 108373
18 64141 108374
18 64141 108375
18 64141 108376
18 64141 108377
18 64141 108378
18 64141 108379
18 64141 108380
18 64141 108381
18 64141 108382
18 64141 108383
18 64141 108384
18 64141 108385
18 64141 108386
18 64141 108387
18 64141 108388
18 64141 108389
18 64141 108390
18 64141 108391
18 64141 108392
18 64141 108393
18 64141 108394
18 64141 108395
18 64141 108396
18 64141 108397
18 64141 108398
18 64141 108399
18 64141 108400
18 64141 108401
18 64141 108402
18 64141 108403
18 64141 108404
18 64141 108405
18 64141 108406
18 64141 108407
18 64141 108408
18 64141 108409
18 64141 108410
18 64141 108411
18 64141 108412
18 64141 108413
18 64141 108414
18 64141 108415
18 64141 108416
18 64141 108417
18 64141 108418
18 64141 108419
18 64141 108420
18 64141 108421
18 64141 108422
18 64141 108423
18 64141 108424
18 64141 108425
18 64141 108426
18 64141 108427
18 64141 108428
18 64141 108429
18 64141 108430
18 64141 108431
18 64141 108432
18 64141 108433
18 64141 108434
18 64141 108435
18 64141 108436
18 64141 108437
18 64141 108438
18 64141 108439
18 64141 108440
18 64141 108441
18 64141 108442
18 64141 108443
18 64141 108444
18 64141 108445
18 64141 108446
18 64141 108447
18 64141 108448
18 64141 108449
18 64141 108450
18 64141 108451
18 64141 108452
18 64141 108453
18 64141 108454
18 64141 108455
18 64141 108456
18 64141 108457
18 64141 108458
18 64141 108459
18 64141 108460
18 64141 108461
18 64141 108462
18 64141 108463
18 64141 108464
18 64141 108465
18 64141 108466
18 64141 108467
18 64141 108468
18 64141 108469
18 64141 108470
18 64141 108471
18 64141 108472
18 64141 108473
18 64141 108474
18 64141 108475
18 64141 108476
18 64141 108477
18 64173 108442
3 1 3
4 3 6
4 3 6
5 7 13
5 7 13
6 15 26
6 15 26
7 31 52
7 31 52
8 62 105
8 62 105
8 63 105
8 63 105
