11 480 845
12 960 1691
12 960 1715
12 961 1691
12 961 1715
12 962 1691
12 962 1715
12 963 1691
12 963 1715
12 964 1691
12 964 1715
12 965 1691
12 965 1715
12 966 1691
12 966 1715
12 967 1691
12 967 1715
12 968 1691
12 968 1715
12 969 1691
12 969 1715
12 970 1691
12 970 1715
12 971 1691
12 971 1715
12 972 1691
12 972 1715
12 973 1691
12 973 1715
12 974 1691
12 974 1715
12 975 1691
12 975 1715
12 976 1691
12 976 1715
12 977 1691
12 977 1715
12 978 1691
12 978 1715
12 979 1691
12 979 1715
12 980 1691
12 980 1715
12 981 1691
12 981 1715
12 982 1691
12 982 1715
12 983 1691
12 983 1715
12 984 1691
12 984 1715
12 985 1691
12 985 1715
12 986 1691
12 986 1715
12 987 1691
12 987 1715
12 988 1691
12 988 1715
12 989 1691
12 989 1715
12 990 1691
12 990 1715
12 991 1691
12 991 1715
12 992 1691
12 992 1715
12 993 1691
12 993 1692
12 993 1693
12 993 1694
12 993 1695
12 993 1696
12 993 1697
12 993 1698
12 993 1699
12 993 1700
12 993 1701
12 993 1702
12 993 1703
12 993 1704
12 993 1705
12 993 1706
12 993 1707
12 993 1708
12 993 1709
12 993 1710
12 993 1711
12 993 1712
12 993 1713
12 993 1714
12 993 1715
13 1920 3383
4 3 6
5 7 13
