13 2370 3218
13 2370 3219
13 2370 3220
13 2370 3221
13 2370 3222
13 2370 3223
13 2370 3224
13 2370 3225
13 2370 3226
13 2370 3227
13 2371 3218
13 2371 3227
13 2372 3218
13 2372 3227
13 2373 3218
13 2373 3227
13 2374 3218
13 2374 3227
13 2375 3218
13 2375 3227
13 2376 3218
13 2376 3227
13 2377 3218
13 2377 3227
13 2378 3218
13 2378 3227
13 2379 3218
13 2379 3227
13 2380 3218
13 2380 3219
13 2380 3220
13 2380 3221
13 2380 3222
13 2380 3223
13 2380 3224
13 2380 3225
13 2380 3226
13 2380 3227
13 2381 3218
13 2381 3219
13 2381 3220
13 2381 3221
13 2381 3222
13 2381 3223
13 2381 3224
13 2381 3225
13 2381 3226
13 2381 3227
13 2382 3218
13 2382 3219
13 2382 3220
13 2382 3221
13 2382 3222
13 2382 3223
13 2382 3224
13 2382 3225
13 2382 3226
13 2382 3227
13 2383 3218
13 2383 3219
13 2383 3220
13 2383 3221
13 2383 3222
13 2383 3223
13 2383 3224
13 2383 3225
13 2383 3226
13 2383 3227
13 2384 3218
13 2384 3219
13 2384 3220
13 2384 3221
13 2384 3222
13 2384 3223
13 2384 3224
13 2384 3225
13 2384 3226
13 2384 3227
13 2385 3218
13 2385 3219
13 2385 3220
13 2385 3221
13 2385 3222
13 2385 3223
13 2385 3224
13 2385 3225
13 2385 3226
13 2385 3227
13 2386 3218
13 2386 3219
13 2386 3220
13 2386 3221
13 2386 3222
13 2386 3223
13 2386 3224
13 2386 3225
13 2386 3226
13 2386 3227
13 2387 3218
13 2387 3219
13 2387 3220
13 2387 3221
13 2387 3222
13 2387 3223
13 2387 3224
13 2387 3225
13 2387 3226
13 2387 3227
