13 2431 3067
13 2432 3067
14 4863 6134
14 4863 6135
15 9727 12268
15 9727 12269
15 9727 12270
16 19455 24535
16 19455 24536
16 19455 24537
16 19455 24538
16 19455 24539
16 19455 24540
17 38910 49048
17 38910 49049
17 38910 49050
17 38910 49051
17 38910 49052
17 38910 49053
17 38910 49054
17 38910 49055
17 38910 49056
17 38910 49057
17 38910 49058
17 38910 49059
17 38910 49060
17 38910 49061
17 38910 49062
17 38910 49063
17 38910 49064
17 38910 49065
17 38910 49066
17 38910 49067
17 38910 49068
17 38910 49069
17 38910 49070
17 38910 49071
17 38910 49072
17 38910 49073
17 38910 49074
17 38910 49075
17 38910 49076
17 38910 49077
17 38910 49078
17 38910 49079
17 38910 49080
17 38911 49050
17 38911 49055
17 38911 49059
17 38911 49063
17 38912 49051
17 38912 49052
17 38912 49058
17 38912 49060
17 38913 49054
17 38914 49048
17 38914 49069
17 38915 49053
17 38915 49059
17 38916 49049
17 38916 49060
17 38916 49062
17 38916 49064
17 38916 49067
17 38917 49050
17 38917 49058
17 38917 49064
17 38918 49058
17 38918 49060
17 38919 49069
17 38920 49049
17 38920 49061
17 38920 49067
17 38921 49054
17 38921 49056
17 38922 49063
17 38923 49053
17 38923 49054
17 38925 49050
17 38926 49048
17 38927 49048
18 77821 98096
18 77821 98097
18 77821 98098
18 77821 98099
18 77821 98100
18 77821 98101
18 77821 98102
18 77821 98103
18 77821 98104
18 77821 98105
18 77821 98106
18 77821 98107
18 77821 98108
18 77821 98109
18 77821 98110
18 77821 98111
18 77821 98112
18 77821 98113
18 77821 98114
18 77821 98115
18 77821 98116
18 77821 98117
18 77821 98118
18 77821 98119
18 77821 98120
18 77821 98121
18 77821 98122
18 77821 98123
18 77821 98124
18 77821 98125
18 77821 98126
18 77821 98127
18 77821 98128
18 77821 98129
18 77821 98130
18 77821 98131
18 77821 98132
18 77821 98133
18 77821 98134
18 77821 98135
18 77821 98136
18 77821 98137
18 77821 98138
18 77821 98139
18 77821 98140
18 77821 98141
18 77821 98142
18 77821 98143
18 77821 98144
18 77821 98145
18 77821 98146
18 77821 98147
18 77821 98148
18 77821 98149
18 77821 98150
18 77821 98151
18 77821 98152
18 77821 98153
18 77821 98154
18 77821 98155
18 77821 98156
18 77821 98157
18 77821 98158
18 77821 98159
18 77821 98160
3 2 2
4 4 5
5 9 11
6 18 23
6 19 23
7 37 47
7 38 47
8 75 95
8 76 95
