11 569 873
12 1138 1746
12 1138 1746
12 1138 1747
12 1138 1747
12 1138 1748
12 1138 1748
12 1138 1749
12 1138 1749
12 1138 1750
12 1138 1750
12 1138 1751
12 1138 1751
12 1138 1752
12 1138 1752
12 1138 1753
12 1138 1753
12 1138 1754
12 1138 1754
12 1138 1755
12 1138 1755
12 1138 1756
12 1138 1756
13 2260 3492
13 2260 3492
13 2260 3493
13 2260 3493
13 2260 3494
13 2260 3494
13 2260 3495
13 2260 3495
13 2260 3496
13 2260 3496
13 2260 3497
13 2260 3497
13 2260 3498
13 2260 3498
13 2260 3499
13 2260 3499
13 2260 3500
13 2260 3500
13 2260 3501
13 2260 3501
13 2260 3502
13 2260 3502
13 2260 3503
13 2260 3503
13 2260 3504
13 2260 3504
13 2260 3505
13 2260 3505
13 2260 3506
13 2260 3506
13 2260 3507
13 2260 3507
13 2260 3508
13 2260 3508
13 2260 3509
13 2260 3509
13 2260 3510
13 2260 3510
13 2260 3511
13 2260 3511
13 2260 3512
13 2260 3512
13 2260 3513
13 2260 3513
13 2261 3492
13 2261 3492
13 2262 3492
13 2262 3492
13 2263 3492
13 2263 3492
13 2264 3492
13 2264 3492
13 2265 3492
13 2265 3492
13 2266 3492
13 2266 3492
13 2267 3492
13 2267 3492
13 2268 3492
13 2268 3492
13 2269 3492
13 2269 3492
13 2270 3492
13 2270 3492
13 2271 3492
13 2271 3492
13 2272 3492
13 2272 3492
13 2274 3492
13 2274 3492
13 2275 3492
13 2275 3492
13 2276 3492
13 2276 3492
13 2276 3493
13 2276 3493
13 2276 3494
13 2276 3494
13 2276 3495
13 2276 3495
13 2276 3496
13 2276 3496
13 2276 3497
13 2276 3497
13 2276 3498
13 2276 3498
13 2276 3499
13 2276 3499
13 2276 3500
13 2276 3500
13 2276 3501
13 2276 3501
13 2276 3502
13 2276 3502
13 2276 3503
13 2276 3503
13 2276 3504
13 2276 3504
13 2276 3505
13 2276 3505
13 2276 3506
13 2276 3506
13 2276 3507
13 2276 3507
13 2276 3508
13 2276 3508
13 2276 3509
13 2276 3509
13 2276 3510
13 2276 3510
13 2276 3511
13 2276 3511
13 2276 3512
13 2276 3512
13 2276 3513
13 2276 3513
14 4521 6985
14 4521 6986
14 4521 6987
14 4521 6988
14 4521 6989
14 4521 6990
14 4521 6991
14 4521 6992
14 4521 6993
14 4521 6994
14 4521 6995
14 4521 6996
14 4521 6997
14 4521 6998
14 4521 6999
14 4521 7000
14 4521 7001
14 4521 7002
14 4521 7003
14 4521 7004
14 4521 7005
14 4521 7006
14 4521 7007
14 4521 7008
14 4521 7009
14 4521 7010
14 4521 7011
14 4521 7012
14 4521 7013
14 4521 7014
14 4521 7015
14 4521 7016
14 4521 7017
14 4521 7018
14 4521 7019
14 4521 7020
14 4521 7021
14 4521 7022
14 4521 7023
14 4521 7024
14 4521 7025
14 4521 7026
14 4521 7027
14 4524 6985
14 4532 6985
14 4534 6985
14 4535 6985
14 4536 6985
15 9042 13970
15 9042 13971
15 9042 13972
15 9042 13973
15 9042 13974
15 9042 13975
15 9042 13976
15 9042 13977
15 9042 13978
15 9042 13979
15 9042 13980
15 9042 13981
15 9042 13982
15 9042 13983
15 9042 13984
15 9042 13985
15 9042 13986
15 9042 13987
15 9042 13988
15 9042 13989
15 9042 13990
15 9042 13991
15 9042 13992
15 9042 13993
15 9042 13994
15 9042 13995
15 9042 13996
15 9042 13997
15 9042 13998
15 9042 13999
15 9042 14000
15 9042 14001
15 9042 14002
15 9042 14003
15 9042 14004
15 9042 14005
15 9042 14006
15 9042 14007
15 9042 14008
15 9042 14009
15 9042 14010
15 9042 14011
15 9042 14012
15 9042 14013
15 9042 14014
15 9042 14015
15 9042 14016
15 9042 14017
15 9042 14018
15 9042 14019
15 9042 14020
15 9042 14021
15 9042 14022
15 9042 14023
15 9042 14024
15 9042 14025
15 9042 14026
15 9042 14027
15 9042 14028
15 9042 14029
15 9042 14030
15 9042 14031
15 9042 14032
15 9042 14033
15 9042 14034
15 9042 14035
15 9042 14036
15 9042 14037
15 9042 14038
15 9042 14039
15 9042 14040
15 9042 14041
15 9042 14042
15 9042 14043
15 9042 14044
15 9042 14045
15 9042 14046
15 9042 14047
15 9042 14048
15 9042 14049
15 9042 14050
15 9042 14051
15 9042 14052
15 9042 14053
15 9042 14054
15 9042 14055
15 9049 13970
15 9065 13970
15 9069 13970
15 9069 13971
15 9071 13971
15 9073 13970
16 18085 27940
16 18085 27941
16 18085 27942
16 18085 27943
16 18085 27944
16 18085 27945
16 18085 27946
16 18085 27947
16 18085 27948
16 18085 27949
16 18085 27950
16 18085 27951
16 18085 27952
16 18085 27953
16 18085 27954
16 18085 27955
16 18085 27956
16 18085 27957
16 18085 27958
16 18085 27959
16 18085 27960
16 18085 27961
16 18085 27962
16 18085 27963
16 18085 27964
16 18085 27965
16 18085 27966
16 18085 27967
16 18085 27968
16 18085 27969
16 18085 27970
16 18085 27971
16 18085 27972
16 18085 27973
16 18085 27974
16 18085 27975
16 18085 27976
16 18085 27977
16 18085 27978
16 18085 27979
16 18085 27980
16 18085 27981
16 18085 27982
16 18085 27983
16 18085 27984
16 18085 27985
16 18085 27986
16 18085 27987
16 18085 27988
16 18085 27989
16 18085 27990
16 18085 27991
16 18085 27992
16 18085 27993
16 18085 27994
16 18085 27995
16 18085 27996
16 18085 27997
16 18085 27998
16 18085 27999
16 18085 28000
16 18085 28001
16 18085 28002
16 18085 28003
16 18085 28004
16 18085 28005
16 18085 28006
16 18085 28007
16 18085 28008
16 18085 28009
16 18085 28010
16 18085 28011
16 18085 28012
16 18085 28013
16 18085 28014
16 18085 28015
16 18085 28016
16 18085 28017
16 18085 28018
16 18085 28019
16 18085 28020
16 18085 28021
16 18085 28022
16 18085 28023
16 18085 28024
16 18085 28025
16 18085 28026
16 18085 28027
16 18085 28028
16 18085 28029
16 18085 28030
16 18085 28031
16 18085 28032
16 18085 28033
16 18085 28034
16 18085 28035
16 18085 28036
16 18085 28037
16 18085 28038
16 18085 28039
16 18085 28040
16 18085 28041
16 18085 28042
16 18085 28043
16 18085 28044
16 18085 28045
16 18085 28046
16 18085 28047
16 18085 28048
16 18085 28049
16 18085 28050
16 18085 28051
16 18085 28052
16 18085 28053
16 18085 28054
16 18085 28055
16 18085 28056
16 18085 28057
16 18085 28058
16 18085 28059
16 18085 28060
16 18085 28061
16 18085 28062
16 18085 28063
16 18085 28064
16 18085 28065
16 18085 28066
16 18085 28067
16 18085 28068
16 18085 28069
16 18085 28070
16 18085 28071
16 18085 28072
16 18085 28073
16 18085 28074
16 18085 28075
16 18085 28076
16 18085 28077
16 18085 28078
16 18085 28079
16 18085 28080
16 18085 28081
16 18085 28082
16 18085 28083
16 18085 28084
16 18085 28085
16 18085 28086
16 18085 28087
16 18085 28088
16 18085 28089
16 18085 28090
16 18085 28091
16 18085 28092
16 18085 28093
16 18085 28094
16 18085 28095
16 18085 28096
16 18085 28097
16 18085 28098
16 18085 28099
16 18085 28100
16 18085 28101
16 18085 28102
16 18085 28103
16 18085 28104
16 18085 28105
16 18085 28106
16 18085 28107
16 18085 28108
16 18085 28109
16 18085 28110
16 18088 28077
16 18089 28059
16 18090 28073
16 18091 28025
16 18091 28064
16 18092 28079
16 18092 28095
16 18093 28065
16 18096 28031
16 18097 28044
16 18098 27941
16 18098 28063
16 18098 28069
16 18100 28023
16 18101 28022
16 18101 28070
16 18103 27988
16 18103 28023
16 18103 28051
16 18106 28027
16 18106 28066
16 18108 27986
16 18108 28083
16 18110 28048
16 18110 28059
16 18112 28080
16 18113 27947
16 18113 28059
16 18113 28079
16 18114 27971
16 18114 27976
16 18114 28058
16 18115 28029
16 18116 27970
16 18116 27975
16 18117 27973
16 18117 27975
16 18117 28055
16 18119 27955
16 18119 27959
16 18120 27969
16 18120 27987
16 18120 28041
16 18120 28073
16 18121 27950
16 18121 27952
16 18121 27973
16 18122 27960
16 18122 28019
16 18122 28050
16 18123 28035
16 18123 28040
16 18125 28012
16 18127 28013
16 18127 28017
16 18127 28031
16 18127 28035
16 18127 28037
16 18128 27975
16 18128 28018
16 18128 28021
16 18128 28067
16 18129 27945
16 18130 28026
16 18131 27940
16 18131 27951
16 18132 28008
16 18132 28037
16 18133 27953
16 18134 27944
16 18134 27951
16 18135 27951
16 18135 28016
16 18137 28008
16 18137 28030
16 18138 27941
16 18138 27943
16 18138 28030
16 18139 27948
16 18140 27944
16 18140 27954
16 18140 28022
16 18140 28058
16 18141 27948
16 18141 28004
16 18141 28022
16 18141 28043
16 18142 27942
16 18142 27979
16 18142 28000
16 18142 28006
16 18143 27948
16 18143 27963
16 18143 27971
16 18143 27995
16 18144 27956
16 18145 27957
16 18145 28017
16 18146 28017
16 18147 27941
16 18147 27957
16 18147 27998
16 18147 28014
16 18148 28008
16 18148 28039
16 18149 28021
16 18151 28009
16 18152 27977
16 18152 27985
16 18152 28001
16 18154 28002
16 18156 27989
16 18156 27992
16 18156 27994
16 18156 27997
16 18156 27999
16 18156 28036
16 18157 28035
16 18157 28036
16 18158 27990
16 18159 27946
16 18161 27948
16 18162 27959
16 18162 27984
16 18162 27985
16 18162 27986
16 18165 27979
16 18165 27989
16 18165 28020
16 18166 27966
16 18168 27974
16 18168 27976
16 18169 27970
16 18169 27973
16 18175 27963
16 18176 27969
16 18179 27985
17 36171 55881
18 72342 111762
3 2 3
4 4 6
4 4 6
5 8 13
5 8 13
6 17 27
6 17 27
7 35 54
7 35 54
