13 2341 3228
13 2341 3228
13 2342 3228
13 2342 3228
13 2343 3228
13 2343 3228
13 2344 3228
13 2344 3228
13 2345 3228
13 2345 3228
13 2346 3228
13 2346 3228
13 2347 3228
13 2347 3228
13 2348 3228
13 2348 3228
13 2349 3228
13 2349 3228
13 2350 3228
13 2350 3228
13 2351 3228
13 2351 3228
13 2352 3228
13 2352 3228
14 4683 6457
14 4683 6473
15 9366 12915
15 9366 12916
15 9366 12917
15 9366 12918
15 9366 12919
15 9366 12920
15 9366 12921
15 9366 12922
15 9366 12923
15 9366 12924
15 9366 12925
15 9366 12926
15 9366 12927
15 9366 12928
15 9366 12929
15 9366 12930
15 9366 12931
15 9366 12932
15 9366 12933
15 9366 12934
15 9366 12935
15 9366 12936
15 9366 12937
15 9366 12938
15 9366 12939
15 9366 12940
15 9366 12941
15 9366 12942
15 9366 12943
15 9366 12944
15 9366 12945
15 9366 12946
15 9366 12947
16 18733 25830
16 18733 25831
16 18733 25832
16 18733 25833
16 18733 25834
16 18733 25835
16 18733 25836
16 18733 25837
16 18733 25838
16 18733 25839
16 18733 25840
16 18733 25841
16 18733 25842
16 18733 25843
16 18733 25844
16 18733 25845
16 18733 25846
16 18733 25847
16 18733 25848
16 18733 25849
16 18733 25850
16 18733 25851
16 18733 25852
16 18733 25853
16 18733 25854
16 18733 25855
16 18733 25856
16 18733 25857
16 18733 25858
16 18733 25859
16 18733 25860
16 18733 25861
16 18733 25862
16 18733 25863
16 18733 25864
16 18733 25865
16 18733 25866
16 18733 25867
16 18733 25868
16 18733 25869
16 18733 25870
16 18733 25871
16 18733 25872
16 18733 25873
16 18733 25874
16 18733 25875
16 18733 25876
16 18733 25877
16 18733 25878
16 18733 25879
16 18733 25880
16 18733 25881
16 18733 25882
16 18733 25883
16 18733 25884
16 18733 25885
16 18733 25886
16 18733 25887
16 18733 25888
16 18733 25889
16 18733 25890
16 18733 25891
16 18733 25892
16 18733 25893
16 18733 25894
16 18806 25883
17 37467 51660
17 37467 51661
17 37467 51662
17 37467 51663
17 37467 51664
17 37467 51665
17 37467 51666
17 37467 51667
17 37467 51668
17 37467 51669
17 37467 51670
17 37467 51671
17 37467 51672
17 37467 51673
17 37467 51674
17 37467 51675
17 37467 51676
17 37467 51677
17 37467 51678
17 37467 51679
17 37467 51680
17 37467 51681
17 37467 51682
17 37467 51683
17 37467 51684
17 37467 51685
17 37467 51686
17 37467 51687
17 37467 51688
17 37467 51689
17 37467 51690
17 37467 51691
17 37467 51692
17 37467 51693
17 37467 51694
17 37467 51695
17 37467 51696
17 37467 51697
17 37467 51698
17 37467 51699
17 37467 51700
17 37467 51701
17 37467 51702
17 37467 51703
17 37467 51704
17 37467 51705
17 37467 51706
17 37467 51707
17 37467 51708
17 37467 51709
17 37467 51710
17 37467 51711
17 37467 51712
17 37467 51713
17 37467 51714
17 37467 51715
17 37467 51716
17 37467 51717
17 37467 51718
17 37467 51719
17 37467 51720
17 37467 51721
17 37467 51722
17 37467 51723
17 37467 51724
17 37467 51725
17 37467 51726
17 37467 51727
17 37467 51728
17 37467 51729
17 37467 51730
17 37467 51731
17 37467 51732
17 37467 51733
17 37467 51734
17 37467 51735
17 37467 51736
17 37467 51737
17 37467 51738
17 37467 51739
17 37467 51740
17 37467 51741
17 37467 51742
17 37467 51743
17 37467 51744
17 37467 51745
17 37467 51746
17 37467 51747
17 37467 51748
17 37467 51749
17 37467 51750
17 37467 51751
17 37467 51752
17 37467 51753
17 37467 51754
17 37467 51755
17 37467 51756
17 37467 51757
17 37467 51758
17 37467 51759
17 37467 51760
17 37467 51761
17 37467 51762
17 37467 51763
17 37467 51764
17 37467 51765
17 37467 51766
17 37467 51767
17 37467 51768
17 37467 51769
17 37467 51770
17 37467 51771
17 37467 51772
17 37467 51773
17 37467 51774
17 37467 51775
17 37467 51776
17 37467 51777
17 37467 51778
17 37467 51779
17 37467 51780
17 37467 51781
17 37467 51782
17 37467 51783
17 37467 51784
17 37467 51785
17 37467 51786
17 37467 51787
17 37467 51788
17 37467 51789
17 37612 51767
18 74935 103321
18 74935 103322
18 74935 103323
18 74935 103324
18 74935 103325
18 74935 103326
18 74935 103327
18 74935 103328
18 74935 103329
18 74935 103330
18 74935 103331
18 74935 103332
18 74935 103333
18 74935 103334
18 74935 103335
18 74935 103336
18 74935 103337
18 74935 103338
18 74935 103339
18 74935 103340
18 74935 103341
18 74935 103342
18 74935 103343
18 74935 103344
18 74935 103345
18 74935 103346
18 74935 103347
18 74935 103348
18 74935 103349
18 74935 103350
18 74935 103351
18 74935 103352
18 74935 103353
18 74935 103354
18 74935 103355
18 74935 103356
18 74935 103357
18 74935 103358
18 74935 103359
18 74935 103360
18 74935 103361
18 74935 103362
18 74935 103363
18 74935 103364
18 74935 103365
18 74935 103366
18 74935 103367
18 74935 103368
18 74935 103369
18 74935 103370
18 74935 103371
18 74935 103372
18 74935 103373
18 74935 103374
18 74935 103375
18 74935 103376
18 74935 103377
18 74935 103378
18 74935 103379
18 74935 103380
18 74935 103381
18 74935 103382
18 74935 103383
18 74935 103384
18 74935 103385
18 74935 103386
18 74935 103387
18 74935 103388
18 74935 103389
18 74935 103390
18 74935 103391
18 74935 103392
18 74935 103393
18 74935 103394
18 74935 103395
18 74935 103396
18 74935 103397
18 74935 103398
18 74935 103399
18 74935 103400
18 74935 103401
18 74935 103402
18 74935 103403
18 74935 103404
18 74935 103405
18 74935 103406
18 74935 103407
18 74935 103408
18 74935 103409
18 74935 103410
18 74935 103411
18 74935 103412
18 74935 103413
18 74935 103414
18 74935 103415
18 74935 103416
18 74935 103417
18 74935 103418
18 74935 103419
18 74935 103420
18 74935 103421
18 74935 103422
18 74935 103423
18 74935 103424
18 74935 103425
18 74935 103426
18 74935 103427
18 74935 103428
18 74935 103429
18 74935 103430
18 74935 103431
18 74935 103432
18 74935 103433
18 74935 103434
18 74935 103435
18 74935 103436
18 74935 103437
18 74935 103438
18 74935 103439
18 74935 103440
18 74935 103441
18 74935 103442
18 74935 103443
18 74935 103444
18 74935 103445
18 74935 103446
18 74935 103447
18 74935 103448
18 74935 103449
18 74935 103450
18 74935 103451
18 74935 103452
18 74935 103453
18 74935 103454
18 74935 103455
18 74935 103456
18 74935 103457
18 74935 103458
18 74935 103459
18 74935 103460
18 74935 103461
18 74935 103462
18 74935 103463
18 74935 103464
18 74935 103465
18 74935 103466
18 74935 103467
18 74935 103468
18 74935 103469
18 74935 103470
18 74935 103471
18 74935 103472
18 74935 103473
18 74935 103474
18 74935 103475
18 74935 103476
18 74935 103477
18 74935 103478
18 74935 103479
18 74935 103480
18 74935 103481
18 74935 103482
18 74935 103483
18 74935 103484
18 74935 103485
18 74935 103486
18 74935 103487
18 74935 103488
18 74935 103489
18 74935 103490
18 74935 103491
18 74935 103492
18 74935 103493
18 74935 103494
18 74935 103495
18 74935 103496
18 74935 103497
18 74935 103498
18 74935 103499
18 74935 103500
18 74935 103501
18 74935 103502
18 74935 103503
18 74935 103504
18 74935 103505
18 74935 103506
18 74935 103507
18 74935 103508
18 74935 103509
18 74935 103510
18 74935 103511
18 74935 103512
18 74935 103513
18 74935 103514
18 74935 103515
18 74935 103516
18 74935 103517
18 74935 103518
18 74935 103519
18 74935 103520
18 74935 103521
18 74935 103522
18 74935 103523
18 74935 103524
18 74935 103525
18 74935 103526
18 74935 103527
18 74935 103528
18 74935 103529
18 74935 103530
18 74935 103531
18 74935 103532
18 74935 103533
18 74935 103534
18 74935 103535
18 74935 103536
18 74935 103537
18 74935 103538
18 74935 103539
18 74935 103540
18 74935 103541
18 74935 103542
18 74935 103543
18 74935 103544
18 74935 103545
18 74935 103546
18 74935 103547
18 74935 103548
18 74935 103549
18 74935 103550
18 74935 103551
18 74935 103552
18 74935 103553
18 74935 103554
18 74935 103555
18 74935 103556
18 74935 103557
18 74935 103558
18 74935 103559
18 74935 103560
18 74935 103561
18 74935 103562
18 74935 103563
18 74935 103564
18 74935 103565
18 74935 103566
18 74935 103567
18 74935 103568
18 74935 103569
18 74935 103570
18 74935 103571
18 74935 103572
18 74935 103573
18 74935 103574
18 74935 103575
18 74935 103576
18 74935 103577
18 74935 103578
18 75224 103535
3 2 3
4 4 6
4 4 6
5 9 12
5 9 12
6 18 25
6 18 25
7 36 50
7 36 50
