11 596 774
12 1193 1549
12 1193 1549
12 1195 1551
12 1195 1551
13 2386 3098
13 2386 3098
13 2386 3099
13 2386 3099
13 2386 3100
13 2386 3100
13 2386 3102
13 2386 3102
13 2387 3098
13 2387 3098
13 2387 3099
13 2387 3099
13 2388 3098
13 2388 3098
13 2389 3098
13 2389 3098
13 2389 3102
13 2389 3102
13 2390 3101
13 2390 3101
13 2390 3102
13 2390 3102
13 2391 3101
13 2391 3101
13 2391 3102
13 2391 3102
14 4773 6197
14 4773 6198
14 4773 6199
14 4773 6200
14 4773 6201
14 4773 6203
14 4773 6204
14 4773 6205
14 4779 6202
15 9547 12394
15 9547 12395
15 9547 12396
15 9547 12397
15 9547 12398
15 9547 12399
15 9547 12400
15 9547 12401
15 9547 12402
15 9547 12403
15 9547 12405
15 9547 12406
15 9547 12407
15 9547 12408
15 9547 12409
15 9547 12410
15 9558 12404
16 19095 24788
16 19095 24789
16 19095 24790
16 19095 24791
16 19095 24792
16 19095 24793
16 19095 24794
16 19095 24795
16 19095 24796
16 19095 24797
16 19095 24798
16 19095 24799
16 19095 24800
16 19095 24801
16 19095 24802
16 19095 24803
16 19095 24804
16 19095 24805
16 19095 24806
16 19095 24807
16 19095 24808
16 19095 24810
16 19095 24811
16 19095 24812
16 19095 24813
16 19095 24814
16 19095 24815
16 19095 24816
16 19095 24817
16 19095 24818
16 19095 24819
16 19095 24820
16 19095 24821
16 19113 24809
17 38190 49576
17 38190 49577
17 38190 49578
17 38190 49579
17 38190 49580
17 38190 49581
17 38190 49582
17 38190 49583
17 38190 49584
17 38190 49585
17 38190 49586
17 38190 49587
17 38190 49588
17 38190 49589
17 38190 49590
17 38190 49591
17 38190 49592
17 38190 49593
17 38190 49594
17 38190 49595
17 38190 49596
17 38190 49597
17 38190 49598
17 38190 49599
17 38190 49600
17 38190 49601
17 38190 49602
17 38190 49603
17 38190 49604
17 38190 49605
17 38190 49606
17 38190 49607
17 38190 49608
17 38190 49609
17 38190 49610
17 38190 49611
17 38190 49612
17 38190 49613
17 38190 49614
17 38190 49615
17 38190 49616
17 38190 49617
17 38190 49618
17 38190 49619
17 38190 49620
17 38190 49621
17 38190 49622
17 38190 49623
17 38190 49624
17 38190 49625
17 38190 49626
17 38190 49627
17 38190 49628
17 38190 49629
17 38190 49630
17 38190 49631
17 38190 49632
17 38190 49633
17 38190 49634
17 38190 49635
17 38190 49636
17 38190 49637
17 38190 49638
17 38190 49639
17 38190 49640
17 38190 49641
17 38190 49642
18 76380 99152
18 76380 99153
18 76380 99154
18 76380 99155
18 76380 99156
18 76380 99157
18 76380 99158
18 76380 99159
18 76380 99160
18 76380 99161
18 76380 99162
18 76380 99163
18 76380 99164
18 76380 99165
18 76380 99166
18 76380 99167
18 76380 99168
18 76380 99169
18 76380 99170
18 76380 99171
18 76380 99172
18 76380 99173
18 76380 99174
18 76380 99175
18 76380 99176
18 76380 99177
18 76380 99178
18 76380 99179
18 76380 99180
18 76380 99181
18 76380 99182
18 76380 99183
18 76380 99184
18 76380 99185
18 76380 99186
18 76380 99187
18 76380 99188
18 76380 99189
18 76380 99190
18 76380 99191
18 76380 99192
18 76380 99193
18 76380 99194
18 76380 99195
18 76380 99196
18 76380 99197
18 76380 99198
18 76380 99199
18 76380 99200
18 76380 99201
18 76380 99202
18 76380 99203
18 76380 99204
18 76380 99205
18 76380 99206
18 76380 99207
18 76380 99208
18 76380 99209
18 76380 99210
18 76380 99211
18 76380 99212
18 76380 99213
18 76380 99214
18 76380 99215
18 76380 99216
18 76380 99217
18 76380 99218
18 76380 99219
18 76380 99220
18 76380 99221
18 76380 99222
18 76380 99223
18 76380 99224
18 76380 99225
18 76380 99226
18 76380 99227
18 76380 99228
18 76380 99229
18 76380 99230
18 76380 99231
18 76380 99232
18 76380 99233
18 76380 99234
18 76380 99235
18 76380 99236
18 76380 99237
18 76380 99238
18 76380 99239
18 76380 99240
18 76380 99241
18 76380 99242
18 76380 99243
18 76380 99244
18 76380 99245
18 76380 99246
18 76380 99247
18 76380 99248
18 76380 99249
18 76380 99250
18 76380 99251
18 76380 99252
18 76380 99253
18 76380 99254
18 76380 99255
18 76380 99256
18 76380 99257
18 76380 99258
18 76380 99259
18 76380 99260
18 76380 99261
18 76380 99262
18 76380 99263
18 76380 99264
18 76380 99265
18 76380 99266
18 76380 99267
18 76380 99268
18 76380 99269
18 76380 99270
18 76380 99271
18 76380 99272
18 76380 99273
18 76380 99274
18 76380 99275
18 76380 99276
18 76380 99277
18 76380 99278
18 76380 99279
18 76380 99280
18 76380 99281
18 76380 99282
18 76380 99283
18 76380 99284
18 76380 99285
3 2 3
4 4 6
4 4 6
5 9 12
5 9 12
6 18 24
6 18 24
7 37 48
7 37 48
8 74 96
8 74 96
