11 510 844
12 1020 1688
12 1020 1688
12 1020 1689
12 1020 1689
12 1020 1690
12 1020 1690
12 1020 1691
12 1020 1691
12 1020 1692
12 1020 1692
12 1020 1693
12 1020 1693
12 1020 1695
12 1020 1695
12 1021 1688
12 1021 1688
12 1021 1689
12 1021 1689
12 1021 1690
12 1021 1690
12 1021 1691
12 1021 1691
12 1022 1688
12 1022 1688
12 1022 1689
12 1022 1689
12 1023 1695
12 1023 1695
12 1024 1693
12 1024 1693
12 1024 1694
12 1024 1694
12 1024 1695
12 1024 1695
12 1025 1688
12 1025 1688
12 1025 1691
12 1025 1691
12 1025 1692
12 1025 1692
12 1025 1693
12 1025 1693
12 1025 1694
12 1025 1694
12 1025 1695
12 1025 1695
13 2040 3376
13 2040 3376
13 2040 3377
13 2040 3377
13 2040 3378
13 2040 3378
13 2040 3379
13 2040 3379
13 2040 3380
13 2040 3380
13 2040 3381
13 2040 3381
13 2040 3382
13 2040 3382
13 2040 3383
13 2040 3383
13 2040 3384
13 2040 3384
13 2040 3385
13 2040 3385
13 2040 3386
13 2040 3386
13 2040 3387
13 2040 3387
13 2040 3388
13 2040 3388
13 2040 3389
13 2040 3389
13 2040 3390
13 2040 3390
13 2040 3391
13 2040 3391
13 2041 3376
13 2041 3376
13 2041 3377
13 2041 3377
13 2041 3378
13 2041 3378
13 2041 3379
13 2041 3379
13 2041 3380
13 2041 3380
13 2041 3381
13 2041 3381
13 2041 3382
13 2041 3382
13 2041 3383
13 2041 3383
13 2041 3384
13 2041 3384
13 2041 3385
13 2041 3385
13 2041 3386
13 2041 3386
13 2041 3387
13 2041 3387
13 2041 3390
13 2041 3390
13 2041 3391
13 2041 3391
13 2042 3376
13 2042 3376
13 2042 3377
13 2042 3377
13 2042 3378
13 2042 3378
13 2042 3379
13 2042 3379
13 2042 3380
13 2042 3380
13 2042 3381
13 2042 3381
13 2042 3382
13 2042 3382
13 2042 3383
13 2042 3383
13 2042 3384
13 2042 3384
13 2042 3385
13 2042 3385
13 2042 3390
13 2042 3390
13 2042 3391
13 2042 3391
13 2043 3376
13 2043 3376
13 2043 3377
13 2043 3377
13 2043 3378
13 2043 3378
13 2043 3379
13 2043 3379
13 2043 3380
13 2043 3380
13 2043 3381
13 2043 3381
13 2043 3382
13 2043 3382
13 2043 3383
13 2043 3383
13 2043 3391
13 2043 3391
13 2044 3376
13 2044 3376
13 2044 3377
13 2044 3377
13 2044 3378
13 2044 3378
13 2044 3379
13 2044 3379
13 2044 3380
13 2044 3380
13 2044 3381
13 2044 3381
13 2044 3391
13 2044 3391
13 2045 3376
13 2045 3376
13 2045 3377
13 2045 3377
13 2045 3378
13 2045 3378
13 2045 3379
13 2045 3379
13 2045 3391
13 2045 3391
13 2046 3376
13 2046 3376
13 2046 3377
13 2046 3377
13 2046 3389
13 2046 3389
13 2046 3390
13 2046 3390
13 2046 3391
13 2046 3391
13 2047 3376
13 2047 3376
13 2047 3387
13 2047 3387
13 2047 3388
13 2047 3388
13 2047 3389
13 2047 3389
13 2047 3390
13 2047 3390
13 2047 3391
13 2047 3391
13 2048 3376
13 2048 3376
13 2048 3385
13 2048 3385
13 2048 3386
13 2048 3386
13 2048 3387
13 2048 3387
13 2048 3388
13 2048 3388
13 2048 3389
13 2048 3389
13 2048 3390
13 2048 3390
13 2048 3391
13 2048 3391
13 2049 3376
13 2049 3376
13 2049 3377
13 2049 3377
13 2049 3383
13 2049 3383
13 2049 3384
13 2049 3384
13 2049 3385
13 2049 3385
13 2049 3386
13 2049 3386
13 2049 3387
13 2049 3387
13 2049 3388
13 2049 3388
13 2049 3389
13 2049 3389
13 2049 3390
13 2049 3390
13 2049 3391
13 2049 3391
13 2050 3376
13 2050 3376
13 2050 3377
13 2050 3377
13 2050 3381
13 2050 3381
13 2050 3382
13 2050 3382
13 2050 3383
13 2050 3383
13 2050 3384
13 2050 3384
13 2050 3385
13 2050 3385
13 2050 3386
13 2050 3386
13 2050 3387
13 2050 3387
13 2050 3388
13 2050 3388
13 2050 3389
13 2050 3389
13 2050 3390
13 2050 3390
13 2050 3391
13 2050 3391
14 4080 6753
14 4080 6754
14 4080 6755
14 4080 6756
14 4080 6757
14 4080 6758
14 4080 6759
14 4080 6760
14 4080 6761
14 4080 6762
14 4080 6763
14 4080 6764
14 4080 6765
14 4080 6766
14 4080 6767
14 4080 6768
14 4080 6769
14 4080 6770
14 4080 6771
14 4080 6772
14 4080 6773
14 4080 6774
14 4080 6775
14 4080 6776
14 4080 6777
14 4080 6778
14 4080 6779
14 4080 6780
14 4080 6781
14 4080 6782
14 4090 6761
14 4091 6758
15 8160 13506
15 8160 13507
15 8160 13508
15 8160 13509
15 8160 13510
15 8160 13511
15 8160 13512
15 8160 13513
15 8160 13514
15 8160 13515
15 8160 13516
15 8160 13517
15 8160 13518
15 8160 13519
15 8160 13520
15 8160 13521
15 8160 13522
15 8160 13523
15 8160 13524
15 8160 13525
15 8160 13526
15 8160 13527
15 8160 13528
15 8160 13529
15 8160 13530
15 8160 13531
15 8160 13532
15 8160 13533
15 8160 13534
15 8160 13535
15 8160 13536
15 8160 13537
15 8160 13538
15 8160 13539
15 8160 13540
15 8160 13541
15 8160 13542
15 8160 13543
15 8160 13544
15 8160 13545
15 8160 13546
15 8160 13547
15 8160 13548
15 8160 13549
15 8160 13550
15 8160 13551
15 8160 13552
15 8160 13553
15 8160 13554
15 8160 13555
15 8160 13556
15 8160 13557
15 8160 13558
15 8160 13559
15 8160 13560
15 8160 13561
15 8160 13562
15 8160 13563
15 8160 13564
15 8160 13565
15 8181 13522
15 8183 13517
16 16321 27013
16 16321 27014
16 16321 27015
16 16321 27016
16 16321 27017
16 16321 27018
16 16321 27019
16 16321 27020
16 16321 27021
16 16321 27022
16 16321 27023
16 16321 27024
16 16321 27025
16 16321 27026
16 16321 27027
16 16321 27028
16 16321 27029
16 16321 27030
16 16321 27031
16 16321 27032
16 16321 27033
16 16321 27034
16 16321 27035
16 16321 27036
16 16321 27037
16 16321 27038
16 16321 27039
16 16321 27040
16 16321 27041
16 16321 27042
16 16321 27043
16 16321 27044
16 16321 27045
16 16321 27046
16 16321 27047
16 16321 27048
16 16321 27049
16 16321 27050
16 16321 27051
16 16321 27052
16 16321 27053
16 16321 27054
16 16321 27055
16 16321 27056
16 16321 27057
16 16321 27058
16 16321 27059
16 16321 27060
16 16321 27061
16 16321 27062
16 16321 27063
16 16321 27064
16 16321 27065
16 16321 27066
16 16321 27067
16 16321 27068
16 16321 27069
16 16321 27070
16 16321 27071
16 16321 27072
16 16321 27073
16 16321 27074
16 16321 27075
16 16321 27076
16 16321 27077
16 16321 27078
16 16321 27079
16 16321 27080
16 16321 27081
16 16321 27082
16 16321 27083
16 16321 27084
16 16321 27085
16 16321 27086
16 16321 27087
16 16321 27088
16 16321 27089
16 16321 27090
16 16321 27091
16 16321 27092
16 16321 27093
16 16321 27094
16 16321 27095
16 16321 27096
16 16321 27097
16 16321 27098
16 16321 27099
16 16321 27100
16 16321 27101
16 16321 27102
16 16321 27103
16 16321 27104
16 16321 27105
16 16321 27106
16 16321 27107
16 16321 27108
16 16321 27109
16 16321 27110
16 16321 27111
16 16321 27112
16 16321 27113
16 16321 27114
16 16321 27115
16 16321 27116
16 16321 27117
16 16321 27118
16 16321 27119
16 16321 27120
16 16321 27121
16 16321 27122
16 16321 27123
16 16321 27124
16 16321 27125
16 16321 27126
16 16321 27127
16 16321 27128
16 16321 27129
16 16321 27130
16 16321 27131
16 16362 27044
16 16366 27034
17 32642 54027
17 32642 54028
17 32642 54029
17 32642 54030
17 32642 54031
17 32642 54032
17 32642 54033
17 32642 54034
17 32642 54035
17 32642 54036
17 32642 54037
17 32642 54038
17 32642 54039
17 32642 54040
17 32642 54041
17 32642 54042
17 32642 54043
17 32642 54044
17 32642 54045
17 32642 54046
17 32642 54047
17 32642 54048
17 32642 54049
17 32642 54050
17 32642 54051
17 32642 54052
17 32642 54053
17 32642 54054
17 32642 54055
17 32642 54056
17 32642 54057
17 32642 54058
17 32642 54059
17 32642 54060
17 32642 54061
17 32642 54062
17 32642 54063
17 32642 54064
17 32642 54065
17 32642 54066
17 32642 54067
17 32642 54068
17 32642 54069
17 32642 54070
17 32642 54071
17 32642 54072
17 32642 54073
17 32642 54074
17 32642 54075
17 32642 54076
17 32642 54077
17 32642 54078
17 32642 54079
17 32642 54080
17 32642 54081
17 32642 54082
17 32642 54083
17 32642 54084
17 32642 54085
17 32642 54086
17 32642 54087
17 32642 54088
17 32642 54089
17 32642 54090
17 32642 54091
17 32642 54092
17 32642 54093
17 32642 54094
17 32642 54095
17 32642 54096
17 32642 54097
17 32642 54098
17 32642 54099
17 32642 54100
17 32642 54101
17 32642 54102
17 32642 54103
17 32642 54104
17 32642 54105
17 32642 54106
17 32642 54107
17 32642 54108
17 32642 54109
17 32642 54110
17 32642 54111
17 32642 54112
17 32642 54113
17 32642 54114
17 32642 54115
17 32642 54116
17 32642 54117
17 32642 54118
17 32642 54119
17 32642 54120
17 32642 54121
17 32642 54122
17 32642 54123
17 32642 54124
17 32642 54125
17 32642 54126
17 32642 54127
17 32642 54128
17 32642 54129
17 32642 54130
17 32642 54131
17 32642 54132
17 32642 54133
17 32642 54134
17 32642 54135
17 32642 54136
17 32642 54137
17 32642 54138
17 32642 54139
17 32642 54140
17 32642 54141
17 32642 54142
17 32642 54143
17 32642 54144
17 32642 54145
17 32642 54146
17 32642 54147
17 32642 54148
17 32642 54149
17 32642 54150
17 32642 54151
17 32642 54152
17 32642 54153
17 32642 54154
17 32642 54155
17 32642 54156
17 32642 54157
17 32642 54158
17 32642 54159
17 32642 54160
17 32642 54161
17 32642 54162
17 32642 54163
17 32642 54164
17 32642 54165
17 32642 54166
17 32642 54167
17 32642 54168
17 32642 54169
17 32642 54170
17 32642 54171
17 32642 54172
17 32642 54173
17 32642 54174
17 32642 54175
17 32642 54176
17 32642 54177
17 32642 54178
17 32642 54179
17 32642 54180
17 32642 54181
17 32642 54182
17 32642 54183
17 32642 54184
17 32642 54185
17 32642 54186
17 32642 54187
17 32642 54188
17 32642 54189
17 32642 54190
17 32642 54191
17 32642 54192
17 32642 54193
17 32642 54194
17 32642 54195
17 32642 54196
17 32642 54197
17 32642 54198
17 32642 54199
17 32642 54200
17 32642 54201
17 32642 54202
17 32642 54203
17 32642 54204
17 32642 54205
17 32642 54206
17 32642 54207
17 32642 54208
17 32642 54209
17 32642 54210
17 32642 54211
17 32642 54212
17 32642 54213
17 32642 54214
17 32642 54215
17 32642 54216
17 32642 54217
17 32642 54218
17 32642 54219
17 32642 54220
17 32642 54221
17 32642 54222
17 32642 54223
17 32642 54224
17 32642 54225
17 32642 54226
17 32642 54227
17 32642 54228
17 32642 54229
17 32642 54230
17 32642 54231
17 32642 54232
17 32642 54233
17 32642 54234
17 32642 54235
17 32642 54236
17 32642 54237
17 32642 54238
17 32642 54239
17 32642 54240
17 32642 54241
17 32642 54242
17 32642 54243
17 32642 54244
17 32642 54245
17 32642 54246
17 32642 54247
17 32642 54248
17 32642 54249
17 32642 54250
17 32642 54251
17 32642 54252
17 32642 54253
17 32642 54254
17 32642 54255
17 32642 54256
17 32642 54257
17 32642 54258
17 32642 54259
17 32642 54260
17 32642 54261
17 32642 54262
17 32642 54263
17 32733 54068
18 65285 108055
18 65285 108056
18 65285 108057
18 65285 108058
18 65285 108059
18 65285 108060
18 65285 108061
18 65285 108062
18 65285 108063
18 65285 108064
18 65285 108065
18 65285 108066
18 65285 108067
18 65285 108068
18 65285 108069
18 65285 108070
18 65285 108071
18 65285 108072
18 65285 108073
18 65285 108074
18 65285 108075
18 65285 108076
18 65285 108077
18 65285 108078
18 65285 108079
18 65285 108080
18 65285 108081
18 65285 108082
18 65285 108083
18 65285 108084
18 65285 108085
18 65285 108086
18 65285 108087
18 65285 108088
18 65285 108089
18 65285 108090
18 65285 108091
18 65285 108092
18 65285 108093
18 65285 108094
18 65285 108095
18 65285 108096
18 65285 108097
18 65285 108098
18 65285 108099
18 65285 108100
18 65285 108101
18 65285 108102
18 65285 108103
18 65285 108104
18 65285 108105
18 65285 108106
18 65285 108107
18 65285 108108
18 65285 108109
18 65285 108110
18 65285 108111
18 65285 108112
18 65285 108113
18 65285 108114
18 65285 108115
18 65285 108116
18 65285 108117
18 65285 108118
18 65285 108119
18 65285 108120
18 65285 108121
18 65285 108122
18 65285 108123
18 65285 108124
18 65285 108125
18 65285 108126
18 65285 108127
18 65285 108128
18 65285 108129
18 65285 108130
18 65285 108131
18 65285 108132
18 65285 108133
18 65285 108134
18 65285 108135
18 65285 108136
18 65285 108137
18 65285 108138
18 65285 108139
18 65285 108140
18 65285 108141
18 65285 108142
18 65285 108143
18 65285 108144
18 65285 108145
18 65285 108146
18 65285 108147
18 65285 108148
18 65285 108149
18 65285 108150
18 65285 108151
18 65285 108152
18 65285 108153
18 65285 108154
18 65285 108155
18 65285 108156
18 65285 108157
18 65285 108158
18 65285 108159
18 65285 108160
18 65285 108161
18 65285 108162
18 65285 108163
18 65285 108164
18 65285 108165
18 65285 108166
18 65285 108167
18 65285 108168
18 65285 108169
18 65285 108170
18 65285 108171
18 65285 108172
18 65285 108173
18 65285 108174
18 65285 108175
18 65285 108176
18 65285 108177
18 65285 108178
18 65285 108179
18 65285 108180
18 65285 108181
18 65285 108182
18 65285 108183
18 65285 108184
18 65285 108185
18 65285 108186
18 65285 108187
18 65285 108188
18 65285 108189
18 65285 108190
18 65285 108191
18 65285 108192
18 65285 108193
18 65285 108194
18 65285 108195
18 65285 108196
18 65285 108197
18 65285 108198
18 65285 108199
18 65285 108200
18 65285 108201
18 65285 108202
18 65285 108203
18 65285 108204
18 65285 108205
18 65285 108206
18 65285 108207
18 65285 108208
18 65285 108209
18 65285 108210
18 65285 108211
18 65285 108212
18 65285 108213
18 65285 108214
18 65285 108215
18 65285 108216
18 65285 108217
18 65285 108218
18 65285 108219
18 65285 108220
18 65285 108221
18 65285 108222
18 65285 108223
18 65285 108224
18 65285 108225
18 65285 108226
18 65285 108227
18 65285 108228
18 65285 108229
18 65285 108230
18 65285 108231
18 65285 108232
18 65285 108233
18 65285 108234
18 65285 108235
18 65285 108236
18 65285 108237
18 65285 108238
18 65285 108239
18 65285 108240
18 65285 108241
18 65285 108242
18 65285 108243
18 65285 108244
18 65285 108245
18 65285 108246
18 65285 108247
18 65285 108248
18 65285 108249
18 65285 108250
18 65285 108251
18 65285 108252
18 65285 108253
18 65285 108254
18 65285 108255
18 65285 108256
18 65285 108257
18 65285 108258
18 65285 108259
18 65285 108260
18 65285 108261
18 65285 108262
18 65285 108263
18 65285 108264
18 65285 108265
18 65285 108266
18 65285 108267
18 65285 108268
18 65285 108269
18 65285 108270
18 65285 108271
18 65285 108272
18 65285 108273
18 65285 108274
18 65285 108275
18 65285 108276
18 65285 108277
18 65285 108278
18 65285 108279
18 65285 108280
18 65285 108281
18 65285 108282
18 65285 108283
18 65285 108284
18 65285 108285
18 65285 108286
18 65285 108287
18 65285 108288
18 65285 108289
18 65285 108290
18 65285 108291
18 65285 108292
18 65285 108293
18 65285 108294
18 65285 108295
18 65285 108296
18 65285 108297
18 65285 108298
18 65285 108299
18 65285 108300
18 65285 108301
18 65285 108302
18 65285 108303
18 65285 108304
18 65285 108305
18 65285 108306
18 65285 108307
18 65285 108308
18 65285 108309
18 65285 108310
18 65285 108311
18 65285 108312
18 65285 108313
18 65285 108314
18 65285 108315
18 65285 108316
18 65285 108317
18 65285 108318
18 65285 108319
18 65285 108320
18 65285 108321
18 65285 108322
18 65285 108323
18 65285 108324
18 65285 108325
18 65285 108326
18 65285 108327
18 65285 108328
18 65285 108329
18 65285 108330
18 65285 108331
18 65285 108332
18 65285 108333
18 65285 108334
18 65285 108335
18 65285 108336
18 65285 108337
18 65285 108338
18 65285 108339
18 65285 108340
18 65285 108341
18 65285 108342
18 65285 108343
18 65285 108344
18 65285 108345
18 65285 108346
18 65285 108347
18 65285 108348
18 65285 108349
18 65285 108350
18 65285 108351
18 65285 108352
18 65285 108353
18 65285 108354
18 65285 108355
18 65285 108356
18 65285 108357
18 65285 108358
18 65285 108359
18 65285 108360
18 65285 108361
18 65285 108362
18 65285 108363
18 65285 108364
18 65285 108365
18 65285 108366
18 65285 108367
18 65285 108368
18 65285 108369
18 65285 108370
18 65285 108371
18 65285 108372
18 65285 108373
18 65285 108374
18 65285 108375
18 65285 108376
18 65285 108377
18 65285 108378
18 65285 108379
18 65285 108380
18 65285 108381
18 65285 108382
18 65285 108383
18 65285 108384
18 65285 108385
18 65285 108386
18 65285 108387
18 65285 108388
18 65285 108389
18 65285 108390
18 65285 108391
18 65285 108392
18 65285 108393
18 65285 108394
18 65285 108395
18 65285 108396
18 65285 108397
18 65285 108398
18 65285 108399
18 65285 108400
18 65285 108401
18 65285 108402
18 65285 108403
18 65285 108404
18 65285 108405
18 65285 108406
18 65285 108407
18 65285 108408
18 65285 108409
18 65285 108410
18 65285 108411
18 65285 108412
18 65285 108413
18 65285 108414
18 65285 108415
18 65285 108416
18 65285 108417
18 65285 108418
18 65285 108419
18 65285 108420
18 65285 108421
18 65285 108422
18 65285 108423
18 65285 108424
18 65285 108425
18 65285 108426
18 65285 108427
18 65285 108428
18 65285 108429
18 65285 108430
18 65285 108431
18 65285 108432
18 65285 108433
18 65285 108434
18 65285 108435
18 65285 108436
18 65285 108437
18 65285 108438
18 65285 108439
18 65285 108440
18 65285 108441
18 65285 108442
18 65285 108443
18 65285 108444
18 65285 108445
18 65285 108446
18 65285 108447
18 65285 108448
18 65285 108449
18 65285 108450
18 65285 108451
18 65285 108452
18 65285 108453
18 65285 108454
18 65285 108455
18 65285 108456
18 65285 108457
18 65285 108458
18 65285 108459
18 65285 108460
18 65285 108461
18 65285 108462
18 65285 108463
18 65285 108464
18 65285 108465
18 65285 108466
18 65285 108467
18 65285 108468
18 65285 108469
18 65285 108470
18 65285 108471
18 65285 108472
18 65285 108473
18 65285 108474
18 65285 108475
18 65285 108476
18 65285 108477
18 65285 108478
18 65285 108479
18 65285 108480
18 65285 108481
18 65285 108482
18 65285 108483
18 65285 108484
18 65285 108485
18 65285 108486
18 65285 108487
18 65285 108488
18 65285 108489
18 65285 108490
18 65285 108491
18 65285 108492
18 65285 108493
18 65285 108494
18 65285 108495
18 65285 108496
18 65285 108497
18 65285 108498
18 65285 108499
18 65285 108500
18 65285 108501
18 65285 108502
18 65285 108503
18 65285 108504
18 65285 108505
18 65285 108506
18 65285 108507
18 65285 108508
18 65285 108509
18 65285 108510
18 65285 108511
18 65285 108512
18 65285 108513
18 65285 108514
18 65285 108515
18 65285 108516
18 65285 108517
18 65285 108518
18 65285 108519
18 65285 108520
18 65285 108521
18 65285 108522
18 65285 108523
18 65285 108524
18 65285 108525
18 65285 108526
18 65467 108136
3 1 3
4 3 6
4 3 6
4 4 6
4 4 6
5 7 13
5 7 13
5 8 13
5 8 13
6 15 26
6 15 26
6 16 26
6 16 26
7 31 52
7 31 52
7 32 52
7 32 52
8 63 105
8 63 105
8 64 105
8 64 105
