12 1118 1741
12 1118 1741
12 1121 1741
12 1121 1741
12 1121 1743
12 1121 1743
13 2237 3482
13 2237 3482
13 2237 3483
13 2237 3483
13 2237 3484
13 2237 3484
13 2237 3487
13 2237 3487
13 2238 3482
13 2238 3482
13 2238 3487
13 2238 3487
13 2240 3482
13 2240 3482
13 2241 3482
13 2241 3482
13 2241 3487
13 2241 3487
13 2242 3482
13 2242 3482
13 2242 3483
13 2242 3483
13 2242 3485
13 2242 3485
13 2242 3486
13 2242 3486
13 2242 3487
13 2242 3487
14 4475 6965
14 4475 6966
14 4475 6967
14 4475 6968
14 4475 6969
14 4475 6973
14 4475 6974
14 4483 6972
14 4483 6974
14 4484 6970
14 4484 6971
15 8950 13931
15 8950 13932
15 8950 13933
15 8950 13934
15 8950 13935
15 8950 13936
15 8950 13937
15 8950 13938
15 8950 13939
15 8950 13940
15 8950 13941
15 8950 13942
15 8950 13945
15 8950 13946
15 8950 13947
15 8950 13948
15 8950 13949
15 8951 13940
15 8952 13938
15 8966 13943
15 8966 13944
15 8966 13945
15 8967 13942
15 8967 13948
15 8968 13942
16 17901 27863
16 17901 27864
16 17901 27865
16 17901 27866
16 17901 27867
16 17901 27868
16 17901 27869
16 17901 27870
16 17901 27871
16 17901 27872
16 17901 27873
16 17901 27874
16 17901 27875
16 17901 27876
16 17901 27877
16 17901 27878
16 17901 27879
16 17901 27880
16 17901 27881
16 17901 27882
16 17901 27883
16 17901 27884
16 17901 27885
16 17901 27886
16 17901 27889
16 17901 27890
16 17901 27891
16 17901 27892
16 17901 27893
16 17901 27894
16 17901 27895
16 17901 27896
16 17901 27897
16 17901 27898
16 17901 27899
16 17902 27880
16 17903 27880
16 17904 27878
16 17905 27877
16 17931 27887
16 17931 27888
16 17933 27887
16 17933 27890
16 17935 27885
16 17935 27896
16 17936 27885
17 35802 55726
17 35802 55727
17 35802 55728
17 35802 55729
17 35802 55730
17 35802 55731
17 35802 55732
17 35802 55733
17 35802 55734
17 35802 55735
17 35802 55736
17 35802 55737
17 35802 55738
17 35802 55739
17 35802 55740
17 35802 55741
17 35802 55742
17 35802 55743
17 35802 55744
17 35802 55745
17 35802 55746
17 35802 55747
17 35802 55748
17 35802 55749
17 35802 55750
17 35802 55751
17 35802 55752
17 35802 55753
17 35802 55754
17 35802 55755
17 35802 55756
17 35802 55757
17 35802 55758
17 35802 55759
17 35802 55760
17 35802 55761
17 35802 55762
17 35802 55763
17 35802 55764
17 35802 55765
17 35802 55766
17 35802 55767
17 35802 55768
17 35802 55769
17 35802 55770
17 35802 55771
17 35802 55772
17 35802 55773
17 35802 55774
17 35802 55775
17 35802 55776
17 35802 55777
17 35802 55778
17 35802 55779
17 35802 55780
17 35802 55781
17 35802 55782
17 35802 55783
17 35802 55784
17 35802 55785
17 35802 55786
17 35802 55787
17 35802 55788
17 35802 55789
17 35802 55790
17 35802 55791
17 35802 55792
17 35802 55793
17 35802 55794
17 35802 55795
17 35802 55796
17 35802 55797
17 35802 55798
17 35802 55799
18 71605 111453
3 2 3
4 4 6
4 4 6
5 8 13
5 8 13
6 17 27
6 17 27
7 34 54
7 34 54
7 35 54
7 35 54
8 69 108
8 69 108
8 70 108
8 70 108
