13 2412 3079
13 2412 3079
13 2413 3079
13 2413 3079
13 2414 3079
13 2414 3079
13 2415 3079
13 2415 3079
14 4825 6158
15 9651 12316
16 19302 24614
16 19302 24632
17 38604 49229
17 38604 49230
17 38604 49231
17 38604 49232
17 38604 49233
17 38604 49234
17 38604 49235
17 38604 49236
17 38604 49237
17 38604 49238
17 38604 49239
17 38604 49240
17 38604 49241
17 38604 49242
17 38604 49243
17 38604 49244
17 38604 49245
17 38604 49246
17 38604 49247
17 38604 49248
17 38604 49249
17 38604 49250
17 38604 49251
17 38604 49252
17 38604 49253
17 38604 49254
17 38604 49255
17 38604 49256
17 38604 49257
17 38604 49258
17 38604 49259
17 38604 49260
17 38604 49261
17 38604 49262
17 38604 49263
17 38604 49264
18 77209 98459
3 2 3
4 4 6
4 4 6
5 9 12
5 9 12
6 18 24
6 18 24
7 37 48
7 37 48
8 75 96
8 75 96
9 150 192
9 150 192
