12 1009 1683
12 1009 1683
13 2019 3364
13 2019 3364
13 2019 3366
13 2019 3366
13 2021 3364
13 2021 3364
13 2021 3365
13 2021 3365
13 2021 3366
13 2021 3366
14 4039 6729
14 4039 6732
14 4039 6733
14 4042 6730
14 4042 6731
15 8078 13459
15 8078 13460
15 8078 13462
15 8078 13463
15 8078 13464
15 8078 13465
15 8078 13466
15 8078 13467
15 8084 13461
16 16157 26918
16 16157 26919
16 16157 26920
16 16157 26921
16 16157 26923
16 16157 26924
16 16157 26925
16 16157 26926
16 16157 26927
16 16157 26928
16 16157 26929
16 16157 26930
16 16157 26931
16 16157 26932
16 16157 26933
16 16157 26934
16 16167 26922
17 32314 53836
18 64628 107672
3 1 3
4 3 6
4 3 6
5 7 13
5 7 13
6 15 26
6 15 26
7 31 52
7 31 52
8 63 105
8 63 105
9 126 210
9 126 210
