10 257 420
11 515 841
11 518 840
11 519 840
11 519 841
11 519 842
11 520 840
11 520 841
11 520 842
11 520 843
11 520 844
11 521 841
11 521 842
11 521 843
11 521 844
11 522 841
11 522 842
11 522 843
11 522 844
12 1030 1683
12 1030 1683
12 1031 1683
12 1031 1683
12 1032 1683
12 1032 1683
12 1033 1683
12 1033 1683
12 1034 1683
12 1034 1683
12 1035 1686
12 1035 1686
12 1036 1686
12 1036 1686
12 1037 1686
12 1037 1686
12 1038 1682
12 1038 1683
12 1038 1683
12 1038 1684
12 1038 1684
12 1038 1685
12 1038 1685
12 1038 1686
12 1038 1686
12 1039 1682
12 1039 1683
12 1039 1684
13 2061 3366
13 2061 3366
13 2061 3367
13 2061 3367
13 2061 3368
13 2061 3368
13 2061 3373
13 2061 3373
13 2062 3366
13 2062 3366
13 2062 3367
13 2062 3367
13 2062 3368
13 2062 3368
13 2063 3366
13 2063 3366
13 2063 3367
13 2063 3367
13 2063 3368
13 2063 3368
13 2063 3373
13 2063 3373
13 2064 3366
13 2064 3366
13 2064 3367
13 2064 3367
13 2064 3368
13 2064 3368
13 2064 3373
13 2064 3373
13 2065 3366
13 2065 3366
13 2065 3367
13 2065 3367
13 2065 3373
13 2065 3373
13 2066 3366
13 2066 3366
13 2066 3367
13 2066 3367
13 2066 3373
13 2066 3373
13 2067 3366
13 2067 3366
13 2067 3367
13 2067 3367
13 2067 3373
13 2067 3373
13 2068 3366
13 2068 3366
13 2068 3367
13 2068 3367
13 2068 3373
13 2068 3373
13 2069 3366
13 2069 3366
13 2069 3367
13 2069 3367
13 2069 3372
13 2069 3372
13 2069 3373
13 2069 3373
13 2070 3366
13 2070 3366
13 2070 3367
13 2070 3367
13 2070 3372
13 2070 3372
13 2070 3373
13 2070 3373
13 2071 3366
13 2071 3366
13 2071 3372
13 2071 3372
13 2071 3373
13 2071 3373
13 2072 3366
13 2072 3366
13 2072 3372
13 2072 3372
13 2072 3373
13 2072 3373
13 2073 3366
13 2073 3366
13 2073 3372
13 2073 3372
13 2073 3373
13 2073 3373
13 2074 3366
13 2074 3366
13 2074 3372
13 2074 3372
13 2074 3373
13 2074 3373
13 2075 3366
13 2075 3366
13 2075 3367
13 2075 3367
13 2075 3371
13 2075 3371
13 2075 3372
13 2075 3372
13 2075 3373
13 2075 3373
13 2076 3366
13 2076 3366
13 2076 3367
13 2076 3367
13 2076 3368
13 2076 3368
13 2076 3369
13 2076 3369
13 2076 3370
13 2076 3370
13 2076 3371
13 2076 3371
13 2076 3372
13 2076 3372
13 2076 3373
13 2076 3373
14 4122 6732
14 4122 6733
14 4122 6734
14 4122 6735
14 4122 6736
14 4122 6737
14 4122 6738
14 4122 6739
14 4122 6740
14 4122 6741
14 4122 6742
14 4122 6743
14 4122 6744
14 4122 6745
14 4122 6746
15 8245 13464
15 8245 13465
15 8245 13466
15 8245 13467
15 8245 13468
15 8245 13469
15 8245 13470
15 8245 13471
15 8245 13472
15 8245 13473
15 8245 13474
15 8245 13475
15 8245 13476
15 8245 13477
15 8245 13478
15 8245 13479
15 8245 13480
15 8245 13481
15 8245 13482
15 8245 13483
15 8245 13484
15 8245 13485
15 8245 13486
15 8245 13487
15 8245 13488
15 8245 13489
15 8245 13490
15 8245 13491
15 8245 13492
16 16490 26928
16 16490 26929
16 16490 26930
16 16490 26931
16 16490 26932
16 16490 26933
16 16490 26934
16 16490 26935
16 16490 26936
16 16490 26937
16 16490 26938
16 16490 26939
16 16490 26940
16 16490 26941
16 16490 26942
16 16490 26943
16 16490 26944
16 16490 26945
16 16490 26946
16 16490 26947
16 16490 26948
16 16490 26949
16 16490 26950
16 16490 26951
16 16490 26952
16 16490 26953
16 16490 26954
16 16490 26955
16 16490 26956
16 16490 26957
16 16490 26958
16 16490 26959
16 16490 26960
16 16490 26961
16 16490 26962
16 16490 26963
16 16490 26964
16 16490 26965
16 16490 26966
16 16490 26967
16 16490 26968
16 16490 26969
16 16490 26970
16 16490 26971
16 16490 26972
16 16490 26973
16 16490 26974
16 16490 26975
16 16490 26976
16 16490 26977
16 16490 26978
16 16490 26979
16 16490 26980
16 16490 26981
16 16490 26982
16 16490 26983
16 16490 26984
16 16490 26985
17 32980 53856
18 65961 107713
3 2 3
4 4 6
4 4 6
5 8 13
5 8 13
6 16 26
6 16 26
7 32 52
7 32 52
8 64 105
8 64 105
