11 588 792
12 1176 1585
12 1176 1585
12 1177 1585
12 1177 1585
13 2353 3171
13 2353 3171
13 2354 3171
13 2354 3171
14 4706 6343
15 9412 12687
15 9412 12688
15 9412 12689
15 9412 12690
15 9412 12691
15 9412 12692
16 18825 25374
16 18825 25375
16 18825 25376
16 18825 25377
16 18825 25378
16 18825 25379
16 18825 25380
16 18825 25381
16 18825 25382
16 18825 25383
16 18825 25384
16 18825 25385
17 37650 50749
17 37650 50750
17 37650 50751
17 37650 50752
17 37650 50753
17 37650 50754
17 37650 50755
17 37650 50756
17 37650 50757
17 37650 50758
17 37650 50759
17 37650 50760
17 37650 50761
17 37650 50762
17 37650 50763
17 37650 50764
17 37650 50765
17 37650 50766
17 37650 50767
17 37650 50768
17 37650 50769
17 37650 50770
17 37650 50771
18 75301 101499
3 2 3
4 4 6
4 4 6
5 9 12
5 9 12
6 18 24
6 18 24
7 36 49
7 36 49
