12 1222 1530
12 1222 1530
12 1224 1533
12 1224 1533
12 1225 1533
12 1225 1533
12 1226 1533
12 1226 1533
13 2444 3061
13 2444 3061
13 2445 3061
13 2445 3061
13 2446 3061
13 2446 3061
13 2447 3066
13 2447 3066
13 2448 3066
13 2448 3066
13 2449 3066
13 2449 3066
13 2450 3066
13 2450 3066
13 2451 3066
13 2451 3066
13 2452 3066
13 2452 3066
13 2453 3061
13 2453 3061
13 2453 3062
13 2453 3062
13 2453 3063
13 2453 3063
13 2453 3066
13 2453 3066
14 4888 6123
14 4893 6132
14 4905 6131
14 4906 6124
14 4906 6125
14 4906 6126
14 4906 6127
15 9776 12246
15 9776 12247
15 9776 12248
15 9776 12256
15 9776 12257
15 9776 12258
15 9776 12259
15 9776 12260
15 9776 12261
15 9776 12262
15 9776 12263
15 9776 12264
15 9812 12249
15 9812 12250
15 9812 12251
15 9812 12252
15 9812 12253
15 9812 12254
15 9812 12255
16 19552 24492
16 19552 24493
16 19552 24494
16 19552 24495
16 19552 24496
16 19552 24497
16 19552 24498
16 19552 24499
16 19552 24500
16 19552 24501
16 19552 24502
16 19552 24503
16 19552 24504
16 19552 24505
16 19552 24506
16 19552 24507
16 19552 24508
16 19552 24509
16 19552 24510
16 19552 24511
16 19552 24512
16 19552 24513
16 19552 24514
16 19552 24515
16 19552 24516
16 19552 24517
16 19552 24518
16 19552 24519
16 19552 24520
16 19552 24521
16 19552 24522
16 19552 24523
16 19552 24524
16 19552 24525
16 19552 24526
16 19552 24527
16 19552 24528
16 19552 24529
17 39105 48984
17 39105 48985
17 39105 48986
17 39105 48987
17 39105 48988
17 39105 48989
17 39105 48990
17 39105 48991
17 39105 48992
17 39105 48993
17 39105 48994
17 39105 48995
17 39105 48996
17 39105 48997
17 39105 48998
17 39105 48999
17 39105 49000
17 39105 49001
17 39105 49002
17 39105 49003
17 39105 49004
17 39105 49005
17 39105 49006
17 39105 49007
17 39105 49008
17 39105 49009
17 39105 49010
17 39105 49011
17 39105 49012
17 39105 49013
17 39105 49014
17 39105 49015
17 39105 49016
17 39105 49017
17 39105 49018
17 39105 49019
17 39105 49020
17 39105 49021
17 39105 49022
17 39105 49023
17 39105 49024
17 39105 49025
17 39105 49026
17 39105 49027
17 39105 49028
17 39105 49029
17 39105 49030
17 39105 49031
17 39105 49032
17 39105 49033
17 39105 49034
17 39105 49035
17 39105 49036
17 39105 49037
17 39105 49038
17 39105 49039
17 39105 49040
17 39105 49041
17 39105 49042
17 39105 49043
17 39105 49044
17 39105 49045
17 39105 49046
17 39105 49047
17 39105 49048
17 39105 49049
17 39105 49050
17 39105 49051
17 39105 49052
17 39105 49053
17 39105 49054
17 39105 49055
17 39105 49056
17 39105 49057
17 39105 49058
17 39105 49059
18 78210 97968
3 2 2
4 4 5
4 4 5
5 9 11
5 9 11
6 19 23
6 19 23
7 38 47
7 38 47
