13 1977 3380
13 1977 3380
13 1978 3380
13 1978 3380
13 1979 3380
13 1979 3380
13 1979 3383
13 1979 3383
13 1980 3383
13 1980 3383
13 1981 3383
13 1981 3383
13 1982 3383
13 1982 3383
13 1983 3383
13 1983 3383
14 3955 6760
14 3955 6761
14 3958 6766
14 3964 6765
15 7910 13521
15 7910 13522
15 7910 13523
15 7910 13524
15 7910 13530
15 7910 13531
15 7910 13532
15 7910 13533
15 7934 13529
15 7935 13525
15 7935 13526
16 15820 27043
17 31640 54087
18 63281 108174
3 1 3
4 3 6
4 3 6
5 7 13
5 7 13
6 15 26
6 15 26
7 30 52
7 30 52
8 61 105
8 61 105
