13 2267 3444
13 2267 3445
13 2267 3446
13 2267 3447
13 2267 3448
13 2267 3449
13 2267 3450
13 2267 3451
13 2267 3452
13 2267 3453
13 2267 3454
13 2267 3455
13 2267 3456
13 2267 3457
13 2267 3458
13 2268 3444
13 2268 3445
13 2268 3446
13 2268 3449
13 2268 3450
13 2268 3451
13 2268 3452
13 2268 3453
13 2268 3454
13 2268 3455
13 2268 3456
13 2268 3457
13 2268 3458
13 2269 3444
13 2269 3445
13 2269 3452
13 2269 3453
13 2269 3454
13 2269 3455
13 2269 3456
13 2269 3457
13 2269 3458
13 2270 3444
13 2270 3445
13 2270 3454
13 2270 3455
13 2270 3456
13 2270 3457
13 2270 3458
13 2271 3444
13 2271 3445
13 2271 3446
13 2271 3447
13 2271 3448
13 2271 3456
13 2271 3457
13 2271 3458
13 2272 3444
13 2272 3445
13 2272 3446
13 2272 3447
13 2272 3448
13 2272 3449
13 2272 3450
13 2272 3458
13 2273 3444
13 2273 3445
13 2273 3446
13 2273 3447
13 2273 3448
13 2273 3449
13 2273 3450
13 2273 3451
13 2273 3452
13 2274 3444
13 2274 3445
13 2274 3446
13 2274 3447
13 2274 3448
13 2274 3449
13 2274 3450
13 2274 3451
13 2274 3452
13 2274 3453
13 2274 3454
13 2274 3455
13 2275 3444
13 2275 3445
13 2275 3446
13 2275 3447
13 2275 3448
13 2275 3449
13 2275 3450
13 2275 3451
13 2275 3452
13 2275 3453
13 2275 3454
13 2275 3455
13 2275 3456
13 2275 3457
13 2275 3458
