10 162 353
10 163 353
10 164 353
10 165 355
10 165 356
10 165 357
10 165 358
10 165 359
11 327 707
11 327 708
11 328 707
11 328 708
11 329 708
11 330 708
11 330 709
11 330 710
11 330 711
11 330 713
11 330 714
11 330 715
11 330 716
11 330 717
11 331 708
11 331 709
11 331 710
12 659 1433
12 659 1434
12 659 1435
12 659 1436
12 660 1433
12 660 1434
12 660 1435
12 660 1436
12 661 1433
12 661 1434
12 661 1435
12 661 1436
13 1302 2835
13 1303 2835
13 1317 2838
13 1317 2839
13 1317 2840
13 1317 2841
13 1317 2857
13 1317 2858
13 1317 2859
13 1317 2860
13 1318 2839
13 1318 2840
13 1318 2841
13 1318 2857
13 1318 2858
13 1318 2859
13 1318 2860
14 2594 5711
14 2594 5712
14 2595 5711
14 2595 5712
14 2596 5658
14 2596 5659
14 2596 5660
14 2596 5661
14 2596 5662
14 2596 5663
14 2596 5664
14 2596 5665
14 2596 5666
14 2596 5711
14 2597 5658
14 2597 5659
14 2597 5660
14 2597 5661
14 2597 5662
14 2597 5663
14 2597 5664
14 2597 5665
14 2597 5666
14 2597 5738
14 2597 5739
14 2597 5740
14 2597 5741
14 2597 5742
14 2598 5664
14 2598 5665
14 2598 5666
14 2598 5667
14 2598 5668
14 2598 5669
14 2598 5670
14 2598 5738
14 2598 5739
14 2598 5740
14 2598 5741
14 2598 5742
14 2598 5743
14 2599 5664
14 2599 5665
14 2599 5666
14 2599 5667
14 2599 5668
14 2599 5669
14 2599 5670
14 2599 5671
14 2599 5672
14 2599 5673
14 2599 5674
14 2599 5675
14 2599 5676
14 2599 5677
14 2599 5678
14 2599 5679
14 2599 5738
14 2599 5739
14 2599 5740
14 2599 5741
14 2599 5742
14 2599 5743
14 2599 5744
14 2600 5668
14 2600 5669
14 2600 5670
14 2600 5671
14 2600 5672
14 2600 5673
14 2600 5674
14 2600 5675
14 2600 5676
14 2600 5677
14 2600 5678
14 2600 5679
14 2600 5680
14 2600 5681
14 2600 5682
14 2600 5741
14 2600 5742
14 2600 5743
14 2600 5744
14 2601 5678
14 2601 5679
14 2601 5680
14 2601 5681
14 2601 5682
14 2601 5741
14 2601 5742
14 2601 5743
14 2601 5744
14 2601 5745
14 2602 5680
14 2602 5681
14 2602 5682
14 2602 5742
14 2602 5743
14 2602 5744
14 2602 5745
14 2603 5681
14 2603 5682
14 2603 5683
14 2603 5744
14 2604 5682
14 2604 5683
14 2609 5742
14 2609 5743
14 2609 5744
14 2609 5745
14 2609 5746
14 2610 5742
14 2610 5743
14 2610 5744
14 2610 5745
14 2610 5746
14 2611 5742
14 2611 5743
14 2611 5744
14 2611 5745
14 2611 5746
14 2611 5747
14 2612 5710
14 2612 5743
14 2612 5744
14 2612 5745
14 2612 5746
14 2612 5747
14 2613 5745
14 2613 5746
14 2613 5747
14 2614 5745
14 2614 5746
14 2614 5747
14 2617 5681
14 2617 5682
14 2617 5712
14 2617 5713
14 2618 5681
14 2618 5682
14 2618 5683
14 2618 5700
14 2618 5701
14 2618 5724
14 2618 5725
14 2618 5726
14 2618 5734
14 2618 5735
14 2618 5736
14 2618 5737
14 2618 5738
14 2619 5681
14 2619 5682
14 2619 5683
14 2619 5699
14 2619 5700
14 2619 5701
14 2619 5702
14 2619 5706
14 2619 5707
14 2619 5708
14 2619 5724
14 2619 5725
14 2619 5726
14 2619 5732
14 2619 5733
14 2619 5734
14 2619 5735
14 2619 5736
14 2619 5737
14 2619 5738
14 2620 5698
14 2620 5699
14 2620 5700
14 2620 5701
14 2620 5702
14 2620 5705
14 2620 5706
14 2620 5707
14 2620 5708
14 2620 5721
14 2620 5722
14 2620 5723
14 2620 5724
14 2620 5725
14 2620 5726
14 2620 5730
14 2620 5731
14 2620 5732
14 2620 5733
14 2620 5734
14 2620 5735
14 2620 5736
14 2620 5737
14 2620 5738
14 2621 5698
14 2621 5699
14 2621 5700
14 2621 5705
14 2621 5706
14 2621 5707
14 2621 5708
14 2621 5721
14 2621 5722
14 2621 5723
14 2621 5724
14 2621 5725
14 2621 5726
14 2621 5727
14 2621 5730
14 2621 5731
14 2621 5732
14 2621 5733
14 2621 5734
14 2622 5698
14 2622 5699
14 2622 5700
14 2622 5701
14 2622 5722
14 2622 5723
14 2622 5724
14 2622 5725
14 2622 5726
14 2622 5727
14 2622 5728
14 2623 5693
14 2623 5694
14 2623 5695
14 2623 5696
14 2623 5697
14 2623 5698
14 2623 5699
14 2623 5700
14 2623 5701
14 2623 5718
14 2623 5719
14 2623 5722
14 2623 5723
14 2623 5724
14 2623 5725
14 2623 5726
14 2623 5727
14 2623 5728
14 2624 5690
14 2624 5691
14 2624 5692
14 2624 5693
14 2624 5694
14 2624 5695
14 2624 5696
14 2624 5697
14 2624 5698
14 2624 5699
14 2624 5700
14 2624 5701
14 2624 5719
14 2624 5722
14 2624 5723
14 2624 5724
14 2624 5727
14 2624 5728
14 2625 5688
14 2625 5689
14 2625 5690
14 2625 5691
14 2625 5692
14 2625 5693
14 2625 5694
14 2625 5695
14 2625 5696
14 2625 5697
14 2625 5698
14 2625 5699
14 2625 5727
14 2625 5728
14 2626 5688
14 2626 5689
14 2626 5690
14 2626 5691
14 2626 5692
14 2626 5693
14 2626 5694
14 2626 5727
14 2626 5728
14 2627 5688
14 2627 5689
14 2627 5690
14 2627 5718
14 2627 5719
14 2627 5725
14 2627 5726
14 2627 5727
14 2627 5728
14 2628 5716
14 2628 5717
14 2628 5718
14 2628 5719
14 2628 5720
14 2628 5721
14 2628 5722
14 2628 5723
14 2628 5724
14 2628 5725
14 2628 5726
14 2628 5727
14 2628 5728
14 2629 5716
14 2629 5717
14 2629 5718
14 2629 5719
14 2629 5720
14 2629 5721
14 2629 5722
14 2629 5723
14 2629 5724
14 2629 5725
14 2629 5726
14 2629 5727
14 2630 5718
14 2630 5719
14 2630 5720
14 2630 5721
14 2630 5722
14 2630 5723
14 2630 5724
14 2630 5725
14 2630 5726
14 2630 5727
14 2631 5715
14 2631 5716
14 2631 5717
14 2631 5718
14 2632 5715
14 2632 5716
14 2632 5717
14 2632 5718
14 2633 5717
15 5190 11418
15 5190 11419
15 5190 11421
15 5190 11422
15 5190 11423
15 5190 11424
15 5191 11415
15 5191 11416
15 5191 11417
15 5191 11418
15 5191 11419
15 5191 11420
15 5191 11421
15 5191 11422
15 5191 11423
15 5191 11424
15 5192 11415
15 5192 11416
15 5192 11417
15 5192 11418
15 5192 11419
15 5192 11420
15 5193 11330
15 5193 11331
15 5193 11332
15 5193 11416
15 5193 11417
15 5193 11418
15 5193 11419
15 5193 11420
15 5194 11329
15 5194 11330
15 5194 11331
15 5194 11332
15 5194 11417
15 5194 11418
15 5194 11419
15 5194 11420
15 5194 11421
15 5194 11422
15 5194 11423
15 5195 11329
15 5195 11330
15 5195 11331
15 5195 11419
15 5195 11420
15 5195 11421
15 5195 11422
15 5195 11423
15 5195 11424
15 5196 11421
15 5196 11422
15 5196 11423
15 5196 11424
15 5197 11422
15 5197 11423
15 5197 11424
15 5197 11425
15 5198 11423
15 5198 11424
15 5198 11425
15 5199 11423
15 5199 11424
15 5199 11425
15 5199 11426
15 5200 11423
15 5200 11424
15 5200 11425
15 5200 11426
15 5200 11427
15 5201 11424
15 5201 11425
15 5201 11426
15 5201 11427
15 5201 11428
15 5202 11424
15 5202 11425
15 5202 11426
15 5202 11427
15 5202 11428
15 5202 11429
15 5202 11430
15 5203 11426
15 5203 11427
15 5203 11428
15 5203 11429
15 5203 11430
15 5204 11427
15 5204 11428
15 5204 11429
15 5204 11430
15 5204 11431
15 5205 11428
15 5205 11429
15 5205 11430
15 5205 11431
15 5205 11432
15 5206 11429
15 5206 11430
15 5206 11431
15 5206 11432
15 5206 11433
15 5207 11430
15 5207 11431
15 5207 11432
15 5207 11433
15 5207 11434
15 5208 11431
15 5208 11432
15 5208 11433
15 5208 11434
15 5209 11432
15 5209 11433
15 5209 11434
15 5209 11435
15 5210 11432
15 5210 11433
15 5210 11434
15 5210 11435
15 5211 11433
15 5211 11434
15 5211 11435
15 5211 11436
15 5212 11433
15 5212 11434
15 5212 11435
15 5212 11436
15 5212 11437
15 5212 11438
15 5212 11439
15 5212 11440
15 5213 11434
15 5213 11435
15 5213 11436
15 5213 11437
15 5213 11438
15 5213 11439
15 5213 11440
15 5214 11438
15 5214 11439
15 5214 11440
15 5214 11441
15 5214 11442
15 5214 11443
15 5214 11444
15 5214 11445
15 5215 11438
15 5215 11439
15 5215 11440
15 5215 11441
15 5215 11442
15 5215 11443
15 5215 11444
15 5215 11445
15 5216 11440
15 5216 11441
15 5216 11443
15 5216 11444
15 5216 11445
15 5217 11443
15 5217 11444
15 5217 11445
15 5218 11443
15 5218 11444
15 5218 11445
15 5219 11443
15 5219 11444
15 5219 11445
15 5220 11443
15 5220 11444
15 5220 11445
15 5221 11442
15 5221 11443
15 5221 11444
15 5221 11445
15 5222 11442
15 5222 11443
15 5222 11444
15 5223 11442
15 5223 11443
15 5223 11444
15 5224 11421
15 5224 11442
15 5224 11443
15 5224 11444
15 5225 11442
15 5225 11443
15 5225 11444
15 5225 11445
15 5226 11442
15 5226 11443
15 5226 11444
15 5226 11445
15 5227 11443
15 5227 11444
15 5227 11445
15 5228 11443
15 5228 11444
15 5228 11445
15 5229 11442
15 5229 11443
15 5229 11444
15 5230 11442
15 5230 11443
15 5230 11444
15 5230 11445
15 5231 11425
15 5231 11426
15 5231 11427
15 5231 11428
15 5231 11429
15 5231 11443
15 5231 11444
15 5231 11445
15 5232 11422
15 5232 11423
15 5232 11424
15 5232 11425
15 5232 11426
15 5232 11427
15 5232 11428
15 5232 11429
15 5232 11430
15 5232 11431
15 5232 11435
15 5232 11436
15 5232 11437
15 5232 11438
15 5232 11443
15 5232 11444
15 5232 11445
15 5232 11446
15 5233 11421
15 5233 11422
15 5233 11423
15 5233 11424
15 5233 11425
15 5233 11426
15 5233 11427
15 5233 11428
15 5233 11429
15 5233 11430
15 5233 11431
15 5233 11432
15 5233 11433
15 5233 11434
15 5233 11435
15 5233 11436
15 5233 11437
15 5233 11438
15 5233 11439
15 5233 11443
15 5233 11444
15 5233 11445
15 5233 11446
15 5234 11420
15 5234 11421
15 5234 11422
15 5234 11423
15 5234 11424
15 5234 11425
15 5234 11429
15 5234 11430
15 5234 11431
15 5234 11432
15 5234 11433
15 5234 11434
15 5234 11435
15 5234 11436
15 5234 11437
15 5234 11438
15 5234 11439
15 5234 11440
15 5234 11444
15 5234 11445
15 5234 11446
15 5234 11474
15 5234 11475
15 5234 11476
15 5234 11477
15 5234 11478
15 5234 11479
15 5234 11480
15 5234 11481
15 5234 11482
15 5234 11483
15 5234 11484
15 5234 11485
15 5234 11486
15 5234 11487
15 5235 11420
15 5235 11421
15 5235 11422
15 5235 11423
15 5235 11431
15 5235 11432
15 5235 11433
15 5235 11434
15 5235 11435
15 5235 11438
15 5235 11439
15 5235 11440
15 5235 11441
15 5235 11444
15 5235 11445
15 5235 11446
15 5235 11474
15 5235 11475
15 5235 11476
15 5235 11477
15 5235 11478
15 5235 11479
15 5235 11480
15 5235 11481
15 5235 11482
15 5235 11483
15 5235 11484
15 5235 11485
15 5235 11486
15 5235 11487
15 5235 11488
15 5236 11419
15 5236 11420
15 5236 11421
15 5236 11422
15 5236 11438
15 5236 11439
15 5236 11440
15 5236 11441
15 5236 11444
15 5236 11445
15 5236 11446
15 5236 11474
15 5236 11475
15 5236 11476
15 5236 11477
15 5236 11478
15 5236 11479
15 5236 11480
15 5236 11481
15 5236 11482
15 5236 11483
15 5236 11484
15 5236 11485
15 5236 11486
15 5236 11487
15 5236 11488
15 5237 11417
15 5237 11418
15 5237 11419
15 5237 11420
15 5237 11421
15 5237 11422
15 5237 11438
15 5237 11439
15 5237 11440
15 5237 11441
15 5237 11444
15 5237 11445
15 5237 11446
15 5237 11447
15 5237 11448
15 5237 11449
15 5237 11450
15 5237 11473
15 5237 11474
15 5237 11475
15 5237 11484
15 5237 11485
15 5237 11486
15 5237 11487
15 5237 11488
15 5237 11489
15 5237 11490
15 5237 11491
15 5238 11416
15 5238 11417
15 5238 11418
15 5238 11419
15 5238 11420
15 5238 11421
15 5238 11444
15 5238 11445
15 5238 11446
15 5238 11447
15 5238 11448
15 5238 11449
15 5238 11450
15 5238 11451
15 5238 11473
15 5238 11474
15 5238 11475
15 5238 11476
15 5238 11487
15 5238 11488
15 5238 11489
15 5238 11490
15 5238 11491
15 5239 11414
15 5239 11415
15 5239 11416
15 5239 11417
15 5239 11418
15 5239 11419
15 5239 11444
15 5239 11445
15 5239 11446
15 5239 11447
15 5239 11448
15 5239 11449
15 5239 11491
15 5240 11414
15 5240 11415
15 5240 11416
15 5240 11417
15 5240 11418
15 5240 11419
15 5240 11446
15 5241 11445
15 5241 11446
15 5241 11447
15 5242 11445
15 5242 11446
15 5242 11447
15 5243 11445
15 5243 11446
15 5243 11447
15 5244 11448
15 5244 11449
15 5244 11450
15 5244 11451
15 5244 11452
15 5244 11453
15 5245 11448
15 5245 11449
15 5245 11450
15 5245 11451
15 5245 11452
15 5245 11453
15 5245 11454
15 5246 11450
15 5246 11451
15 5246 11452
15 5246 11453
15 5247 11443
15 5247 11444
15 5247 11445
15 5247 11446
15 5247 11447
15 5248 11443
15 5248 11444
15 5248 11445
15 5248 11446
15 5248 11447
15 5248 11448
15 5249 11383
15 5249 11384
15 5249 11385
15 5249 11386
15 5249 11387
15 5249 11443
15 5249 11444
15 5249 11445
15 5249 11446
15 5249 11447
15 5250 11382
15 5250 11383
15 5250 11384
15 5250 11385
15 5250 11386
15 5250 11387
15 5250 11388
15 5251 11382
15 5251 11383
15 5251 11384
15 5251 11385
15 5251 11386
15 5251 11387
15 5256 11435
15 5256 11436
15 5257 11433
15 5257 11434
15 5257 11435
15 5257 11436
15 5258 11434
15 5258 11435
15 5259 11433
15 5259 11434
15 5259 11435
15 5259 11436
15 5260 11433
15 5260 11434
15 5260 11435
15 5260 11436
15 5261 11433
15 5261 11434
15 5261 11435
15 5261 11436
15 5262 11433
15 5262 11434
15 5262 11435
15 5263 11432
15 5263 11433
15 5263 11434
15 5263 11435
15 5264 11432
15 5264 11433
15 5264 11434
15 5264 11435
15 5265 11433
15 5265 11434
15 5265 11435
16 10448 22842
16 10471 22972
16 10471 22973
16 10471 22974
16 10471 22975
16 10472 22972
16 10472 22973
16 10472 22974
16 10472 22975
16 10473 22972
16 10473 22973
16 10473 22974
16 10473 22975
16 10475 22979
16 10475 22980
16 10475 22981
16 10476 22979
16 10476 22980
16 10476 22981
16 10476 22982
16 10476 22983
16 10477 22837
16 10477 22838
16 10477 22839
16 10477 22840
16 10477 22841
16 10477 22842
16 10477 22843
16 10477 22844
16 10477 22845
16 10477 22846
16 10477 22847
16 10477 22981
16 10477 22982
16 10477 22983
16 10478 22837
16 10478 22838
16 10478 22839
16 10478 22840
16 10478 22841
16 10478 22842
16 10478 22843
16 10478 22844
16 10478 22845
16 10478 22846
16 10478 22847
16 10478 22848
16 10478 22849
16 10478 22850
16 10478 22851
16 10478 22852
16 10478 22853
16 10478 22854
16 10478 22855
16 10478 22856
16 10478 22857
16 10478 22858
16 10478 22859
16 10478 22860
16 10478 22861
16 10478 22862
16 10478 22863
16 10478 22864
16 10478 22865
16 10478 22866
16 10478 22867
16 10478 22868
16 10478 22869
16 10478 22870
16 10478 22873
16 10478 22874
16 10478 22875
16 10478 22876
16 10478 22877
16 10478 22981
16 10478 22982
16 10478 22983
16 10479 22841
16 10479 22842
16 10479 22843
16 10479 22844
16 10479 22845
16 10479 22846
16 10479 22847
16 10479 22848
16 10479 22849
16 10479 22850
16 10479 22851
16 10479 22852
16 10479 22853
16 10479 22854
16 10479 22855
16 10479 22856
16 10479 22857
16 10479 22858
16 10479 22859
16 10479 22860
16 10479 22861
16 10479 22862
16 10479 22863
16 10479 22864
16 10479 22865
16 10479 22866
16 10479 22867
16 10479 22868
16 10479 22869
16 10479 22870
16 10479 22871
16 10479 22872
16 10479 22873
16 10479 22874
16 10479 22875
16 10479 22876
16 10479 22877
16 10480 22853
16 10480 22854
16 10480 22855
16 10480 22856
16 10480 22857
16 10480 22858
16 10480 22859
16 10480 22860
16 10480 22861
16 10480 22862
16 10480 22863
16 10480 22864
16 10480 22865
16 10480 22866
16 10480 22867
16 10480 22868
16 10480 22869
16 10480 22870
16 10480 22871
16 10480 22872
16 10480 22873
16 10480 22874
16 10480 22875
16 10480 22876
16 10480 22877
16 10481 22874
16 10481 22875
16 10481 22876
16 10481 22877
16 10481 22886
16 10481 22887
16 10481 22888
16 10481 22889
16 10481 22890
16 10481 22891
16 10481 22892
16 10481 22893
16 10482 22874
16 10482 22875
16 10482 22876
16 10482 22877
16 10482 22878
16 10482 22879
16 10482 22880
16 10482 22881
16 10482 22882
16 10482 22883
16 10482 22884
16 10482 22885
16 10482 22886
16 10482 22887
16 10482 22888
16 10482 22889
16 10482 22890
16 10482 22891
16 10482 22892
16 10482 22893
16 10483 22874
16 10483 22875
16 10483 22876
16 10483 22877
16 10483 22878
16 10483 22879
16 10483 22880
16 10483 22881
16 10483 22882
16 10483 22883
16 10483 22884
16 10483 22885
16 10483 22886
16 10483 22887
16 10483 22888
16 10483 22889
16 10483 22890
16 10483 22891
16 10483 22892
16 10483 22893
16 10484 22875
16 10484 22876
16 10484 22877
16 10484 22878
16 10484 22879
16 10484 22880
16 10484 22881
16 10484 22882
16 10484 22883
16 10484 22884
16 10484 22889
16 10484 22890
16 10484 22891
16 10484 22892
16 10484 22893
16 10485 22890
16 10485 22891
16 10485 22892
16 10485 22893
16 10486 22891
16 10486 22892
16 10486 22893
16 10486 22896
16 10486 22897
16 10486 22898
16 10486 22899
16 10486 22900
16 10486 22901
16 10487 22896
16 10487 22897
16 10487 22898
16 10487 22899
16 10487 22900
16 10487 22901
16 10487 22902
16 10487 22903
16 10487 22904
16 10487 22905
16 10487 22906
16 10487 22907
16 10488 22898
16 10488 22899
16 10488 22900
16 10488 22901
16 10488 22902
16 10488 22903
16 10488 22904
16 10488 22905
16 10488 22906
16 10488 22907
16 10489 22898
16 10489 22899
16 10489 22903
16 10489 22904
16 10489 22905
16 10489 22906
16 10489 22907
16 10489 22908
16 10490 22898
16 10490 22899
16 10490 22905
16 10490 22906
16 10490 22907
16 10490 22908
16 10491 22905
16 10491 22906
16 10491 22907
16 10491 22908
16 10492 22905
16 10492 22906
16 10492 22907
16 10493 22885
16 10493 22886
16 10493 22887
16 10493 22897
16 10493 22898
16 10493 22899
16 10494 22875
16 10494 22876
16 10494 22877
16 10494 22878
16 10494 22879
16 10494 22884
16 10494 22885
16 10494 22886
16 10494 22887
16 10494 22888
16 10494 22889
16 10494 22896
16 10494 22897
16 10494 22898
16 10494 22899
16 10495 22875
16 10495 22876
16 10495 22877
16 10495 22878
16 10495 22879
16 10495 22880
16 10495 22881
16 10495 22882
16 10495 22883
16 10495 22884
16 10495 22885
16 10495 22886
16 10495 22887
16 10495 22888
16 10495 22889
16 10495 22890
16 10495 22891
16 10495 22892
16 10495 22893
16 10495 22894
16 10495 22895
16 10495 22896
16 10495 22897
16 10495 22898
16 10495 22899
16 10496 22875
16 10496 22876
16 10496 22877
16 10496 22878
16 10496 22879
16 10496 22880
16 10496 22881
16 10496 22882
16 10496 22883
16 10496 22884
16 10496 22885
16 10496 22886
16 10496 22887
16 10496 22888
16 10496 22889
16 10496 22890
16 10496 22891
16 10496 22892
16 10496 22893
16 10496 22894
16 10496 22895
16 10496 22896
16 10496 22897
16 10496 22898
16 10497 22886
16 10497 22887
16 10497 22888
16 10497 22889
16 10497 22890
16 10497 22891
16 10497 22892
16 10497 22893
16 10497 22894
16 10497 22895
16 10497 22896
16 10497 22897
16 10498 22888
16 10498 22889
16 10498 22890
16 10498 22891
16 10498 22892
16 10513 22869
16 10513 22870
16 10514 22869
16 10514 22871
16 10515 22870
16 10515 22871
16 10527 22867
16 10527 22868
16 10528 22867
16 10528 22868
16 10528 22869
17 20951 45959
17 20951 45960
17 20952 45959
17 20952 45960
17 20952 45961
17 20952 45962
17 20953 45959
17 20953 45961
17 20953 45962
17 20953 45963
17 20953 45964
17 20953 45965
17 20954 45961
17 20954 45962
17 20954 45963
17 20954 45964
17 20954 45965
17 20954 45966
17 20955 45962
17 20955 45963
17 20955 45964
17 20955 45965
17 20955 45966
17 20956 45964
17 20956 45965
17 20956 45966
17 20963 45783
17 20963 45784
17 20963 45785
17 20964 45783
17 20964 45784
17 20964 45785
17 20965 45783
17 20965 45784
17 20965 45785
17 20969 45784
17 20970 45784
17 20970 45785
17 20970 45786
17 20971 45784
17 20971 45785
17 20971 45786
17 20971 45787
17 20971 45788
17 20971 45789
17 20971 45790
17 20971 45791
17 20972 45784
17 20972 45785
17 20972 45786
17 20972 45787
17 20972 45788
17 20972 45789
17 20972 45790
17 20972 45791
17 20972 45792
17 20972 45793
17 20973 45785
17 20973 45786
17 20973 45787
17 20973 45788
17 20973 45789
17 20973 45790
17 20973 45791
17 20973 45792
17 20973 45793
17 20974 45797
17 20974 45798
17 20974 45799
17 20975 45797
17 20975 45798
17 20975 45799
17 20976 45797
17 20976 45798
17 20976 45799
17 20977 45797
17 20977 45798
17 20977 45799
17 20978 45797
17 20978 45798
17 20978 45799
17 20979 45796
17 20979 45797
17 20979 45798
17 20979 45799
17 20980 45794
17 20980 45795
17 20980 45796
17 20980 45797
17 20980 45798
17 20980 45799
17 20981 45793
17 20981 45794
17 20981 45795
17 20981 45796
17 20981 45797
17 20981 45798
17 20982 45793
17 20982 45794
17 20982 45795
17 20983 45793
17 20983 45794
17 20983 45795
17 20984 45793
17 20984 45794
17 20984 45795
17 20985 45793
17 20985 45794
17 20985 45795
17 20986 45793
17 20986 45794
17 20986 45795
17 20987 45793
17 20987 45794
17 20987 45795
17 20988 45793
17 20988 45794
17 20988 45795
17 20988 45796
17 20989 45795
17 21027 45738
17 21027 45739
17 21027 45740
17 21028 45737
17 21028 45738
17 21028 45739
17 21028 45740
17 21029 45737
17 21029 45738
17 21029 45739
17 21029 45740
17 21055 45734
17 21055 45735
17 21055 45736
17 21055 45737
17 21056 45734
17 21056 45735
17 21056 45736
17 21056 45737
17 21057 45735
17 21057 45736
17 21057 45737
