11 591 786
12 1176 1573
12 1176 1573
12 1177 1573
12 1177 1573
12 1178 1573
12 1178 1573
12 1179 1573
12 1179 1573
12 1180 1573
12 1180 1573
12 1181 1573
12 1181 1573
12 1182 1572
12 1182 1572
12 1182 1573
12 1182 1573
13 2353 3136
13 2353 3136
13 2353 3146
13 2353 3146
13 2354 3136
13 2354 3136
13 2354 3146
13 2354 3146
13 2355 3136
13 2355 3136
13 2355 3146
13 2355 3146
13 2356 3136
13 2356 3136
13 2356 3146
13 2356 3146
13 2357 3136
13 2357 3136
13 2357 3146
13 2357 3146
13 2358 3136
13 2358 3136
13 2358 3146
13 2358 3146
13 2359 3136
13 2359 3136
13 2359 3146
13 2359 3146
13 2360 3136
13 2360 3136
13 2360 3146
13 2360 3146
13 2361 3136
13 2361 3136
13 2361 3146
13 2361 3146
13 2362 3136
13 2362 3136
13 2362 3146
13 2362 3146
13 2363 3136
13 2363 3136
13 2363 3146
13 2363 3146
13 2364 3136
13 2364 3136
13 2364 3144
13 2364 3144
13 2364 3145
13 2364 3145
13 2364 3146
13 2364 3146
13 2365 3136
13 2365 3136
13 2365 3144
13 2365 3144
13 2365 3145
13 2365 3145
13 2365 3146
13 2365 3146
14 4706 6273
14 4706 6292
14 4728 6288
14 4728 6289
14 4728 6290
14 4728 6291
15 9412 12547
15 9412 12548
15 9412 12549
15 9412 12550
15 9412 12551
15 9412 12552
15 9412 12553
15 9412 12554
15 9412 12555
15 9412 12556
15 9412 12557
15 9412 12558
15 9412 12559
15 9412 12560
15 9412 12561
15 9412 12562
15 9412 12563
15 9412 12564
15 9412 12565
15 9412 12566
15 9412 12567
15 9412 12568
15 9412 12569
15 9412 12570
15 9412 12571
15 9412 12572
15 9412 12573
15 9412 12574
15 9412 12575
15 9412 12576
15 9412 12577
15 9412 12578
15 9412 12579
15 9412 12580
15 9412 12581
15 9412 12582
15 9412 12583
15 9412 12584
16 18825 25094
16 18825 25095
16 18825 25096
16 18825 25097
16 18825 25098
16 18825 25099
16 18825 25100
16 18825 25101
16 18825 25102
16 18825 25103
16 18825 25104
16 18825 25105
16 18825 25106
16 18825 25107
16 18825 25108
16 18825 25109
16 18825 25110
16 18825 25111
16 18825 25112
16 18825 25113
16 18825 25114
16 18825 25115
16 18825 25116
16 18825 25117
16 18825 25118
16 18825 25119
16 18825 25120
16 18825 25121
16 18825 25122
16 18825 25123
16 18825 25124
16 18825 25125
16 18825 25126
16 18825 25127
16 18825 25128
16 18825 25129
16 18825 25130
16 18825 25131
16 18825 25132
16 18825 25133
16 18825 25134
16 18825 25135
16 18825 25136
16 18825 25137
16 18825 25138
16 18825 25139
16 18825 25140
16 18825 25141
16 18825 25142
16 18825 25143
16 18825 25144
16 18825 25145
16 18825 25146
16 18825 25147
16 18825 25148
16 18825 25149
16 18825 25150
16 18825 25151
16 18825 25152
16 18825 25153
16 18825 25154
16 18825 25155
16 18825 25156
16 18825 25157
16 18825 25158
16 18825 25159
16 18825 25160
16 18825 25161
16 18825 25162
16 18825 25163
16 18825 25164
16 18825 25165
16 18825 25166
16 18825 25167
16 18825 25168
16 18873 25131
16 18883 25109
16 18901 25118
17 37650 50188
18 75301 100376
3 2 3
4 4 6
4 4 6
5 9 12
5 9 12
6 18 24
6 18 24
7 36 49
7 36 49
