10 305 382
11 610 765
12 1219 1530
12 1219 1530
12 1220 1530
12 1220 1530
12 1220 1531
12 1220 1531
12 1220 1532
12 1220 1532
12 1221 1530
12 1221 1530
12 1221 1531
12 1221 1531
12 1221 1532
12 1221 1532
13 2438 3061
13 2438 3061
13 2438 3062
13 2438 3062
13 2438 3065
13 2438 3065
13 2439 3061
13 2439 3061
13 2439 3062
13 2439 3062
13 2439 3065
13 2439 3065
13 2440 3061
13 2440 3061
13 2440 3062
13 2440 3062
13 2440 3063
13 2440 3063
13 2440 3064
13 2440 3064
13 2440 3065
13 2440 3065
13 2441 3061
13 2441 3061
13 2441 3062
13 2441 3062
13 2441 3063
13 2441 3063
13 2441 3064
13 2441 3064
13 2441 3065
13 2441 3065
13 2442 3061
13 2442 3061
13 2442 3062
13 2442 3062
13 2442 3063
13 2442 3063
13 2442 3064
13 2442 3064
13 2442 3065
13 2442 3065
14 4876 6122
14 4876 6123
14 4876 6124
14 4876 6125
14 4876 6129
14 4876 6130
14 4879 6126
14 4879 6127
14 4879 6128
15 9753 12244
15 9753 12245
15 9753 12246
15 9753 12247
15 9753 12248
15 9753 12249
15 9753 12250
15 9753 12251
15 9753 12257
15 9753 12258
15 9753 12259
15 9753 12260
15 9758 12252
15 9758 12253
15 9758 12254
15 9758 12255
15 9758 12256
16 19506 24488
16 19506 24489
16 19506 24490
16 19506 24491
16 19506 24492
16 19506 24493
16 19506 24494
16 19506 24495
16 19506 24496
16 19506 24497
16 19506 24498
16 19506 24499
16 19506 24500
16 19506 24501
16 19506 24502
16 19506 24503
16 19506 24513
16 19506 24514
16 19506 24515
16 19506 24516
16 19506 24517
16 19506 24518
16 19506 24519
16 19506 24520
16 19515 24504
16 19515 24505
16 19515 24506
16 19515 24507
16 19515 24508
16 19515 24509
16 19515 24510
16 19515 24511
16 19515 24512
17 39012 48976
17 39012 48977
17 39012 48978
17 39012 48979
17 39012 48980
17 39012 48981
17 39012 48982
17 39012 48983
17 39012 48984
17 39012 48985
17 39012 48986
17 39012 48987
17 39012 48988
17 39012 48989
17 39012 48990
17 39012 48991
17 39012 48992
17 39012 48993
17 39012 48994
17 39012 48995
17 39012 48996
17 39012 48997
17 39012 48998
17 39012 48999
17 39012 49000
17 39012 49001
17 39012 49002
17 39012 49003
17 39012 49004
17 39012 49005
17 39012 49006
17 39012 49007
17 39012 49008
17 39012 49009
17 39012 49010
17 39012 49011
17 39012 49012
17 39012 49013
17 39012 49014
17 39012 49015
17 39012 49016
17 39012 49017
17 39012 49018
17 39012 49019
17 39012 49020
17 39012 49021
17 39012 49022
17 39012 49023
17 39012 49024
17 39012 49025
17 39012 49026
17 39012 49027
17 39012 49028
17 39012 49029
17 39012 49030
17 39012 49031
17 39012 49032
17 39012 49033
17 39012 49034
17 39012 49035
17 39012 49036
17 39012 49037
17 39012 49038
17 39012 49039
17 39012 49040
18 78025 97953
3 2 2
4 4 5
4 4 5
5 9 11
5 9 11
6 19 23
6 19 23
7 38 47
7 38 47
8 76 95
8 76 95
