12 1047 1686
12 1047 1686
12 1047 1687
12 1047 1687
12 1047 1688
12 1047 1688
13 2094 3373
13 2094 3373
13 2094 3374
13 2094 3374
13 2094 3375
13 2094 3375
13 2094 3376
13 2094 3376
14 4188 6746
14 4188 6747
14 4188 6748
14 4188 6749
14 4188 6750
14 4188 6751
14 4188 6752
14 4188 6753
15 8376 13492
15 8376 13493
15 8376 13494
15 8376 13495
15 8376 13496
15 8376 13497
15 8376 13498
15 8376 13499
15 8376 13500
15 8376 13501
15 8376 13502
15 8376 13503
15 8376 13504
15 8376 13505
15 8376 13506
16 16724 26984
16 16728 26984
16 16729 26984
16 16730 26984
17 33448 53969
18 66896 107938
3 2 3
4 4 6
4 4 6
5 8 13
5 8 13
6 16 26
6 16 26
7 32 52
7 32 52
8 65 105
8 65 105
