11 567 868
11 568 868
12 1135 1737
12 1135 1737
12 1135 1747
12 1135 1747
12 1136 1737
12 1136 1737
12 1136 1747
12 1136 1747
12 1137 1737
12 1137 1737
12 1137 1747
12 1137 1747
12 1138 1737
12 1138 1737
12 1138 1747
12 1138 1747
12 1139 1737
12 1139 1737
12 1139 1747
12 1139 1747
12 1140 1737
12 1140 1737
12 1140 1747
12 1140 1747
12 1141 1737
12 1141 1737
12 1141 1747
12 1141 1747
12 1142 1737
12 1142 1737
12 1142 1747
12 1142 1747
12 1143 1737
12 1143 1737
12 1143 1747
12 1143 1747
12 1144 1737
12 1144 1737
12 1144 1747
12 1144 1747
12 1145 1737
12 1145 1737
12 1145 1747
12 1145 1747
12 1146 1737
12 1146 1737
12 1146 1747
12 1146 1747
12 1147 1737
12 1147 1737
12 1147 1747
12 1147 1747
12 1148 1737
12 1148 1737
12 1148 1747
12 1148 1747
13 2271 3475
13 2271 3475
13 2271 3494
13 2271 3494
13 2272 3475
13 2272 3475
13 2272 3494
13 2272 3494
13 2273 3475
13 2273 3475
13 2273 3494
13 2273 3494
13 2274 3475
13 2274 3475
13 2274 3494
13 2274 3494
13 2275 3475
13 2275 3475
13 2275 3494
13 2275 3494
13 2276 3475
13 2276 3475
13 2276 3494
13 2276 3494
13 2277 3475
13 2277 3475
13 2277 3494
13 2277 3494
13 2278 3475
13 2278 3475
13 2278 3494
13 2278 3494
13 2279 3475
13 2279 3475
13 2279 3494
13 2279 3494
13 2280 3475
13 2280 3475
13 2280 3494
13 2280 3494
13 2281 3475
13 2281 3475
13 2281 3494
13 2281 3494
13 2282 3475
13 2282 3475
13 2282 3494
13 2282 3494
13 2283 3475
13 2283 3475
13 2283 3494
13 2283 3494
13 2284 3475
13 2284 3475
13 2284 3494
13 2284 3494
13 2285 3475
13 2285 3475
13 2285 3494
13 2285 3494
13 2286 3475
13 2286 3475
13 2286 3494
13 2286 3494
13 2287 3475
13 2287 3475
13 2287 3494
13 2287 3494
13 2288 3475
13 2288 3475
13 2288 3494
13 2288 3494
13 2289 3475
13 2289 3475
13 2289 3494
13 2289 3494
13 2290 3475
13 2290 3475
13 2290 3494
13 2290 3494
13 2291 3475
13 2291 3475
13 2291 3494
13 2291 3494
13 2292 3475
13 2292 3475
13 2292 3494
13 2292 3494
13 2293 3475
13 2293 3475
13 2293 3494
13 2293 3494
13 2294 3475
13 2294 3475
13 2294 3494
13 2294 3494
13 2295 3475
13 2295 3475
13 2295 3494
13 2295 3494
13 2296 3475
13 2296 3475
13 2296 3494
13 2296 3494
13 2297 3475
13 2297 3475
13 2297 3494
13 2297 3494
14 4542 6951
14 4542 6952
14 4542 6953
14 4542 6954
14 4542 6955
14 4542 6956
14 4542 6957
14 4542 6958
14 4542 6959
14 4542 6960
14 4542 6961
14 4542 6962
14 4542 6963
14 4542 6964
14 4542 6965
14 4542 6966
14 4542 6967
14 4542 6968
14 4542 6969
14 4542 6970
14 4542 6971
14 4542 6972
14 4542 6973
14 4542 6974
14 4542 6975
14 4542 6976
14 4542 6977
14 4542 6978
14 4542 6979
14 4542 6980
14 4542 6981
14 4542 6982
14 4542 6983
14 4542 6984
14 4542 6985
14 4542 6986
14 4542 6987
14 4542 6988
14 4542 6989
14 4543 6989
14 4544 6951
14 4545 6951
14 4546 6951
14 4547 6951
15 9085 13902
15 9085 13903
15 9085 13904
15 9085 13905
15 9085 13906
15 9085 13907
15 9085 13908
15 9085 13909
15 9085 13910
15 9085 13911
15 9085 13912
15 9085 13913
15 9085 13914
15 9085 13915
15 9085 13916
15 9085 13917
15 9085 13918
15 9085 13919
15 9085 13920
15 9085 13921
15 9085 13922
15 9085 13923
15 9085 13924
15 9085 13925
15 9085 13926
15 9085 13927
15 9085 13928
15 9085 13929
15 9085 13930
15 9085 13931
15 9085 13932
15 9085 13933
15 9085 13934
15 9085 13935
15 9085 13936
15 9085 13937
15 9085 13938
15 9085 13939
15 9085 13940
15 9085 13941
15 9085 13942
15 9085 13943
15 9085 13944
15 9085 13945
15 9085 13946
15 9085 13947
15 9085 13948
15 9085 13949
15 9085 13950
15 9085 13951
15 9085 13952
15 9085 13953
15 9085 13954
15 9085 13955
15 9085 13956
15 9085 13957
15 9085 13958
15 9085 13959
15 9085 13960
15 9085 13961
15 9085 13962
15 9085 13963
15 9085 13964
15 9085 13965
15 9085 13966
15 9085 13967
15 9085 13968
15 9085 13969
15 9085 13970
15 9085 13971
15 9085 13972
15 9085 13973
15 9085 13974
15 9085 13975
15 9085 13976
15 9085 13977
15 9085 13978
15 9085 13979
15 9086 13911
15 9086 13915
15 9086 13916
15 9086 13918
15 9086 13919
15 9086 13921
15 9086 13922
15 9086 13923
15 9086 13925
15 9086 13929
15 9086 13930
15 9086 13932
15 9086 13933
15 9086 13935
15 9086 13937
15 9086 13938
15 9086 13939
15 9086 13940
15 9086 13943
15 9086 13945
15 9086 13946
15 9086 13947
15 9086 13948
15 9086 13952
15 9086 13953
15 9086 13954
15 9086 13957
15 9086 13963
15 9086 13968
15 9086 13979
15 9087 13904
15 9087 13906
15 9087 13908
15 9087 13912
15 9087 13913
15 9087 13914
15 9087 13915
15 9087 13916
15 9087 13918
15 9087 13925
15 9087 13927
15 9087 13932
15 9087 13933
15 9087 13934
15 9087 13936
15 9087 13937
15 9087 13938
15 9087 13939
15 9087 13940
15 9087 13941
15 9087 13942
15 9087 13946
15 9087 13947
15 9087 13952
15 9087 13953
15 9087 13954
15 9087 13957
15 9087 13958
15 9087 13959
15 9087 13962
15 9087 13964
15 9087 13965
15 9087 13973
15 9088 13903
15 9088 13908
15 9088 13912
15 9088 13913
15 9088 13915
15 9088 13918
15 9088 13920
15 9088 13923
15 9088 13928
15 9088 13929
15 9088 13930
15 9088 13931
15 9088 13932
15 9088 13933
15 9088 13935
15 9088 13936
15 9088 13937
15 9088 13938
15 9088 13942
15 9088 13943
15 9088 13946
15 9088 13947
15 9088 13952
15 9088 13954
15 9088 13955
15 9088 13957
15 9088 13959
15 9088 13960
15 9088 13965
15 9089 13902
15 9089 13903
15 9089 13905
15 9089 13906
15 9089 13907
15 9089 13911
15 9089 13915
15 9089 13916
15 9089 13917
15 9089 13918
15 9089 13919
15 9089 13921
15 9089 13924
15 9089 13926
15 9089 13931
15 9089 13935
15 9089 13936
15 9089 13937
15 9089 13938
15 9089 13939
15 9089 13940
15 9089 13941
15 9089 13943
15 9089 13944
15 9089 13945
15 9089 13946
15 9089 13950
15 9089 13951
15 9089 13952
15 9089 13953
15 9089 13954
15 9089 13955
15 9089 13956
15 9089 13957
15 9090 13903
15 9090 13905
15 9090 13906
15 9090 13907
15 9090 13909
15 9090 13910
15 9090 13911
15 9090 13912
15 9090 13913
15 9090 13914
15 9090 13915
15 9090 13918
15 9090 13919
15 9090 13920
15 9090 13921
15 9090 13922
15 9090 13925
15 9090 13926
15 9090 13929
15 9090 13930
15 9090 13931
15 9090 13932
15 9090 13933
15 9090 13937
15 9090 13938
15 9090 13939
15 9090 13940
15 9090 13941
15 9090 13942
15 9090 13943
15 9090 13944
15 9090 13945
15 9090 13946
15 9090 13947
15 9090 13949
15 9090 13950
15 9090 13951
15 9090 13952
15 9090 13954
15 9090 13955
15 9091 13902
15 9091 13907
15 9091 13909
15 9091 13910
15 9091 13911
15 9091 13912
15 9091 13914
15 9091 13915
15 9091 13916
15 9091 13917
15 9091 13918
15 9091 13919
15 9091 13921
15 9091 13922
15 9091 13923
15 9091 13924
15 9091 13926
15 9091 13928
15 9091 13930
15 9091 13934
15 9091 13935
15 9091 13936
15 9091 13939
15 9091 13940
15 9091 13945
15 9091 13946
15 9091 13947
15 9091 13948
15 9091 13949
15 9091 13951
15 9092 13903
15 9092 13904
15 9092 13905
15 9092 13907
15 9092 13908
15 9092 13909
15 9092 13910
15 9092 13911
15 9092 13912
15 9092 13913
15 9092 13915
15 9092 13916
15 9092 13917
15 9092 13919
15 9092 13920
15 9092 13921
15 9092 13922
15 9093 13902
15 9093 13905
15 9093 13907
15 9093 13908
15 9093 13909
15 9093 13911
15 9093 13912
15 9093 13930
15 9094 13903
15 9094 13904
15 9094 13905
15 9094 13906
15 9094 13907
15 9167 13951
16 18170 27805
16 18170 27806
16 18170 27807
16 18170 27808
16 18170 27809
16 18170 27810
16 18170 27811
16 18170 27812
16 18170 27813
16 18170 27814
16 18170 27815
16 18170 27816
16 18170 27817
16 18170 27818
16 18170 27819
16 18170 27820
16 18170 27821
16 18170 27822
16 18170 27823
16 18170 27824
16 18170 27825
16 18170 27826
16 18170 27827
16 18170 27828
16 18170 27829
16 18170 27830
16 18170 27831
16 18170 27832
16 18170 27833
16 18170 27834
16 18170 27835
16 18170 27836
16 18170 27837
16 18170 27838
16 18170 27839
16 18170 27840
16 18170 27841
16 18170 27842
16 18170 27843
16 18170 27844
16 18170 27845
16 18170 27846
16 18170 27847
16 18170 27848
16 18170 27849
16 18170 27850
16 18170 27851
16 18170 27852
16 18170 27853
16 18170 27854
16 18170 27855
16 18170 27856
16 18170 27857
16 18170 27858
16 18170 27859
16 18170 27860
16 18170 27861
16 18170 27862
16 18170 27863
16 18170 27864
16 18170 27865
16 18170 27866
16 18170 27867
16 18170 27868
16 18170 27869
16 18170 27870
16 18170 27871
16 18170 27872
16 18170 27873
16 18170 27874
16 18170 27875
16 18170 27876
16 18170 27877
16 18170 27878
16 18170 27879
16 18170 27880
16 18170 27881
16 18170 27882
16 18170 27883
16 18170 27884
16 18170 27885
16 18170 27886
16 18170 27887
16 18170 27888
16 18170 27889
16 18170 27890
16 18170 27891
16 18170 27892
16 18170 27893
16 18170 27894
16 18170 27895
16 18170 27896
16 18170 27897
16 18170 27898
16 18170 27899
16 18170 27900
16 18170 27901
16 18170 27902
16 18170 27903
16 18170 27904
16 18170 27905
16 18170 27906
16 18170 27907
16 18170 27908
16 18170 27909
16 18170 27910
16 18170 27911
16 18170 27912
16 18170 27913
16 18170 27914
16 18170 27915
16 18170 27916
16 18170 27917
16 18170 27918
16 18170 27919
16 18170 27920
16 18170 27921
16 18170 27922
16 18170 27923
16 18170 27924
16 18170 27925
16 18170 27926
16 18170 27927
16 18170 27928
16 18170 27929
16 18170 27930
16 18170 27931
16 18170 27932
16 18170 27933
16 18170 27934
16 18170 27935
16 18170 27936
16 18170 27937
16 18170 27938
16 18170 27939
16 18170 27940
16 18170 27941
16 18170 27942
16 18170 27943
16 18170 27944
16 18170 27945
16 18170 27946
16 18170 27947
16 18170 27948
16 18170 27949
16 18170 27950
16 18170 27951
16 18170 27952
16 18170 27953
16 18170 27954
16 18170 27955
16 18170 27956
16 18170 27957
16 18170 27958
16 18170 27959
16 18171 27812
16 18171 27831
16 18171 27833
16 18171 27836
16 18171 27845
16 18171 27851
16 18171 27855
16 18171 27867
16 18171 27868
16 18171 27887
16 18171 27893
16 18171 27894
16 18171 27898
16 18171 27900
16 18171 27906
16 18171 27908
16 18172 27830
16 18172 27832
16 18172 27837
16 18172 27838
16 18172 27850
16 18172 27860
16 18172 27864
16 18172 27865
16 18172 27870
16 18172 27871
16 18172 27874
16 18172 27877
16 18172 27879
16 18172 27892
16 18172 27895
16 18172 27905
16 18172 27907
16 18172 27908
16 18172 27926
16 18172 27936
16 18173 27823
16 18173 27843
16 18173 27844
16 18173 27847
16 18173 27858
16 18173 27867
16 18173 27876
16 18173 27877
16 18173 27880
16 18173 27887
16 18173 27891
16 18173 27894
16 18173 27896
16 18173 27905
16 18173 27909
16 18173 27915
16 18173 27927
16 18173 27958
16 18174 27809
16 18174 27812
16 18174 27830
16 18174 27851
16 18174 27867
16 18174 27869
16 18174 27873
16 18174 27877
16 18174 27878
16 18174 27879
16 18174 27882
16 18174 27883
16 18174 27884
16 18174 27905
16 18174 27908
16 18174 27925
16 18174 27928
16 18174 27947
16 18175 27816
16 18175 27824
16 18175 27826
16 18175 27828
16 18175 27830
16 18175 27831
16 18175 27832
16 18175 27836
16 18175 27837
16 18175 27855
16 18175 27864
16 18175 27866
16 18175 27872
16 18175 27875
16 18175 27877
16 18175 27879
16 18175 27880
16 18175 27883
16 18175 27884
16 18175 27893
16 18175 27894
16 18175 27905
16 18175 27907
16 18175 27915
16 18175 27916
16 18175 27917
16 18175 27918
16 18175 27924
16 18175 27928
16 18175 27931
16 18175 27946
16 18176 27806
16 18176 27817
16 18176 27824
16 18176 27827
16 18176 27831
16 18176 27836
16 18176 27840
16 18176 27856
16 18176 27860
16 18176 27865
16 18176 27870
16 18176 27872
16 18176 27875
16 18176 27884
16 18176 27886
16 18176 27893
16 18176 27894
16 18176 27905
16 18176 27910
16 18176 27915
16 18176 27918
16 18176 27921
16 18176 27930
16 18177 27816
16 18177 27825
16 18177 27827
16 18177 27846
16 18177 27859
16 18177 27861
16 18177 27863
16 18177 27867
16 18177 27873
16 18177 27877
16 18177 27885
16 18177 27905
16 18177 27908
16 18177 27910
16 18178 27805
16 18178 27807
16 18178 27810
16 18178 27812
16 18178 27815
16 18178 27822
16 18178 27831
16 18178 27835
16 18178 27838
16 18178 27843
16 18178 27849
16 18178 27852
16 18178 27870
16 18178 27874
16 18178 27875
16 18178 27876
16 18178 27879
16 18178 27891
16 18178 27900
16 18178 27903
16 18178 27905
16 18178 27911
16 18178 27914
16 18179 27812
16 18179 27832
16 18179 27837
16 18179 27852
16 18179 27862
16 18179 27871
16 18179 27872
16 18179 27876
16 18179 27880
16 18179 27883
16 18179 27887
16 18179 27888
16 18179 27891
16 18179 27893
16 18179 27904
16 18179 27907
16 18179 27908
16 18179 27909
16 18179 27910
16 18179 27912
16 18180 27811
16 18180 27822
16 18180 27823
16 18180 27824
16 18180 27827
16 18180 27828
16 18180 27836
16 18180 27839
16 18180 27840
16 18180 27842
16 18180 27851
16 18180 27863
16 18180 27864
16 18180 27867
16 18180 27874
16 18180 27877
16 18180 27878
16 18180 27886
16 18180 27889
16 18180 27892
16 18180 27894
16 18180 27898
16 18180 27899
16 18180 27900
16 18180 27903
16 18180 27905
16 18180 27908
16 18180 27909
16 18180 27910
16 18181 27806
16 18181 27812
16 18181 27815
16 18181 27818
16 18181 27820
16 18181 27827
16 18181 27829
16 18181 27830
16 18181 27839
16 18181 27842
16 18181 27844
16 18181 27852
16 18181 27859
16 18181 27861
16 18181 27864
16 18181 27865
16 18181 27866
16 18181 27867
16 18181 27877
16 18181 27878
16 18181 27881
16 18181 27883
16 18181 27885
16 18181 27888
16 18181 27890
16 18181 27891
16 18181 27893
16 18181 27894
16 18181 27899
16 18181 27900
16 18181 27903
16 18181 27904
16 18182 27805
16 18182 27818
16 18182 27819
16 18182 27823
16 18182 27824
16 18182 27825
16 18182 27829
16 18182 27831
16 18182 27832
16 18182 27833
16 18182 27837
16 18182 27843
16 18182 27852
16 18182 27860
16 18182 27861
16 18182 27868
16 18182 27869
16 18182 27870
16 18182 27871
16 18182 27873
16 18182 27879
16 18182 27881
16 18182 27890
16 18182 27892
16 18182 27894
16 18182 27897
16 18182 27898
16 18182 27899
16 18182 27902
16 18183 27815
16 18183 27820
16 18183 27831
16 18183 27832
16 18183 27835
16 18183 27836
16 18183 27837
16 18183 27838
16 18183 27839
16 18183 27842
16 18183 27843
16 18183 27844
16 18183 27846
16 18183 27849
16 18183 27852
16 18183 27856
16 18183 27857
16 18184 27806
16 18184 27808
16 18184 27810
16 18184 27814
16 18184 27819
16 18184 27821
16 18184 27823
16 18184 27826
16 18184 27831
16 18184 27832
16 18184 27834
16 18184 27835
16 18184 27839
16 18184 27841
16 18184 27842
16 18185 27806
16 18185 27811
16 18185 27814
16 18185 27816
16 18185 27824
16 18185 27834
16 18185 27835
16 18185 27840
16 18185 27844
16 18186 27810
16 18186 27816
16 18186 27818
16 18186 27819
16 18186 27822
16 18186 27824
16 18186 27825
16 18187 27805
16 18187 27814
16 18187 27815
16 18187 27816
16 18187 27817
16 18187 27818
16 18187 27819
16 18187 27860
16 18188 27807
16 18188 27812
16 18188 27814
16 18189 27809
16 18189 27810
16 18189 27811
16 18335 27903
17 36341 55610
17 36341 55611
17 36341 55612
17 36341 55613
17 36341 55614
17 36341 55615
17 36341 55616
17 36341 55617
17 36341 55618
17 36341 55619
17 36341 55620
17 36341 55621
17 36341 55622
17 36341 55623
17 36341 55624
17 36341 55625
17 36341 55626
17 36341 55627
17 36341 55628
17 36341 55629
17 36341 55630
17 36341 55631
17 36341 55632
17 36341 55633
17 36341 55634
17 36341 55635
17 36341 55636
17 36341 55637
17 36341 55638
17 36341 55639
17 36341 55640
17 36341 55641
17 36341 55642
17 36341 55643
17 36341 55644
17 36341 55645
17 36341 55646
17 36341 55647
17 36341 55648
17 36341 55649
17 36341 55650
17 36341 55651
17 36341 55652
17 36341 55653
17 36341 55654
17 36341 55655
17 36341 55656
17 36341 55657
17 36341 55658
17 36341 55659
17 36341 55660
17 36341 55661
17 36341 55662
17 36341 55663
17 36341 55664
17 36341 55665
17 36341 55666
17 36341 55667
17 36341 55668
17 36341 55669
17 36341 55670
17 36341 55671
17 36341 55672
17 36341 55673
17 36341 55674
17 36341 55675
17 36341 55676
17 36341 55677
17 36341 55678
17 36341 55679
17 36341 55680
17 36341 55681
17 36341 55682
17 36341 55683
17 36341 55684
17 36341 55685
17 36341 55686
17 36341 55687
17 36341 55688
17 36341 55689
17 36341 55690
17 36341 55691
17 36341 55692
17 36341 55693
17 36341 55694
17 36341 55695
17 36341 55696
17 36341 55697
17 36341 55698
17 36341 55699
17 36341 55700
17 36341 55701
17 36341 55702
17 36341 55703
17 36341 55704
17 36341 55705
17 36341 55706
17 36341 55707
17 36341 55708
17 36341 55709
17 36341 55710
17 36341 55711
17 36341 55712
17 36341 55713
17 36341 55714
17 36341 55715
17 36341 55716
17 36341 55717
17 36341 55718
17 36341 55719
17 36341 55720
17 36341 55721
17 36341 55722
17 36341 55723
17 36341 55724
17 36341 55725
17 36341 55726
17 36341 55727
17 36341 55728
17 36341 55729
17 36341 55730
17 36341 55731
17 36341 55732
17 36341 55733
17 36341 55734
17 36341 55735
17 36341 55736
17 36341 55737
17 36341 55738
17 36341 55739
17 36341 55740
17 36341 55741
17 36341 55742
17 36341 55743
17 36341 55744
17 36341 55745
17 36341 55746
17 36341 55747
17 36341 55748
17 36341 55749
17 36341 55750
17 36341 55751
17 36341 55752
17 36341 55753
17 36341 55754
17 36341 55755
17 36341 55756
17 36341 55757
17 36341 55758
17 36341 55759
17 36341 55760
17 36341 55761
17 36341 55762
17 36341 55763
17 36341 55764
17 36341 55765
17 36341 55766
17 36341 55767
17 36341 55768
17 36341 55769
17 36341 55770
17 36341 55771
17 36341 55772
17 36341 55773
17 36341 55774
17 36341 55775
17 36341 55776
17 36341 55777
17 36341 55778
17 36341 55779
17 36341 55780
17 36341 55781
17 36341 55782
17 36341 55783
17 36341 55784
17 36341 55785
17 36341 55786
17 36341 55787
17 36341 55788
17 36341 55789
17 36341 55790
17 36341 55791
17 36341 55792
17 36341 55793
17 36341 55794
17 36341 55795
17 36341 55796
17 36341 55797
17 36341 55798
17 36341 55799
17 36341 55800
17 36341 55801
17 36341 55802
17 36341 55803
17 36341 55804
17 36341 55805
17 36341 55806
17 36341 55807
17 36341 55808
17 36341 55809
17 36341 55810
17 36341 55811
17 36341 55812
17 36341 55813
17 36341 55814
17 36341 55815
17 36341 55816
17 36341 55817
17 36341 55818
17 36341 55819
17 36341 55820
17 36341 55821
17 36341 55822
17 36341 55823
17 36341 55824
17 36341 55825
17 36341 55826
17 36341 55827
17 36341 55828
17 36341 55829
17 36341 55830
17 36341 55831
17 36341 55832
17 36341 55833
17 36341 55834
17 36341 55835
17 36341 55836
17 36341 55837
17 36341 55838
17 36341 55839
17 36341 55840
17 36341 55841
17 36341 55842
17 36341 55843
17 36341 55844
17 36341 55845
17 36341 55846
17 36341 55847
17 36341 55848
17 36341 55849
17 36341 55850
17 36341 55851
17 36341 55852
17 36341 55853
17 36341 55854
17 36341 55855
17 36341 55856
17 36341 55857
17 36341 55858
17 36341 55859
17 36341 55860
17 36341 55861
17 36341 55862
17 36341 55863
17 36341 55864
17 36341 55865
17 36341 55866
17 36341 55867
17 36341 55868
17 36341 55869
17 36341 55870
17 36341 55871
17 36341 55872
17 36341 55873
17 36341 55874
17 36341 55875
17 36341 55876
17 36341 55877
17 36341 55878
17 36341 55879
17 36341 55880
17 36341 55881
17 36341 55882
17 36341 55883
17 36341 55884
17 36341 55885
17 36341 55886
17 36341 55887
17 36341 55888
17 36341 55889
17 36341 55890
17 36341 55891
17 36341 55892
17 36341 55893
17 36341 55894
17 36341 55895
17 36341 55896
17 36341 55897
17 36341 55898
17 36341 55899
17 36341 55900
17 36341 55901
17 36341 55902
17 36341 55903
17 36341 55904
17 36341 55905
17 36341 55906
17 36341 55907
17 36341 55908
17 36341 55909
17 36341 55910
17 36341 55911
17 36341 55912
17 36341 55913
17 36341 55914
17 36341 55915
17 36341 55916
17 36341 55917
17 36341 55918
18 72682 111221
3 2 3
4 4 6
4 4 6
5 8 13
5 8 13
6 17 27
6 17 27
