12 1067 1685
12 1067 1685
12 1069 1684
12 1069 1684
13 2135 3370
13 2135 3370
13 2135 3371
13 2135 3371
13 2136 3371
13 2136 3371
13 2138 3369
13 2138 3369
13 2139 3369
13 2139 3369
14 4271 6738
14 4271 6740
14 4271 6741
14 4271 6742
14 4271 6743
14 4275 6739
14 4276 6738
14 4277 6738
15 8543 13476
15 8543 13477
15 8543 13480
15 8543 13481
15 8543 13482
15 8543 13483
15 8543 13484
15 8543 13485
15 8543 13486
15 8547 13477
15 8548 13478
15 8550 13479
15 8553 13476
15 8555 13477
16 17086 26953
16 17094 26954
16 17097 26956
16 17107 26953
16 17110 26955
17 34172 53907
18 68345 107815
3 2 3
4 4 6
4 4 6
5 8 13
5 8 13
6 16 26
6 16 26
7 33 52
7 33 52
8 66 105
8 66 105
