10 279 436
10 279 439
11 559 872
11 559 879
11 561 872
11 562 872
11 563 872
11 564 872
11 566 872
11 567 872
11 568 872
12 1119 1745
12 1119 1745
12 1119 1746
12 1119 1746
12 1119 1747
12 1119 1747
12 1119 1748
12 1119 1748
12 1119 1749
12 1119 1749
12 1119 1750
12 1119 1750
12 1119 1751
12 1119 1751
12 1119 1752
12 1119 1752
12 1119 1753
12 1119 1753
12 1119 1754
12 1119 1754
12 1119 1755
12 1119 1755
12 1119 1756
12 1119 1756
12 1119 1757
12 1119 1757
12 1119 1758
12 1119 1758
12 1119 1759
12 1119 1759
12 1119 1760
12 1119 1760
12 1119 1761
12 1119 1761
12 1119 1762
12 1119 1762
12 1119 1763
12 1119 1763
12 1120 1745
12 1120 1745
12 1120 1763
12 1120 1763
12 1121 1745
12 1121 1745
12 1121 1763
12 1121 1763
12 1122 1745
12 1122 1745
12 1122 1763
12 1122 1763
12 1123 1745
12 1123 1745
12 1123 1763
12 1123 1763
12 1124 1745
12 1124 1745
12 1124 1763
12 1124 1763
12 1125 1745
12 1125 1745
12 1125 1763
12 1125 1763
12 1126 1745
12 1126 1745
12 1126 1763
12 1126 1763
12 1127 1745
12 1127 1745
12 1127 1763
12 1127 1763
12 1128 1745
12 1128 1745
12 1128 1763
12 1128 1763
12 1129 1745
12 1129 1745
12 1129 1763
12 1129 1763
12 1130 1745
12 1130 1745
12 1130 1763
12 1130 1763
12 1131 1745
12 1131 1745
12 1131 1763
12 1131 1763
12 1132 1745
12 1132 1745
12 1132 1763
12 1132 1763
12 1133 1745
12 1133 1745
12 1133 1763
12 1133 1763
12 1134 1745
12 1134 1745
12 1134 1763
12 1134 1763
12 1135 1745
12 1135 1745
12 1135 1763
12 1135 1763
12 1136 1745
12 1136 1745
12 1136 1763
12 1136 1763
12 1137 1745
12 1137 1745
12 1137 1763
12 1137 1763
12 1138 1745
12 1138 1745
12 1138 1763
12 1138 1763
12 1139 1745
12 1139 1745
12 1139 1746
12 1139 1746
12 1139 1747
12 1139 1747
12 1139 1748
12 1139 1748
12 1139 1749
12 1139 1749
12 1139 1750
12 1139 1750
12 1139 1751
12 1139 1751
12 1139 1752
12 1139 1752
12 1139 1753
12 1139 1753
12 1139 1754
12 1139 1754
12 1139 1755
12 1139 1755
12 1139 1756
12 1139 1756
12 1139 1757
12 1139 1757
12 1139 1758
12 1139 1758
12 1139 1759
12 1139 1759
12 1139 1760
12 1139 1760
12 1139 1761
12 1139 1761
12 1139 1762
12 1139 1762
12 1139 1763
12 1139 1763
13 2239 3490
13 2239 3490
13 2239 3491
13 2239 3491
13 2239 3492
13 2239 3492
13 2239 3493
13 2239 3493
13 2239 3494
13 2239 3494
13 2239 3495
13 2239 3495
13 2239 3496
13 2239 3496
13 2239 3497
13 2239 3497
13 2239 3498
13 2239 3498
13 2239 3499
13 2239 3499
13 2239 3500
13 2239 3500
13 2239 3501
13 2239 3501
13 2239 3502
13 2239 3502
13 2239 3503
13 2239 3503
13 2239 3504
13 2239 3504
13 2239 3505
13 2239 3505
13 2239 3506
13 2239 3506
13 2239 3507
13 2239 3507
13 2239 3508
13 2239 3508
13 2239 3509
13 2239 3509
13 2239 3510
13 2239 3510
13 2239 3511
13 2239 3511
13 2239 3512
13 2239 3512
13 2239 3513
13 2239 3513
13 2239 3514
13 2239 3514
13 2239 3515
13 2239 3515
13 2239 3516
13 2239 3516
13 2239 3517
13 2239 3517
13 2239 3518
13 2239 3518
13 2239 3519
13 2239 3519
13 2239 3520
13 2239 3520
13 2239 3521
13 2239 3521
13 2239 3522
13 2239 3522
13 2239 3523
13 2239 3523
13 2239 3524
13 2239 3524
13 2239 3525
13 2239 3525
13 2239 3526
13 2239 3526
13 2240 3490
13 2240 3490
13 2240 3491
13 2240 3491
13 2240 3525
13 2240 3525
13 2240 3526
13 2240 3526
13 2241 3490
13 2241 3490
13 2241 3491
13 2241 3491
13 2241 3525
13 2241 3525
13 2241 3526
13 2241 3526
13 2242 3490
13 2242 3490
13 2242 3491
13 2242 3491
13 2242 3525
13 2242 3525
13 2242 3526
13 2242 3526
13 2243 3490
13 2243 3490
13 2243 3491
13 2243 3491
13 2243 3525
13 2243 3525
13 2243 3526
13 2243 3526
13 2244 3490
13 2244 3490
13 2244 3491
13 2244 3491
13 2244 3525
13 2244 3525
13 2244 3526
13 2244 3526
13 2245 3490
13 2245 3490
13 2245 3491
13 2245 3491
13 2245 3525
13 2245 3525
13 2245 3526
13 2245 3526
13 2246 3490
13 2246 3490
13 2246 3491
13 2246 3491
13 2246 3525
13 2246 3525
13 2246 3526
13 2246 3526
13 2247 3490
13 2247 3490
13 2247 3491
13 2247 3491
13 2247 3525
13 2247 3525
13 2247 3526
13 2247 3526
13 2248 3490
13 2248 3490
13 2248 3491
13 2248 3491
13 2248 3525
13 2248 3525
13 2248 3526
13 2248 3526
13 2249 3490
13 2249 3490
13 2249 3491
13 2249 3491
13 2249 3525
13 2249 3525
13 2249 3526
13 2249 3526
13 2250 3490
13 2250 3490
13 2250 3491
13 2250 3491
13 2250 3525
13 2250 3525
13 2250 3526
13 2250 3526
13 2251 3490
13 2251 3490
13 2251 3491
13 2251 3491
13 2251 3525
13 2251 3525
13 2251 3526
13 2251 3526
13 2252 3490
13 2252 3490
13 2252 3491
13 2252 3491
13 2252 3525
13 2252 3525
13 2252 3526
13 2252 3526
13 2253 3490
13 2253 3490
13 2253 3491
13 2253 3491
13 2253 3525
13 2253 3525
13 2253 3526
13 2253 3526
13 2254 3490
13 2254 3490
13 2254 3491
13 2254 3491
13 2254 3525
13 2254 3525
13 2254 3526
13 2254 3526
13 2255 3490
13 2255 3490
13 2255 3491
13 2255 3491
13 2255 3525
13 2255 3525
13 2255 3526
13 2255 3526
13 2256 3490
13 2256 3490
13 2256 3491
13 2256 3491
13 2256 3525
13 2256 3525
13 2256 3526
13 2256 3526
13 2257 3490
13 2257 3490
13 2257 3491
13 2257 3491
13 2257 3525
13 2257 3525
13 2257 3526
13 2257 3526
13 2258 3490
13 2258 3490
13 2258 3491
13 2258 3491
13 2258 3525
13 2258 3525
13 2258 3526
13 2258 3526
13 2259 3490
13 2259 3490
13 2259 3491
13 2259 3491
13 2259 3525
13 2259 3525
13 2259 3526
13 2259 3526
13 2260 3490
13 2260 3490
13 2260 3491
13 2260 3491
13 2260 3525
13 2260 3525
13 2260 3526
13 2260 3526
13 2261 3490
13 2261 3490
13 2261 3491
13 2261 3491
13 2261 3525
13 2261 3525
13 2261 3526
13 2261 3526
13 2262 3490
13 2262 3490
13 2262 3491
13 2262 3491
13 2262 3525
13 2262 3525
13 2262 3526
13 2262 3526
13 2263 3490
13 2263 3490
13 2263 3491
13 2263 3491
13 2263 3525
13 2263 3525
13 2263 3526
13 2263 3526
13 2264 3490
13 2264 3490
13 2264 3491
13 2264 3491
13 2264 3525
13 2264 3525
13 2264 3526
13 2264 3526
13 2265 3490
13 2265 3490
13 2265 3491
13 2265 3491
13 2265 3525
13 2265 3525
13 2265 3526
13 2265 3526
13 2266 3490
13 2266 3490
13 2266 3491
13 2266 3491
13 2266 3525
13 2266 3525
13 2266 3526
13 2266 3526
13 2267 3490
13 2267 3490
13 2267 3491
13 2267 3491
13 2267 3525
13 2267 3525
13 2267 3526
13 2267 3526
13 2268 3490
13 2268 3490
13 2268 3491
13 2268 3491
13 2268 3525
13 2268 3525
13 2268 3526
13 2268 3526
13 2269 3490
13 2269 3490
13 2269 3491
13 2269 3491
13 2269 3525
13 2269 3525
13 2269 3526
13 2269 3526
13 2270 3490
13 2270 3490
13 2270 3491
13 2270 3491
13 2270 3525
13 2270 3525
13 2270 3526
13 2270 3526
13 2271 3490
13 2271 3490
13 2271 3491
13 2271 3491
13 2271 3525
13 2271 3525
13 2271 3526
13 2271 3526
13 2272 3490
13 2272 3490
13 2272 3491
13 2272 3491
13 2272 3525
13 2272 3525
13 2272 3526
13 2272 3526
13 2273 3490
13 2273 3490
13 2273 3491
13 2273 3491
13 2273 3525
13 2273 3525
13 2273 3526
13 2273 3526
13 2274 3490
13 2274 3490
13 2274 3491
13 2274 3491
13 2274 3525
13 2274 3525
13 2274 3526
13 2274 3526
13 2275 3490
13 2275 3490
13 2275 3491
13 2275 3491
13 2275 3525
13 2275 3525
13 2275 3526
13 2275 3526
13 2276 3490
13 2276 3490
13 2276 3491
13 2276 3491
13 2276 3525
13 2276 3525
13 2276 3526
13 2276 3526
13 2277 3490
13 2277 3490
13 2277 3491
13 2277 3491
13 2277 3525
13 2277 3525
13 2277 3526
13 2277 3526
13 2278 3490
13 2278 3490
13 2278 3491
13 2278 3491
13 2278 3492
13 2278 3492
13 2278 3493
13 2278 3493
13 2278 3494
13 2278 3494
13 2278 3495
13 2278 3495
13 2278 3496
13 2278 3496
13 2278 3497
13 2278 3497
13 2278 3498
13 2278 3498
13 2278 3499
13 2278 3499
13 2278 3500
13 2278 3500
13 2278 3501
13 2278 3501
13 2278 3502
13 2278 3502
13 2278 3503
13 2278 3503
13 2278 3504
13 2278 3504
13 2278 3505
13 2278 3505
13 2278 3506
13 2278 3506
13 2278 3507
13 2278 3507
13 2278 3508
13 2278 3508
13 2278 3509
13 2278 3509
13 2278 3510
13 2278 3510
13 2278 3511
13 2278 3511
13 2278 3512
13 2278 3512
13 2278 3513
13 2278 3513
13 2278 3514
13 2278 3514
13 2278 3515
13 2278 3515
13 2278 3516
13 2278 3516
13 2278 3517
13 2278 3517
13 2278 3518
13 2278 3518
13 2278 3519
13 2278 3519
13 2278 3520
13 2278 3520
13 2278 3521
13 2278 3521
13 2278 3522
13 2278 3522
13 2278 3523
13 2278 3523
13 2278 3524
13 2278 3524
13 2278 3525
13 2278 3525
13 2278 3526
13 2278 3526
14 4479 6981
14 4479 6982
14 4479 6983
14 4479 6984
14 4479 6985
14 4479 6986
14 4479 6987
14 4479 6988
14 4479 6989
14 4479 6990
14 4479 6991
14 4479 6992
14 4479 6993
14 4479 6994
14 4479 6995
14 4479 6996
14 4479 6997
14 4479 6998
14 4479 6999
14 4479 7000
14 4479 7001
14 4479 7002
14 4479 7003
14 4479 7004
14 4479 7005
14 4479 7006
14 4479 7007
14 4479 7008
14 4479 7009
14 4479 7010
14 4479 7011
14 4479 7012
14 4479 7013
14 4479 7014
14 4479 7015
14 4479 7016
14 4479 7017
14 4479 7018
14 4479 7019
14 4479 7020
14 4479 7021
14 4479 7022
14 4479 7023
14 4479 7024
14 4479 7025
14 4479 7026
14 4479 7027
14 4479 7028
14 4479 7029
14 4479 7030
14 4479 7031
14 4479 7032
14 4479 7033
14 4479 7034
14 4479 7035
14 4479 7036
14 4479 7037
14 4479 7038
14 4479 7039
14 4479 7040
14 4479 7041
14 4479 7042
14 4479 7043
14 4479 7044
14 4479 7045
14 4479 7046
14 4479 7047
14 4479 7048
14 4479 7049
14 4479 7050
14 4479 7051
14 4479 7052
14 4480 7029
14 4480 7033
14 4481 7040
14 4482 7028
14 4482 7030
14 4482 7032
14 4483 7026
14 4483 7033
14 4483 7034
14 4485 7034
14 4486 7023
14 4486 7026
14 4486 7027
14 4487 7035
14 4488 7029
14 4488 7034
14 4489 7028
14 4489 7030
14 4489 7031
14 4489 7032
14 4489 7033
14 4490 7024
14 4492 6981
14 4492 6983
14 4492 7030
14 4493 6984
14 4493 7033
14 4494 6984
14 4494 6985
14 4494 6986
14 4494 7028
14 4494 7029
14 4495 6982
14 4495 6986
14 4495 6987
14 4495 7028
14 4496 6981
14 4496 6988
14 4496 6991
14 4496 6994
14 4497 6982
14 4497 6992
14 4498 6981
14 4498 6983
14 4498 6994
14 4498 6995
14 4498 7002
14 4498 7025
14 4499 6982
14 4499 6997
14 4499 7029
14 4500 6982
14 4500 7030
14 4501 6985
14 4501 6987
14 4501 7010
14 4501 7012
14 4501 7030
14 4501 7031
14 4501 7034
14 4502 6983
14 4502 7006
14 4502 7009
14 4502 7031
14 4502 7033
14 4503 6989
14 4503 6991
14 4503 7012
14 4504 6985
14 4504 6997
14 4504 7007
14 4504 7029
14 4505 6984
14 4505 7006
14 4505 7007
14 4505 7023
14 4505 7028
14 4505 7029
14 4506 7028
14 4506 7029
14 4507 6995
14 4507 7007
14 4507 7009
14 4507 7016
14 4507 7024
14 4507 7027
14 4507 7028
14 4507 7031
14 4507 7032
14 4508 6982
14 4508 6995
14 4508 7000
14 4508 7007
14 4508 7009
14 4508 7012
14 4508 7030
14 4509 6983
14 4509 7006
14 4509 7008
14 4509 7010
14 4509 7011
14 4509 7024
14 4509 7026
14 4509 7027
14 4510 6997
14 4510 7003
14 4510 7007
14 4510 7009
14 4510 7011
14 4510 7013
14 4510 7026
14 4511 7014
14 4511 7021
14 4512 6982
14 4512 7010
14 4513 7011
14 4514 7006
14 4514 7007
14 4514 7010
14 4514 7024
14 4515 6987
14 4515 7005
14 4515 7007
14 4515 7010
14 4515 7019
14 4515 7020
14 4515 7024
14 4516 6982
14 4516 7009
14 4516 7014
14 4516 7016
14 4516 7020
14 4516 7024
14 4517 7013
14 4517 7017
14 4518 7008
14 4518 7009
14 4518 7011
14 4518 7012
14 4519 6985
14 4519 7009
14 4519 7011
14 4519 7013
14 4520 7011
14 4520 7016
14 4521 6996
14 4522 6984
14 4522 7006
14 4522 7014
14 4522 7016
14 4522 7018
14 4522 7019
14 4523 7016
14 4523 7019
14 4523 7023
14 4524 6985
14 4524 7007
14 4524 7011
14 4524 7015
14 4524 7017
14 4525 6997
14 4525 7005
14 4525 7012
14 4525 7017
14 4526 7006
14 4526 7016
14 4527 6996
14 4527 7012
14 4527 7014
14 4527 7020
14 4528 6986
14 4528 6992
14 4528 6994
14 4528 7007
14 4528 7014
14 4528 7019
14 4528 7020
14 4529 6982
14 4529 6988
14 4529 6989
14 4529 6992
14 4529 6993
14 4529 7013
14 4530 6982
14 4530 6987
14 4530 6988
14 4530 6990
14 4530 6992
14 4530 6993
14 4530 6996
14 4530 7004
14 4530 7008
14 4530 7010
14 4530 7012
14 4530 7018
14 4531 6982
14 4531 6984
14 4531 7003
14 4531 7004
14 4531 7007
14 4531 7008
14 4531 7009
14 4532 6982
14 4532 6985
14 4532 6986
14 4532 6987
14 4532 6993
14 4532 7004
14 4532 7005
14 4532 7006
14 4532 7016
14 4533 6982
14 4533 6984
14 4533 6986
14 4533 6987
14 4533 6988
14 4533 7002
14 4533 7004
14 4533 7009
14 4534 6983
14 4534 6984
14 4534 6985
14 4534 6987
14 4534 7002
14 4534 7007
14 4535 6982
14 4535 6983
14 4535 6984
14 4535 6985
14 4535 6986
14 4535 6987
14 4535 6988
14 4535 6990
14 4535 6992
14 4535 6994
14 4535 6998
14 4535 7000
14 4535 7001
14 4535 7005
14 4535 7010
14 4535 7014
14 4536 6981
14 4536 6982
14 4536 6984
14 4536 6985
14 4536 6989
14 4536 6999
14 4536 7003
14 4536 7004
14 4537 6982
14 4537 6984
14 4537 7002
14 4537 7005
14 4537 7009
14 4538 6983
14 4538 6984
14 4538 6985
14 4538 6994
14 4538 6996
14 4538 7000
14 4539 6986
14 4539 6997
14 4539 6998
14 4539 6999
14 4539 7008
14 4539 7009
14 4540 6987
14 4540 6989
14 4540 6996
14 4541 6991
14 4541 6994
14 4541 6997
14 4541 7005
14 4542 6992
14 4542 6993
14 4542 6994
14 4543 6982
14 4543 6984
14 4543 6990
14 4544 6982
14 4544 6992
14 4544 6996
15 8958 13963
15 8958 13964
15 8958 13965
15 8958 13966
15 8958 13967
15 8958 13968
15 8958 13969
15 8958 13970
15 8958 13971
15 8958 13972
15 8958 13973
15 8958 13974
15 8958 13975
15 8958 13976
15 8958 13977
15 8958 13978
15 8958 13979
15 8958 13980
15 8958 13981
15 8958 13982
15 8958 13983
15 8958 13984
15 8958 13985
15 8958 13986
15 8958 13987
15 8958 13988
15 8958 13989
15 8958 13990
15 8958 13991
15 8958 13992
15 8958 13993
15 8958 13994
15 8958 13995
15 8958 13996
15 8958 13997
15 8958 13998
15 8958 13999
15 8958 14000
15 8958 14001
15 8958 14002
15 8958 14003
15 8958 14004
15 8958 14005
15 8958 14006
15 8958 14007
15 8958 14008
15 8958 14009
15 8958 14010
15 8958 14011
15 8958 14012
15 8958 14013
15 8958 14014
15 8958 14015
15 8958 14016
15 8958 14017
15 8958 14018
15 8958 14019
15 8958 14020
15 8958 14021
15 8958 14022
15 8958 14023
15 8958 14024
15 8958 14025
15 8958 14026
15 8958 14027
15 8958 14028
15 8958 14029
15 8958 14030
15 8958 14031
15 8958 14032
15 8958 14033
15 8958 14034
15 8958 14035
15 8958 14036
15 8958 14037
15 8958 14038
15 8958 14039
15 8958 14040
15 8958 14041
15 8958 14042
15 8958 14043
15 8958 14044
15 8958 14045
15 8958 14046
15 8958 14047
15 8958 14048
15 8958 14049
15 8958 14050
15 8958 14051
15 8958 14052
15 8958 14053
15 8958 14054
15 8958 14055
15 8958 14056
15 8958 14057
15 8958 14058
15 8958 14059
15 8958 14060
15 8958 14061
15 8958 14062
15 8958 14063
15 8958 14064
15 8958 14065
15 8958 14066
15 8958 14067
15 8958 14068
15 8958 14069
15 8958 14070
15 8958 14071
15 8958 14072
15 8958 14073
15 8958 14074
15 8958 14075
15 8958 14076
15 8958 14077
15 8958 14078
15 8958 14079
15 8958 14080
15 8958 14081
15 8958 14082
15 8958 14083
15 8958 14084
15 8958 14085
15 8958 14086
15 8958 14087
15 8958 14088
15 8958 14089
15 8958 14090
15 8958 14091
15 8958 14092
15 8958 14093
15 8958 14094
15 8958 14095
15 8958 14096
15 8958 14097
15 8958 14098
15 8958 14099
15 8958 14100
15 8958 14101
15 8958 14102
15 8958 14103
15 8958 14104
15 8959 14065
15 8960 14058
15 8960 14067
15 8963 14080
15 8964 14057
15 8965 14061
15 8965 14064
15 8965 14065
15 8966 14067
15 8966 14068
15 8967 14053
15 8970 14068
15 8972 14047
15 8972 14052
15 8973 14055
15 8975 14070
15 8976 14058
15 8977 14069
15 8978 14057
15 8978 14061
15 8978 14067
15 8979 14063
15 8979 14065
15 8980 14048
15 8984 13963
15 8984 13966
15 8984 14060
15 8985 13963
15 8985 14061
15 8986 13969
15 8987 14066
15 8988 13968
15 8988 13971
15 8988 14056
15 8989 13971
15 8989 13972
15 8989 13973
15 8989 14058
15 8990 13965
15 8991 13965
15 8991 13973
15 8991 13974
15 8991 14056
15 8992 13963
15 8992 13982
15 8993 13977
15 8993 13988
15 8994 13964
15 8995 13965
15 8995 13984
15 8996 13963
15 8996 13966
15 8996 13988
15 8996 14004
15 8997 13991
15 8997 14051
15 8998 13965
15 8998 13994
15 8999 14059
15 9000 13965
15 9000 14061
15 9002 14061
15 9002 14062
15 9002 14069
15 9003 13971
15 9003 13975
15 9003 14020
15 9003 14024
15 9003 14061
15 9004 13966
15 9004 14013
15 9004 14063
15 9004 14066
15 9005 14018
15 9006 13979
15 9006 13982
15 9007 14024
15 9008 13994
15 9009 13970
15 9009 14015
15 9009 14059
15 9010 13969
15 9010 14013
15 9010 14014
15 9010 14057
15 9010 14059
15 9011 14047
15 9012 14056
15 9012 14058
15 9012 14059
15 9013 14057
15 9014 13991
15 9014 14015
15 9014 14019
15 9014 14048
15 9014 14054
15 9015 14033
15 9015 14056
15 9015 14063
15 9015 14065
15 9016 13965
15 9016 13990
15 9016 14001
15 9016 14015
15 9016 14018
15 9016 14019
15 9017 14015
15 9017 14018
15 9017 14024
15 9017 14060
15 9018 14013
15 9018 14016
15 9018 14022
15 9018 14053
15 9019 13967
15 9019 14017
15 9019 14021
15 9019 14048
15 9019 14055
15 9020 14007
15 9020 14014
15 9020 14018
15 9021 13995
15 9021 14015
15 9021 14022
15 9021 14026
15 9021 14053
15 9022 14028
15 9023 14029
15 9023 14043
15 9024 13965
15 9024 14021
15 9026 14022
15 9028 14013
15 9028 14014
15 9028 14021
15 9029 14048
15 9030 13974
15 9030 14015
15 9030 14038
15 9030 14048
15 9031 14011
15 9031 14021
15 9031 14040
15 9032 14018
15 9032 14040
15 9033 13964
15 9033 14029
15 9033 14032
15 9033 14048
15 9035 14026
15 9035 14034
15 9036 14017
15 9036 14022
15 9036 14024
15 9037 14019
15 9038 14027
15 9039 13971
15 9039 14019
15 9039 14022
15 9040 14022
15 9041 14033
15 9042 13993
15 9044 14029
15 9044 14038
15 9045 13969
15 9045 14012
15 9045 14032
15 9045 14036
15 9046 14032
15 9046 14039
15 9046 14047
15 9048 14015
15 9048 14022
15 9049 13970
15 9049 14031
15 9049 14034
15 9050 14011
15 9050 14035
15 9051 13994
15 9051 14011
15 9051 14025
15 9053 14013
15 9053 14033
15 9054 13993
15 9054 14041
15 9055 14024
15 9055 14029
15 9056 13973
15 9056 14029
15 9056 14039
15 9056 14040
15 9057 13985
15 9057 13988
15 9057 14014
15 9057 14029
15 9058 13985
15 9058 13986
15 9058 13987
15 9058 14027
15 9059 13965
15 9059 13977
15 9059 13979
15 9060 13975
15 9060 13976
15 9060 13984
15 9060 13986
15 9060 13993
15 9060 14020
15 9060 14036
15 9061 13964
15 9061 13980
15 9061 14009
15 9061 14017
15 9061 14020
15 9061 14025
15 9062 13968
15 9062 14006
15 9063 13965
15 9063 14006
15 9063 14008
15 9063 14015
15 9063 14017
15 9063 14018
15 9064 13964
15 9064 13972
15 9064 13987
15 9064 14009
15 9064 14010
15 9064 14033
15 9065 13965
15 9065 13970
15 9065 13975
15 9065 14013
15 9066 13965
15 9066 13968
15 9066 13976
15 9066 14004
15 9066 14018
15 9067 13972
15 9067 13975
15 9067 14008
15 9068 13967
15 9068 13969
15 9068 14004
15 9068 14015
15 9069 13970
15 9069 13971
15 9069 13974
15 9069 14015
15 9070 13966
15 9070 13969
15 9070 13972
15 9070 13974
15 9070 13977
15 9070 14002
15 9070 14011
15 9070 14021
15 9070 14029
15 9071 13964
15 9071 13965
15 9071 13967
15 9071 13971
15 9071 13974
15 9071 13981
15 9071 13985
15 9071 13989
15 9071 13997
15 9071 14000
15 9071 14003
15 9072 13978
15 9072 14008
15 9073 13963
15 9073 13964
15 9073 13969
15 9073 13970
15 9073 13978
15 9073 13999
15 9073 14007
15 9073 14008
15 9074 13964
15 9074 13969
15 9074 14004
15 9074 14010
15 9074 14019
15 9075 13968
15 9075 14004
15 9076 13966
15 9076 13968
15 9076 13970
15 9076 13988
15 9076 13992
15 9076 14000
15 9077 14001
15 9078 13994
15 9078 13996
15 9078 13997
15 9078 13998
15 9078 13999
15 9078 14017
15 9078 14018
15 9079 13973
15 9079 13995
15 9080 13974
15 9081 13979
15 9081 13992
15 9081 13993
15 9082 13989
15 9082 13994
15 9082 14010
15 9083 13983
15 9084 13985
15 9084 13986
15 9084 13987
15 9084 13988
15 9086 13968
15 9087 13964
15 9087 13965
15 9087 13981
15 9088 13965
15 9088 13984
15 9089 13992
16 17917 27926
16 17917 27927
16 17917 27928
16 17917 27929
16 17917 27930
16 17917 27931
16 17917 27932
16 17917 27933
16 17917 27934
16 17917 27935
16 17917 27936
16 17917 27937
16 17917 27938
16 17917 27939
16 17917 27940
16 17917 27941
16 17917 27942
16 17917 27943
16 17917 27944
16 17917 27945
16 17917 27946
16 17917 27947
16 17917 27948
16 17917 27949
16 17917 27950
16 17917 27951
16 17917 27952
16 17917 27953
16 17917 27954
16 17917 27955
16 17917 27956
16 17917 27957
16 17917 27958
16 17917 27959
16 17917 27960
16 17917 27961
16 17917 27962
16 17917 27963
16 17917 27964
16 17917 27965
16 17917 27966
16 17917 27967
16 17917 27968
16 17917 27969
16 17917 27970
16 17917 27971
16 17917 27972
16 17917 27973
16 17917 27974
16 17917 27975
16 17917 27976
16 17917 27977
16 17917 27978
16 17917 27979
16 17917 27980
16 17917 27981
16 17917 27982
16 17917 27983
16 17917 27984
16 17917 27985
16 17917 27986
16 17917 27987
16 17917 27988
16 17917 27989
16 17917 27990
16 17917 27991
16 17917 27992
16 17917 27993
16 17917 27994
16 17917 27995
16 17917 27996
16 17917 27997
16 17917 27998
16 17917 27999
16 17917 28000
16 17917 28001
16 17917 28002
16 17917 28003
16 17917 28004
16 17917 28005
16 17917 28006
16 17917 28007
16 17917 28008
16 17917 28009
16 17917 28010
16 17917 28011
16 17917 28012
16 17917 28013
16 17917 28014
16 17917 28015
16 17917 28016
16 17917 28017
16 17917 28018
16 17917 28019
16 17917 28020
16 17917 28021
16 17917 28022
16 17917 28023
16 17917 28024
16 17917 28025
16 17917 28026
16 17917 28027
16 17917 28028
16 17917 28029
16 17917 28030
16 17917 28031
16 17917 28032
16 17917 28033
16 17917 28034
16 17917 28035
16 17917 28036
16 17917 28037
16 17917 28038
16 17917 28039
16 17917 28040
16 17917 28041
16 17917 28042
16 17917 28043
16 17917 28044
16 17917 28045
16 17917 28046
16 17917 28047
16 17917 28048
16 17917 28049
16 17917 28050
16 17917 28051
16 17917 28052
16 17917 28053
16 17917 28054
16 17917 28055
16 17917 28056
16 17917 28057
16 17917 28058
16 17917 28059
16 17917 28060
16 17917 28061
16 17917 28062
16 17917 28063
16 17917 28064
16 17917 28065
16 17917 28066
16 17917 28067
16 17917 28068
16 17917 28069
16 17917 28070
16 17917 28071
16 17917 28072
16 17917 28073
16 17917 28074
16 17917 28075
16 17917 28076
16 17917 28077
16 17917 28078
16 17917 28079
16 17917 28080
16 17917 28081
16 17917 28082
16 17917 28083
16 17917 28084
16 17917 28085
16 17917 28086
16 17917 28087
16 17917 28088
16 17917 28089
16 17917 28090
16 17917 28091
16 17917 28092
16 17917 28093
16 17917 28094
16 17917 28095
16 17917 28096
16 17917 28097
16 17917 28098
16 17917 28099
16 17917 28100
16 17917 28101
16 17917 28102
16 17917 28103
16 17917 28104
16 17917 28105
16 17917 28106
16 17917 28107
16 17917 28108
16 17917 28109
16 17917 28110
16 17917 28111
16 17917 28112
16 17917 28113
16 17917 28114
16 17917 28115
16 17917 28116
16 17917 28117
16 17917 28118
16 17917 28119
16 17917 28120
16 17917 28121
16 17917 28122
16 17917 28123
16 17917 28124
16 17917 28125
16 17917 28126
16 17917 28127
16 17917 28128
16 17917 28129
16 17917 28130
16 17917 28131
16 17917 28132
16 17917 28133
16 17917 28134
16 17917 28135
16 17917 28136
16 17917 28137
16 17917 28138
16 17917 28139
16 17917 28140
16 17917 28141
16 17917 28142
16 17917 28143
16 17917 28144
16 17917 28145
16 17917 28146
16 17917 28147
16 17917 28148
16 17917 28149
16 17917 28150
16 17917 28151
16 17917 28152
16 17917 28153
16 17917 28154
16 17917 28155
16 17917 28156
16 17917 28157
16 17917 28158
16 17917 28159
16 17917 28160
16 17917 28161
16 17917 28162
16 17917 28163
16 17917 28164
16 17917 28165
16 17917 28166
16 17917 28167
16 17917 28168
16 17917 28169
16 17917 28170
16 17917 28171
16 17917 28172
16 17917 28173
16 17917 28174
16 17917 28175
16 17917 28176
16 17917 28177
16 17917 28178
16 17917 28179
16 17917 28180
16 17917 28181
16 17917 28182
16 17917 28183
16 17917 28184
16 17917 28185
16 17917 28186
16 17917 28187
16 17917 28188
16 17917 28189
16 17917 28190
16 17917 28191
16 17917 28192
16 17917 28193
16 17917 28194
16 17917 28195
16 17917 28196
16 17917 28197
16 17917 28198
16 17917 28199
16 17917 28200
16 17917 28201
16 17917 28202
16 17917 28203
16 17917 28204
16 17917 28205
16 17917 28206
16 17917 28207
16 17917 28208
16 17917 28209
16 17918 28131
16 17920 28134
16 17921 28116
16 17927 28160
16 17928 28114
16 17931 28122
16 17931 28129
16 17931 28131
16 17933 28134
16 17933 28136
16 17934 28107
16 17941 28137
16 17944 28104
16 17945 28095
16 17947 28111
16 17950 28141
16 17953 28116
16 17953 28117
16 17954 28139
16 17957 28114
16 17957 28123
16 17957 28134
16 17958 28126
16 17958 28130
16 17961 28097
16 17968 27927
16 17969 27933
16 17969 28121
16 17970 27927
16 17971 28123
16 17973 27938
16 17974 28132
16 17976 27936
16 17977 27942
16 17977 28113
16 17978 27944
16 17978 27946
16 17979 27943
16 17979 28116
16 17980 27931
16 17982 27947
16 17982 27948
16 17983 27930
16 17983 28113
16 17985 27927
16 17985 27964
16 17986 27954
16 17986 27976
16 17989 27928
16 17990 27931
16 17991 27969
16 17993 27927
16 17993 27933
16 17993 27976
16 17993 28008
16 17994 28102
16 17995 27982
16 17996 27930
16 17996 27988
16 17998 28118
16 18000 27930
16 18001 28122
16 18004 28125
16 18005 28123
16 18005 28138
16 18006 27942
16 18006 28041
16 18006 28123
16 18007 27950
16 18007 28048
16 18008 27932
16 18008 28026
16 18008 28127
16 18009 28132
16 18010 28036
16 18012 27958
16 18013 27964
16 18015 28049
16 18017 27989
16 18018 27940
16 18019 28031
16 18019 28118
16 18020 28026
16 18021 27938
16 18021 28028
16 18021 28114
16 18021 28119
16 18023 28095
16 18024 28113
16 18024 28118
16 18025 28116
16 18026 28115
16 18028 27982
16 18028 28097
16 18029 28031
16 18029 28038
16 18029 28108
16 18030 28112
16 18030 28130
16 18031 28066
16 18031 28126
16 18032 27930
16 18032 27980
16 18032 28038
16 18033 28002
16 18033 28030
16 18033 28037
16 18034 28030
16 18034 28037
16 18035 28036
16 18035 28049
16 18035 28121
16 18036 28033
16 18036 28045
16 18037 28026
16 18037 28106
16 18038 28035
16 18038 28043
16 18038 28111
16 18039 27934
16 18039 28042
16 18039 28097
16 18040 28015
16 18040 28028
16 18040 28036
16 18042 28107
16 18043 27990
16 18043 28031
16 18043 28045
16 18043 28053
16 18045 28057
16 18047 28059
16 18047 28087
16 18049 27930
16 18049 28043
16 18052 28045
16 18057 28027
16 18057 28029
16 18057 28042
16 18059 28096
16 18060 27948
16 18060 28097
16 18061 28030
16 18061 28077
16 18062 28023
16 18063 28042
16 18063 28081
16 18064 28081
16 18065 28036
16 18066 28058
16 18066 28097
16 18067 27929
16 18067 28065
16 18070 28053
16 18070 28068
16 18072 28045
16 18072 28049
16 18073 28035
16 18075 28038
16 18076 28055
16 18078 27942
16 18078 28038
16 18079 28045
16 18081 28044
16 18083 28066
16 18085 27987
16 18088 28077
16 18089 28059
16 18090 27939
16 18090 28073
16 18091 28025
16 18091 28064
16 18092 28079
16 18092 28095
16 18093 28065
16 18096 28031
16 18097 28044
16 18098 27941
16 18098 28063
16 18098 28069
16 18100 28023
16 18101 28022
16 18101 28070
16 18103 27988
16 18103 28023
16 18103 28051
16 18106 28027
16 18106 28066
16 18108 27986
16 18108 28083
16 18110 28048
16 18110 28059
16 18112 28080
16 18113 27947
16 18113 28059
16 18113 28079
16 18114 27971
16 18114 27976
16 18114 28058
16 18115 28029
16 18116 27970
16 18116 27975
16 18117 27973
16 18117 27975
16 18117 28055
16 18118 27931
16 18119 27955
16 18119 27959
16 18120 27969
16 18120 27987
16 18120 28041
16 18120 28073
16 18121 27950
16 18121 27952
16 18121 27973
16 18122 27960
16 18122 28019
16 18122 28050
16 18123 27929
16 18123 28035
16 18123 28040
16 18124 27936
16 18125 27937
16 18125 28012
16 18127 27931
16 18127 28013
16 18127 28017
16 18127 28031
16 18127 28035
16 18127 28037
16 18128 27975
16 18128 28018
16 18128 28021
16 18128 28067
16 18129 27928
16 18129 27945
16 18130 28026
16 18131 27931
16 18131 27940
16 18131 27951
16 18132 28008
16 18132 28037
16 18133 27930
16 18133 27937
16 18133 27953
16 18134 27944
16 18134 27951
16 18135 27951
16 18135 28016
16 18137 27935
16 18137 27939
16 18137 28008
16 18137 28030
16 18138 27941
16 18138 27943
16 18138 28030
16 18139 27948
16 18140 27938
16 18140 27944
16 18140 27954
16 18140 28022
16 18140 28058
16 18141 27932
16 18141 27948
16 18141 28004
16 18141 28022
16 18141 28043
16 18142 27930
16 18142 27934
16 18142 27942
16 18142 27979
16 18142 28000
16 18142 28006
16 18143 27929
16 18143 27948
16 18143 27963
16 18143 27971
16 18143 27995
16 18144 27956
16 18145 27957
16 18145 28017
16 18146 27928
16 18146 27938
16 18146 28017
16 18147 27927
16 18147 27941
16 18147 27957
16 18147 27998
16 18147 28014
16 18148 27929
16 18148 27938
16 18148 28008
16 18148 28039
16 18149 28021
16 18151 27936
16 18151 28009
16 18152 27933
16 18152 27940
16 18152 27977
16 18152 27985
16 18152 28001
16 18153 27936
16 18154 28002
16 18156 27989
16 18156 27992
16 18156 27994
16 18156 27997
16 18156 27999
16 18156 28036
16 18157 28035
16 18157 28036
16 18158 27990
16 18159 27946
16 18161 27948
16 18162 27959
16 18162 27984
16 18162 27985
16 18162 27986
16 18165 27979
16 18165 27989
16 18165 28020
16 18166 27966
16 18168 27974
16 18168 27976
16 18169 27970
16 18169 27973
16 18172 27936
16 18175 27928
16 18175 27931
16 18175 27963
16 18176 27930
16 18176 27969
16 18179 27985
17 35835 55853
17 35835 55854
17 35835 55855
17 35835 55856
17 35835 55857
17 35835 55858
17 35835 55859
17 35835 55860
17 35835 55861
17 35835 55862
17 35835 55863
17 35835 55864
17 35835 55865
17 35835 55866
17 35835 55867
17 35835 55868
17 35835 55869
17 35835 55870
17 35835 55871
17 35835 55872
17 35835 55873
17 35835 55874
17 35835 55875
17 35835 55876
17 35835 55877
17 35835 55878
17 35835 55879
17 35835 55880
17 35835 55881
17 35835 55882
17 35835 55883
17 35835 55884
17 35835 55885
17 35835 55886
17 35835 55887
17 35835 55888
17 35835 55889
17 35835 55890
17 35835 55891
17 35835 55892
17 35835 55893
17 35835 55894
17 35835 55895
17 35835 55896
17 35835 55897
17 35835 55898
17 35835 55899
17 35835 55900
17 35835 55901
17 35835 55902
17 35835 55903
17 35835 55904
17 35835 55905
17 35835 55906
17 35835 55907
17 35835 55908
17 35835 55909
17 35835 55910
17 35835 55911
17 35835 55912
17 35835 55913
17 35835 55914
17 35835 55915
17 35835 55916
17 35835 55917
17 35835 55918
17 35835 55919
17 35835 55920
17 35835 55921
17 35835 55922
17 35835 55923
17 35835 55924
17 35835 55925
17 35835 55926
17 35835 55927
17 35835 55928
17 35835 55929
17 35835 55930
17 35835 55931
17 35835 55932
17 35835 55933
17 35835 55934
17 35835 55935
17 35835 55936
17 35835 55937
17 35835 55938
17 35835 55939
17 35835 55940
17 35835 55941
17 35835 55942
17 35835 55943
17 35835 55944
17 35835 55945
17 35835 55946
17 35835 55947
17 35835 55948
17 35835 55949
17 35835 55950
17 35835 55951
17 35835 55952
17 35835 55953
17 35835 55954
17 35835 55955
17 35835 55956
17 35835 55957
17 35835 55958
17 35835 55959
17 35835 55960
17 35835 55961
17 35835 55962
17 35835 55963
17 35835 55964
17 35835 55965
17 35835 55966
17 35835 55967
17 35835 55968
17 35835 55969
17 35835 55970
17 35835 55971
17 35835 55972
17 35835 55973
17 35835 55974
17 35835 55975
17 35835 55976
17 35835 55977
17 35835 55978
17 35835 55979
17 35835 55980
17 35835 55981
17 35835 55982
17 35835 55983
17 35835 55984
17 35835 55985
17 35835 55986
17 35835 55987
17 35835 55988
17 35835 55989
17 35835 55990
17 35835 55991
17 35835 55992
17 35835 55993
17 35835 55994
17 35835 55995
17 35835 55996
17 35835 55997
17 35835 55998
17 35835 55999
17 35835 56000
17 35835 56001
17 35835 56002
17 35835 56003
17 35835 56004
17 35835 56005
17 35835 56006
17 35835 56007
17 35835 56008
17 35835 56009
17 35835 56010
17 35835 56011
17 35835 56012
17 35835 56013
17 35835 56014
17 35835 56015
17 35835 56016
17 35835 56017
17 35835 56018
17 35835 56019
17 35835 56020
17 35835 56021
17 35835 56022
17 35835 56023
17 35835 56024
17 35835 56025
17 35835 56026
17 35835 56027
17 35835 56028
17 35835 56029
17 35835 56030
17 35835 56031
17 35835 56032
17 35835 56033
17 35835 56034
17 35835 56035
17 35835 56036
17 35835 56037
17 35835 56038
17 35835 56039
17 35835 56040
17 35835 56041
17 35835 56042
17 35835 56043
17 35835 56044
17 35835 56045
17 35835 56046
17 35835 56047
17 35835 56048
17 35835 56049
17 35835 56050
17 35835 56051
17 35835 56052
17 35835 56053
17 35835 56054
17 35835 56055
17 35835 56056
17 35835 56057
17 35835 56058
17 35835 56059
17 35835 56060
17 35835 56061
17 35835 56062
17 35835 56063
17 35835 56064
17 35835 56065
17 35835 56066
17 35835 56067
17 35835 56068
17 35835 56069
17 35835 56070
17 35835 56071
17 35835 56072
17 35835 56073
17 35835 56074
17 35835 56075
17 35835 56076
17 35835 56077
17 35835 56078
17 35835 56079
17 35835 56080
17 35835 56081
17 35835 56082
17 35835 56083
17 35835 56084
17 35835 56085
17 35835 56086
17 35835 56087
17 35835 56088
17 35835 56089
17 35835 56090
17 35835 56091
17 35835 56092
17 35835 56093
17 35835 56094
17 35835 56095
17 35835 56096
17 35835 56097
17 35835 56098
17 35835 56099
17 35835 56100
17 35835 56101
17 35835 56102
17 35835 56103
17 35835 56104
17 35835 56105
17 35835 56106
17 35835 56107
17 35835 56108
17 35835 56109
17 35835 56110
17 35835 56111
17 35835 56112
17 35835 56113
17 35835 56114
17 35835 56115
17 35835 56116
17 35835 56117
17 35835 56118
17 35835 56119
17 35835 56120
17 35835 56121
17 35835 56122
17 35835 56123
17 35835 56124
17 35835 56125
17 35835 56126
17 35835 56127
17 35835 56128
17 35835 56129
17 35835 56130
17 35835 56131
17 35835 56132
17 35835 56133
17 35835 56134
17 35835 56135
17 35835 56136
17 35835 56137
17 35835 56138
17 35835 56139
17 35835 56140
17 35835 56141
17 35835 56142
17 35835 56143
17 35835 56144
17 35835 56145
17 35835 56146
17 35835 56147
17 35835 56148
17 35835 56149
17 35835 56150
17 35835 56151
17 35835 56152
17 35835 56153
17 35835 56154
17 35835 56155
17 35835 56156
17 35835 56157
17 35835 56158
17 35835 56159
17 35835 56160
17 35835 56161
17 35835 56162
17 35835 56163
17 35835 56164
17 35835 56165
17 35835 56166
17 35835 56167
17 35835 56168
17 35835 56169
17 35835 56170
17 35835 56171
17 35835 56172
17 35835 56173
17 35835 56174
17 35835 56175
17 35835 56176
17 35835 56177
17 35835 56178
17 35835 56179
17 35835 56180
17 35835 56181
17 35835 56182
17 35835 56183
17 35835 56184
17 35835 56185
17 35835 56186
17 35835 56187
17 35835 56188
17 35835 56189
17 35835 56190
17 35835 56191
17 35835 56192
17 35835 56193
17 35835 56194
17 35835 56195
17 35835 56196
17 35835 56197
17 35835 56198
17 35835 56199
17 35835 56200
17 35835 56201
17 35835 56202
17 35835 56203
17 35835 56204
17 35835 56205
17 35835 56206
17 35835 56207
17 35835 56208
17 35835 56209
17 35835 56210
17 35835 56211
17 35835 56212
17 35835 56213
17 35835 56214
17 35835 56215
17 35835 56216
17 35835 56217
17 35835 56218
17 35835 56219
17 35835 56220
17 35835 56221
17 35835 56222
17 35835 56223
17 35835 56224
17 35835 56225
17 35835 56226
17 35835 56227
17 35835 56228
17 35835 56229
17 35835 56230
17 35835 56231
17 35835 56232
17 35835 56233
17 35835 56234
17 35835 56235
17 35835 56236
17 35835 56237
17 35835 56238
17 35835 56239
17 35835 56240
17 35835 56241
17 35835 56242
17 35835 56243
17 35835 56244
17 35835 56245
17 35835 56246
17 35835 56247
17 35835 56248
17 35835 56249
17 35835 56250
17 35835 56251
17 35835 56252
17 35835 56253
17 35835 56254
17 35835 56255
17 35835 56256
17 35835 56257
17 35835 56258
17 35835 56259
17 35835 56260
17 35835 56261
17 35835 56262
17 35835 56263
17 35835 56264
17 35835 56265
17 35835 56266
17 35835 56267
17 35835 56268
17 35835 56269
17 35835 56270
17 35835 56271
17 35835 56272
17 35835 56273
17 35835 56274
17 35835 56275
17 35835 56276
17 35835 56277
17 35835 56278
17 35835 56279
17 35835 56280
17 35835 56281
17 35835 56282
17 35835 56283
17 35835 56284
17 35835 56285
17 35835 56286
17 35835 56287
17 35835 56288
17 35835 56289
17 35835 56290
17 35835 56291
17 35835 56292
17 35835 56293
17 35835 56294
17 35835 56295
17 35835 56296
17 35835 56297
17 35835 56298
17 35835 56299
17 35835 56300
17 35835 56301
17 35835 56302
17 35835 56303
17 35835 56304
17 35835 56305
17 35835 56306
17 35835 56307
17 35835 56308
17 35835 56309
17 35835 56310
17 35835 56311
17 35835 56312
17 35835 56313
17 35835 56314
17 35835 56315
17 35835 56316
17 35835 56317
17 35835 56318
17 35835 56319
17 35835 56320
17 35835 56321
17 35835 56322
17 35835 56323
17 35835 56324
17 35835 56325
17 35835 56326
17 35835 56327
17 35835 56328
17 35835 56329
17 35835 56330
17 35835 56331
17 35835 56332
17 35835 56333
17 35835 56334
17 35835 56335
17 35835 56336
17 35835 56337
17 35835 56338
17 35835 56339
17 35835 56340
17 35835 56341
17 35835 56342
17 35835 56343
17 35835 56344
17 35835 56345
17 35835 56346
17 35835 56347
17 35835 56348
17 35835 56349
17 35835 56350
17 35835 56351
17 35835 56352
17 35835 56353
17 35835 56354
17 35835 56355
17 35835 56356
17 35835 56357
17 35835 56358
17 35835 56359
17 35835 56360
17 35835 56361
17 35835 56362
17 35835 56363
17 35835 56364
17 35835 56365
17 35835 56366
17 35835 56367
17 35835 56368
17 35835 56369
17 35835 56370
17 35835 56371
17 35835 56372
17 35835 56373
17 35835 56374
17 35835 56375
17 35835 56376
17 35835 56377
17 35835 56378
17 35835 56379
17 35835 56380
17 35835 56381
17 35835 56382
17 35835 56383
17 35835 56384
17 35835 56385
17 35835 56386
17 35835 56387
17 35835 56388
17 35835 56389
17 35835 56390
17 35835 56391
17 35835 56392
17 35835 56393
17 35835 56394
17 35835 56395
17 35835 56396
17 35835 56397
17 35835 56398
17 35835 56399
17 35835 56400
17 35835 56401
17 35835 56402
17 35835 56403
17 35835 56404
17 35835 56405
17 35835 56406
17 35835 56407
17 35835 56408
17 35835 56409
17 35835 56410
17 35835 56411
17 35835 56412
17 35835 56413
17 35835 56414
17 35835 56415
17 35835 56416
17 35835 56417
17 35835 56418
17 35835 56419
18 71670 111707
3 2 3
4 4 6
4 4 6
5 8 13
5 8 13
7 34 54
7 34 54
7 34 55
7 34 55
8 69 109
8 69 109
8 69 110
8 69 110
9 139 218
9 139 218
9 139 219
9 139 219
9 139 220
9 139 220
