11 578 819
12 1157 1638
12 1157 1638
12 1158 1638
12 1158 1638
12 1159 1636
12 1159 1636
12 1160 1636
12 1160 1636
13 2315 3276
13 2315 3276
13 2315 3277
13 2315 3277
13 2316 3276
13 2316 3276
13 2316 3277
13 2316 3277
13 2317 3273
13 2317 3273
13 2317 3276
13 2317 3276
13 2317 3277
13 2317 3277
13 2318 3273
13 2318 3273
13 2318 3277
13 2318 3277
13 2319 3273
13 2319 3273
13 2319 3277
13 2319 3277
13 2320 3273
13 2320 3273
13 2320 3277
13 2320 3277
13 2321 3273
13 2321 3273
13 2321 3276
13 2321 3276
13 2321 3277
13 2321 3277
14 4630 6547
14 4630 6548
14 4630 6551
14 4630 6552
14 4630 6553
14 4630 6554
15 9261 13095
15 9261 13096
15 9261 13097
15 9261 13098
15 9261 13101
15 9261 13102
15 9261 13103
15 9261 13104
15 9261 13105
15 9261 13106
15 9261 13107
15 9261 13108
16 18522 26190
16 18522 26191
16 18522 26192
16 18522 26193
16 18522 26194
16 18522 26195
16 18522 26196
16 18522 26197
16 18522 26198
16 18522 26199
16 18522 26200
16 18522 26201
16 18522 26202
16 18522 26203
16 18522 26204
16 18522 26205
16 18522 26206
16 18522 26207
16 18522 26208
16 18522 26209
16 18522 26210
16 18522 26211
16 18522 26212
16 18522 26213
16 18522 26214
16 18522 26215
16 18522 26216
16 18522 26217
17 37044 52381
17 37044 52382
17 37044 52383
17 37044 52384
17 37044 52385
17 37044 52386
17 37044 52387
17 37044 52388
17 37044 52389
17 37044 52390
17 37044 52391
17 37044 52392
17 37044 52393
17 37044 52394
17 37044 52395
17 37044 52396
17 37044 52397
17 37044 52398
17 37044 52399
17 37044 52400
17 37044 52401
17 37044 52402
17 37044 52403
17 37044 52404
17 37044 52405
17 37044 52406
17 37044 52407
17 37044 52408
17 37044 52409
17 37044 52410
17 37044 52411
17 37044 52412
17 37044 52413
17 37044 52414
17 37044 52415
17 37044 52416
17 37044 52417
17 37044 52418
17 37044 52419
17 37044 52420
17 37044 52421
17 37044 52422
17 37044 52423
17 37044 52424
17 37044 52425
17 37044 52426
17 37044 52427
17 37044 52428
17 37044 52429
17 37044 52430
17 37044 52431
17 37044 52432
17 37044 52433
17 37044 52434
18 74089 104762
3 2 3
4 4 6
4 4 6
5 9 12
5 9 12
6 18 25
6 18 25
7 36 51
7 36 51
