13 2433 3065
13 2433 3065
13 2433 3066
13 2433 3066
13 2433 3067
13 2433 3067
13 2433 3068
13 2433 3068
13 2433 3069
13 2433 3069
13 2433 3070
13 2433 3070
14 4866 6131
15 9708 12262
16 19417 24524
17 38834 49048
18 77669 98096
3 2 2
4 4 5
4 4 5
5 9 11
5 9 11
6 18 23
6 18 23
6 19 23
6 19 23
7 37 47
7 37 47
7 38 47
7 38 47
8 75 95
8 75 95
8 76 95
8 76 95
14 4866 6132
14 4866 6133
14 4866 6134
14 4866 6135
14 4866 6136
14 4866 6137
14 4866 6138
14 4866 6139
14 4866 6140
15 9708 12263
15 9708 12264
15 9708 12265
15 9708 12266
15 9708 12267
15 9708 12268
15 9708 12269
15 9708 12270
15 9708 12271
15 9708 12272
15 9708 12273
15 9708 12274
15 9708 12275
15 9708 12276
15 9708 12277
15 9708 12278
15 9708 12279
15 9708 12280
15 9708 12281
