11 569 870
12 1134 1740
12 1134 1740
12 1134 1741
12 1134 1741
12 1134 1742
12 1134 1742
12 1134 1743
12 1134 1743
12 1134 1746
12 1134 1746
12 1135 1740
12 1135 1740
12 1136 1740
12 1136 1740
12 1137 1740
12 1137 1740
12 1137 1741
12 1137 1741
12 1137 1744
12 1137 1744
12 1137 1745
12 1137 1745
12 1137 1746
12 1137 1746
12 1138 1740
12 1138 1740
12 1138 1741
12 1138 1741
12 1138 1742
12 1138 1742
12 1138 1743
12 1138 1743
12 1138 1744
12 1138 1744
12 1138 1745
12 1138 1745
12 1138 1746
12 1138 1746
13 2269 3480
13 2269 3480
13 2269 3481
13 2269 3481
13 2269 3482
13 2269 3482
13 2269 3483
13 2269 3483
13 2269 3484
13 2269 3484
13 2269 3485
13 2269 3485
13 2269 3486
13 2269 3486
13 2269 3487
13 2269 3487
13 2269 3488
13 2269 3488
13 2269 3492
13 2269 3492
13 2269 3493
13 2269 3493
13 2270 3480
13 2270 3480
13 2270 3481
13 2270 3481
13 2270 3482
13 2270 3482
13 2270 3483
13 2270 3483
13 2270 3484
13 2270 3484
13 2270 3493
13 2270 3493
13 2271 3480
13 2271 3480
13 2271 3481
13 2271 3481
13 2271 3482
13 2271 3482
13 2271 3493
13 2271 3493
13 2272 3480
13 2272 3480
13 2272 3481
13 2272 3481
13 2272 3482
13 2272 3482
13 2272 3493
13 2272 3493
13 2273 3480
13 2273 3480
13 2273 3481
13 2273 3481
13 2273 3482
13 2273 3482
13 2273 3483
13 2273 3483
13 2273 3491
13 2273 3491
13 2273 3492
13 2273 3492
13 2273 3493
13 2273 3493
13 2274 3480
13 2274 3480
13 2274 3481
13 2274 3481
13 2274 3482
13 2274 3482
13 2274 3483
13 2274 3483
13 2274 3488
13 2274 3488
13 2274 3489
13 2274 3489
13 2274 3490
13 2274 3490
13 2274 3491
13 2274 3491
13 2274 3492
13 2274 3492
13 2274 3493
13 2274 3493
13 2275 3480
13 2275 3480
13 2275 3481
13 2275 3481
13 2275 3482
13 2275 3482
13 2275 3483
13 2275 3483
13 2275 3484
13 2275 3484
13 2275 3485
13 2275 3485
13 2275 3486
13 2275 3486
13 2275 3487
13 2275 3487
13 2275 3488
13 2275 3488
13 2275 3489
13 2275 3489
13 2275 3490
13 2275 3490
13 2275 3491
13 2275 3491
13 2275 3492
13 2275 3492
13 2275 3493
13 2275 3493
13 2276 3480
13 2276 3480
13 2276 3481
13 2276 3481
13 2276 3482
13 2276 3482
13 2276 3483
13 2276 3483
13 2276 3484
13 2276 3484
13 2276 3485
13 2276 3485
13 2276 3486
13 2276 3486
13 2276 3487
13 2276 3487
13 2276 3488
13 2276 3488
13 2276 3489
13 2276 3489
13 2276 3490
13 2276 3490
13 2276 3491
13 2276 3491
13 2276 3492
13 2276 3492
13 2276 3493
13 2276 3493
14 4538 6960
14 4538 6961
14 4538 6962
14 4538 6963
14 4538 6964
14 4538 6965
14 4538 6966
14 4538 6967
14 4538 6968
14 4538 6969
14 4538 6970
14 4538 6971
14 4538 6972
14 4538 6973
14 4538 6974
14 4538 6975
14 4538 6976
14 4538 6977
14 4538 6978
14 4538 6979
14 4538 6980
14 4538 6981
14 4538 6984
14 4538 6985
14 4538 6986
14 4539 6960
14 4539 6964
14 4539 6966
14 4539 6967
14 4539 6968
14 4539 6969
14 4539 6970
14 4539 6971
14 4539 6972
14 4539 6973
14 4539 6974
14 4539 6975
14 4539 6976
14 4540 6960
14 4540 6962
14 4540 6963
14 4540 6964
14 4540 6965
14 4540 6966
14 4540 6967
14 4540 6968
14 4540 6969
14 4540 6970
14 4540 6971
14 4540 6972
14 4540 6973
14 4541 6960
14 4541 6961
14 4541 6962
14 4541 6963
14 4541 6964
14 4541 6965
14 4541 6966
14 4541 6967
14 4541 6968
14 4542 6961
14 4542 6962
14 4542 6963
14 4542 6966
14 4543 6960
14 4543 6961
14 4543 6962
14 4543 6963
14 4543 6964
14 4543 6965
14 4543 6966
14 4544 6960
14 4544 6961
14 4544 6962
14 4544 6963
14 4544 6964
14 4544 6965
14 4544 6966
14 4545 6960
14 4545 6961
14 4545 6962
14 4545 6963
14 4545 6964
14 4545 6965
14 4545 6966
14 4546 6960
14 4546 6961
14 4546 6965
14 4546 6982
14 4546 6983
15 9076 13921
15 9076 13922
15 9076 13923
15 9076 13924
15 9076 13925
15 9076 13926
15 9076 13927
15 9076 13928
15 9076 13929
15 9076 13930
15 9076 13931
15 9076 13932
15 9076 13933
15 9076 13934
15 9076 13935
15 9076 13936
15 9076 13937
15 9076 13938
15 9076 13939
15 9076 13940
15 9076 13941
15 9076 13942
15 9076 13943
15 9076 13944
15 9076 13945
15 9076 13946
15 9076 13947
15 9076 13948
15 9076 13949
15 9076 13950
15 9076 13951
15 9076 13952
15 9076 13953
15 9076 13954
15 9076 13955
15 9076 13956
15 9076 13957
15 9076 13958
15 9076 13959
15 9076 13960
15 9076 13961
15 9076 13962
15 9076 13963
15 9076 13964
15 9076 13965
15 9076 13966
15 9076 13967
15 9076 13968
15 9076 13969
15 9076 13970
15 9076 13971
15 9076 13972
15 9077 13922
15 9077 13923
15 9077 13924
15 9077 13925
15 9077 13935
15 9077 13937
15 9077 13944
15 9077 13946
15 9077 13947
15 9077 13949
15 9077 13950
15 9077 13954
15 9077 13956
15 9077 13957
15 9077 13959
15 9077 13960
15 9077 13963
15 9077 13968
15 9078 13921
15 9078 13932
15 9078 13935
15 9078 13937
15 9078 13939
15 9078 13941
15 9078 13943
15 9078 13948
15 9078 13950
15 9078 13953
15 9078 13956
15 9078 13957
15 9078 13958
15 9078 13959
15 9079 13921
15 9079 13929
15 9079 13933
15 9079 13937
15 9079 13938
15 9079 13941
15 9079 13944
15 9079 13946
15 9079 13948
15 9079 13949
15 9079 13950
15 9079 13951
15 9080 13928
15 9080 13931
15 9080 13932
15 9080 13934
15 9080 13935
15 9080 13939
15 9080 13940
15 9080 13941
15 9080 13942
15 9080 13944
15 9080 13946
15 9080 13948
15 9080 13949
15 9080 13950
15 9080 13951
15 9081 13921
15 9081 13924
15 9081 13925
15 9081 13927
15 9081 13928
15 9081 13931
15 9081 13933
15 9081 13936
15 9081 13937
15 9081 13938
15 9081 13940
15 9081 13941
15 9081 13943
15 9081 13944
15 9081 13947
15 9082 13923
15 9082 13926
15 9082 13927
15 9082 13928
15 9082 13930
15 9082 13933
15 9082 13934
15 9082 13935
15 9082 13936
15 9082 13941
15 9082 13942
15 9082 13943
15 9083 13921
15 9083 13923
15 9083 13925
15 9083 13927
15 9083 13928
15 9083 13930
15 9083 13933
15 9083 13935
15 9083 13937
15 9084 13923
15 9084 13926
15 9084 13932
15 9084 13933
15 9084 13934
15 9084 13936
15 9085 13922
15 9085 13925
15 9085 13927
15 9085 13933
15 9086 13921
15 9086 13922
15 9086 13923
15 9086 13925
15 9086 13929
15 9086 13930
15 9086 13932
15 9086 13933
15 9087 13925
15 9087 13927
15 9087 13932
15 9087 13933
15 9088 13923
15 9088 13928
15 9088 13929
15 9088 13930
15 9088 13931
15 9088 13932
15 9088 13933
15 9089 13921
15 9089 13924
15 9089 13926
15 9089 13931
15 9090 13921
15 9090 13922
15 9090 13925
15 9090 13926
15 9090 13929
15 9090 13930
15 9090 13931
15 9090 13932
15 9090 13933
15 9091 13921
15 9091 13922
15 9091 13923
15 9091 13924
15 9091 13926
15 9091 13928
15 9091 13930
15 9091 13934
15 9092 13921
15 9092 13922
15 9093 13930
16 18153 27842
16 18153 27843
16 18153 27844
16 18153 27845
16 18153 27846
16 18153 27847
16 18153 27848
16 18153 27849
16 18153 27850
16 18153 27851
16 18153 27852
16 18153 27853
16 18153 27854
16 18153 27855
16 18153 27856
16 18153 27857
16 18153 27858
16 18153 27859
16 18153 27860
16 18153 27861
16 18153 27862
16 18153 27863
16 18153 27864
16 18153 27865
16 18153 27866
16 18153 27867
16 18153 27868
16 18153 27869
16 18153 27870
16 18153 27871
16 18153 27872
16 18153 27873
16 18153 27874
16 18153 27875
16 18153 27876
16 18153 27877
16 18153 27878
16 18153 27879
16 18153 27880
16 18153 27881
16 18153 27882
16 18153 27883
16 18153 27884
16 18153 27885
16 18153 27886
16 18153 27887
16 18153 27888
16 18153 27889
16 18153 27890
16 18153 27891
16 18153 27892
16 18153 27893
16 18153 27894
16 18153 27895
16 18153 27896
16 18153 27897
16 18153 27898
16 18153 27899
16 18153 27900
16 18153 27901
16 18153 27902
16 18153 27903
16 18153 27904
16 18153 27905
16 18153 27906
16 18153 27907
16 18153 27908
16 18153 27909
16 18153 27910
16 18153 27911
16 18153 27912
16 18153 27913
16 18153 27914
16 18153 27915
16 18153 27916
16 18153 27917
16 18153 27918
16 18153 27919
16 18153 27920
16 18153 27921
16 18153 27922
16 18153 27923
16 18153 27924
16 18153 27925
16 18153 27926
16 18153 27927
16 18153 27928
16 18153 27929
16 18153 27930
16 18153 27931
16 18153 27932
16 18153 27933
16 18153 27934
16 18153 27935
16 18153 27936
16 18153 27937
16 18153 27938
16 18153 27939
16 18153 27940
16 18153 27941
16 18153 27942
16 18153 27943
16 18153 27944
16 18154 27844
16 18154 27847
16 18154 27849
16 18154 27850
16 18154 27851
16 18154 27894
16 18154 27899
16 18154 27914
16 18154 27921
16 18154 27926
16 18154 27936
16 18155 27870
16 18155 27871
16 18155 27874
16 18155 27889
16 18155 27893
16 18155 27894
16 18155 27898
16 18155 27901
16 18155 27908
16 18155 27909
16 18155 27912
16 18155 27919
16 18156 27842
16 18156 27865
16 18156 27875
16 18156 27896
16 18156 27897
16 18156 27901
16 18156 27914
16 18156 27915
16 18156 27917
16 18156 27919
16 18156 27922
16 18156 27923
16 18157 27870
16 18157 27878
16 18157 27883
16 18157 27886
16 18157 27906
16 18157 27912
16 18157 27919
16 18157 27920
16 18158 27843
16 18158 27882
16 18158 27883
16 18158 27889
16 18158 27893
16 18158 27898
16 18158 27903
16 18158 27916
16 18159 27858
16 18159 27867
16 18159 27874
16 18159 27875
16 18159 27876
16 18159 27893
16 18159 27896
16 18159 27900
16 18159 27901
16 18159 27912
16 18160 27856
16 18160 27864
16 18160 27868
16 18160 27870
16 18160 27884
16 18160 27889
16 18160 27899
16 18160 27905
16 18161 27862
16 18161 27879
16 18161 27880
16 18161 27882
16 18161 27893
16 18161 27896
16 18161 27897
16 18161 27900
16 18161 27901
16 18161 27903
16 18162 27842
16 18162 27850
16 18162 27851
16 18162 27863
16 18162 27866
16 18162 27875
16 18162 27876
16 18162 27882
16 18162 27899
16 18163 27848
16 18163 27854
16 18163 27857
16 18163 27862
16 18163 27873
16 18163 27874
16 18163 27877
16 18163 27881
16 18163 27882
16 18163 27886
16 18163 27889
16 18163 27895
16 18164 27847
16 18164 27853
16 18164 27860
16 18164 27869
16 18164 27873
16 18164 27882
16 18164 27884
16 18164 27885
16 18164 27886
16 18164 27890
16 18164 27891
16 18164 27892
16 18165 27854
16 18165 27857
16 18165 27867
16 18165 27869
16 18165 27870
16 18165 27871
16 18165 27873
16 18165 27887
16 18166 27843
16 18166 27851
16 18166 27870
16 18166 27874
16 18166 27880
16 18166 27881
16 18167 27842
16 18167 27846
16 18167 27851
16 18167 27855
16 18167 27856
16 18167 27860
16 18167 27867
16 18167 27870
16 18167 27871
16 18168 27867
16 18168 27872
16 18169 27846
16 18169 27853
16 18169 27864
16 18169 27865
16 18169 27866
16 18169 27868
16 18170 27844
16 18170 27867
16 18171 27845
16 18171 27851
16 18171 27855
16 18171 27867
16 18172 27850
16 18172 27860
16 18172 27864
16 18172 27865
16 18173 27843
16 18173 27844
16 18173 27847
16 18173 27858
16 18173 27867
16 18174 27851
16 18174 27867
16 18175 27855
16 18175 27864
16 18175 27866
16 18176 27856
16 18176 27860
16 18176 27865
16 18177 27846
16 18177 27859
16 18177 27861
16 18177 27863
16 18177 27867
16 18178 27843
16 18178 27849
16 18178 27852
16 18179 27852
16 18179 27862
16 18180 27842
16 18180 27851
16 18180 27863
16 18180 27864
16 18180 27867
16 18181 27844
16 18181 27852
16 18181 27859
16 18181 27861
16 18181 27864
16 18181 27865
16 18181 27866
16 18181 27867
16 18182 27843
16 18182 27852
16 18182 27860
16 18182 27861
16 18182 27868
16 18182 27869
16 18182 27870
16 18183 27843
16 18183 27844
16 18183 27846
16 18183 27849
16 18183 27852
16 18183 27856
16 18183 27857
16 18184 27842
16 18185 27844
16 18187 27860
17 36307 55684
17 36307 55685
17 36307 55686
17 36307 55687
17 36307 55688
17 36307 55689
17 36307 55690
17 36307 55691
17 36307 55692
17 36307 55693
17 36307 55694
17 36307 55695
17 36307 55696
17 36307 55697
17 36307 55698
17 36307 55699
17 36307 55700
17 36307 55701
17 36307 55702
17 36307 55703
17 36307 55704
17 36307 55705
17 36307 55706
17 36307 55707
17 36307 55708
17 36307 55709
17 36307 55710
17 36307 55711
17 36307 55712
17 36307 55713
17 36307 55714
17 36307 55715
17 36307 55716
17 36307 55717
17 36307 55718
17 36307 55719
17 36307 55720
17 36307 55721
17 36307 55722
17 36307 55723
17 36307 55724
17 36307 55725
17 36307 55726
17 36307 55727
17 36307 55728
17 36307 55729
17 36307 55730
17 36307 55731
17 36307 55732
17 36307 55733
17 36307 55734
17 36307 55735
17 36307 55736
17 36307 55737
17 36307 55738
17 36307 55739
17 36307 55740
17 36307 55741
17 36307 55742
17 36307 55743
17 36307 55744
17 36307 55745
17 36307 55746
17 36307 55747
17 36307 55748
17 36307 55749
17 36307 55750
17 36307 55751
17 36307 55752
17 36307 55753
17 36307 55754
17 36307 55755
17 36307 55756
17 36307 55757
17 36307 55758
17 36307 55759
17 36307 55760
17 36307 55761
17 36307 55762
17 36307 55763
17 36307 55764
17 36307 55765
17 36307 55766
17 36307 55767
17 36307 55768
17 36307 55769
17 36307 55770
17 36307 55771
17 36307 55772
17 36307 55773
17 36307 55774
17 36307 55775
17 36307 55776
17 36307 55777
17 36307 55778
17 36307 55779
17 36307 55780
17 36307 55781
17 36307 55782
17 36307 55783
17 36307 55784
17 36307 55785
17 36307 55786
17 36307 55787
17 36307 55788
17 36307 55789
17 36307 55790
17 36307 55791
17 36307 55792
17 36307 55793
17 36307 55794
17 36307 55795
17 36307 55796
17 36307 55797
17 36307 55798
17 36307 55799
17 36307 55800
17 36307 55801
17 36307 55802
17 36307 55803
17 36307 55804
17 36307 55805
17 36307 55806
17 36307 55807
17 36307 55808
17 36307 55809
17 36307 55810
17 36307 55811
17 36307 55812
17 36307 55813
17 36307 55814
17 36307 55815
17 36307 55816
17 36307 55817
17 36307 55818
17 36307 55819
17 36307 55820
17 36307 55821
17 36307 55822
17 36307 55823
17 36307 55824
17 36307 55825
17 36307 55826
17 36307 55827
17 36307 55828
17 36307 55829
17 36307 55830
17 36307 55831
17 36307 55832
17 36307 55833
17 36307 55834
17 36307 55835
17 36307 55836
17 36307 55837
17 36307 55838
17 36307 55839
17 36307 55840
17 36307 55841
17 36307 55842
17 36307 55843
17 36307 55844
17 36307 55845
17 36307 55846
17 36307 55847
17 36307 55848
17 36307 55849
17 36307 55850
17 36307 55851
17 36307 55852
17 36307 55853
17 36307 55854
17 36307 55855
17 36307 55856
17 36307 55857
17 36307 55858
17 36307 55859
17 36307 55860
17 36307 55861
17 36307 55862
17 36307 55863
17 36307 55864
17 36307 55865
17 36307 55866
17 36307 55867
17 36307 55868
17 36307 55869
17 36307 55870
17 36307 55871
17 36307 55872
17 36307 55873
17 36307 55874
17 36307 55875
17 36307 55876
17 36307 55877
17 36307 55878
17 36307 55879
17 36307 55880
17 36307 55881
17 36307 55882
17 36307 55883
17 36307 55884
17 36307 55885
17 36307 55886
17 36307 55887
17 36307 55888
17 36334 55721
18 72614 111368
18 72614 111369
18 72614 111370
18 72614 111371
18 72614 111372
18 72614 111373
18 72614 111374
18 72614 111375
18 72614 111376
18 72614 111377
18 72614 111378
18 72614 111379
18 72614 111380
18 72614 111381
18 72614 111382
18 72614 111383
18 72614 111384
18 72614 111385
18 72614 111386
18 72614 111387
18 72614 111388
18 72614 111389
18 72614 111390
18 72614 111391
18 72614 111392
18 72614 111393
18 72614 111394
18 72614 111395
18 72614 111396
18 72614 111397
18 72614 111398
18 72614 111399
18 72614 111400
18 72614 111401
18 72614 111402
18 72614 111403
18 72614 111404
18 72614 111405
18 72614 111406
18 72614 111407
18 72614 111408
18 72614 111409
18 72614 111410
18 72614 111411
18 72614 111412
18 72614 111413
18 72614 111414
18 72614 111415
18 72614 111416
18 72614 111417
18 72614 111418
18 72614 111419
18 72614 111420
18 72614 111421
18 72614 111422
18 72614 111423
18 72614 111424
18 72614 111425
18 72614 111426
18 72614 111427
18 72614 111428
18 72614 111429
18 72614 111430
18 72614 111431
18 72614 111432
18 72614 111433
18 72614 111434
18 72614 111435
18 72614 111436
18 72614 111437
18 72614 111438
18 72614 111439
18 72614 111440
18 72614 111441
18 72614 111442
18 72614 111443
18 72614 111444
18 72614 111445
18 72614 111446
18 72614 111447
18 72614 111448
18 72614 111449
18 72614 111450
18 72614 111451
18 72614 111452
18 72614 111453
18 72614 111454
18 72614 111455
18 72614 111456
18 72614 111457
18 72614 111458
18 72614 111459
18 72614 111460
18 72614 111461
18 72614 111462
18 72614 111463
18 72614 111464
18 72614 111465
18 72614 111466
18 72614 111467
18 72614 111468
18 72614 111469
18 72614 111470
18 72614 111471
18 72614 111472
18 72614 111473
18 72614 111474
18 72614 111475
18 72614 111476
18 72614 111477
18 72614 111478
18 72614 111479
18 72614 111480
18 72614 111481
18 72614 111482
18 72614 111483
18 72614 111484
18 72614 111485
18 72614 111486
18 72614 111487
18 72614 111488
18 72614 111489
18 72614 111490
18 72614 111491
18 72614 111492
18 72614 111493
18 72614 111494
18 72614 111495
18 72614 111496
18 72614 111497
18 72614 111498
18 72614 111499
18 72614 111500
18 72614 111501
18 72614 111502
18 72614 111503
18 72614 111504
18 72614 111505
18 72614 111506
18 72614 111507
18 72614 111508
18 72614 111509
18 72614 111510
18 72614 111511
18 72614 111512
18 72614 111513
18 72614 111514
18 72614 111515
18 72614 111516
18 72614 111517
18 72614 111518
18 72614 111519
18 72614 111520
18 72614 111521
18 72614 111522
18 72614 111523
18 72614 111524
18 72614 111525
18 72614 111526
18 72614 111527
18 72614 111528
18 72614 111529
18 72614 111530
18 72614 111531
18 72614 111532
18 72614 111533
18 72614 111534
18 72614 111535
18 72614 111536
18 72614 111537
18 72614 111538
18 72614 111539
18 72614 111540
18 72614 111541
18 72614 111542
18 72614 111543
18 72614 111544
18 72614 111545
18 72614 111546
18 72614 111547
18 72614 111548
18 72614 111549
18 72614 111550
18 72614 111551
18 72614 111552
18 72614 111553
18 72614 111554
18 72614 111555
18 72614 111556
18 72614 111557
18 72614 111558
18 72614 111559
18 72614 111560
18 72614 111561
18 72614 111562
18 72614 111563
18 72614 111564
18 72614 111565
18 72614 111566
18 72614 111567
18 72614 111568
18 72614 111569
18 72614 111570
18 72614 111571
18 72614 111572
18 72614 111573
18 72614 111574
18 72614 111575
18 72614 111576
18 72614 111577
18 72614 111578
18 72614 111579
18 72614 111580
18 72614 111581
18 72614 111582
18 72614 111583
18 72614 111584
18 72614 111585
18 72614 111586
18 72614 111587
18 72614 111588
18 72614 111589
18 72614 111590
18 72614 111591
18 72614 111592
18 72614 111593
18 72614 111594
18 72614 111595
18 72614 111596
18 72614 111597
18 72614 111598
18 72614 111599
18 72614 111600
18 72614 111601
18 72614 111602
18 72614 111603
18 72614 111604
18 72614 111605
18 72614 111606
18 72614 111607
18 72614 111608
18 72614 111609
18 72614 111610
18 72614 111611
18 72614 111612
18 72614 111613
18 72614 111614
18 72614 111615
18 72614 111616
18 72614 111617
18 72614 111618
18 72614 111619
18 72614 111620
18 72614 111621
18 72614 111622
18 72614 111623
18 72614 111624
18 72614 111625
18 72614 111626
18 72614 111627
18 72614 111628
18 72614 111629
18 72614 111630
18 72614 111631
18 72614 111632
18 72614 111633
18 72614 111634
18 72614 111635
18 72614 111636
18 72614 111637
18 72614 111638
18 72614 111639
18 72614 111640
18 72614 111641
18 72614 111642
18 72614 111643
18 72614 111644
18 72614 111645
18 72614 111646
18 72614 111647
18 72614 111648
18 72614 111649
18 72614 111650
18 72614 111651
18 72614 111652
18 72614 111653
18 72614 111654
18 72614 111655
18 72614 111656
18 72614 111657
18 72614 111658
18 72614 111659
18 72614 111660
18 72614 111661
18 72614 111662
18 72614 111663
18 72614 111664
18 72614 111665
18 72614 111666
18 72614 111667
18 72614 111668
18 72614 111669
18 72614 111670
18 72614 111671
18 72614 111672
18 72614 111673
18 72614 111674
18 72614 111675
18 72614 111676
18 72614 111677
18 72614 111678
18 72614 111679
18 72614 111680
18 72614 111681
18 72614 111682
18 72614 111683
18 72614 111684
18 72614 111685
18 72614 111686
18 72614 111687
18 72614 111688
18 72614 111689
18 72614 111690
18 72614 111691
18 72614 111692
18 72614 111693
18 72614 111694
18 72614 111695
18 72614 111696
18 72614 111697
18 72614 111698
18 72614 111699
18 72614 111700
18 72614 111701
18 72614 111702
18 72614 111703
18 72614 111704
18 72614 111705
18 72614 111706
18 72614 111707
18 72614 111708
18 72614 111709
18 72614 111710
18 72614 111711
18 72614 111712
18 72614 111713
18 72614 111714
18 72614 111715
18 72614 111716
18 72614 111717
18 72614 111718
18 72614 111719
18 72614 111720
18 72614 111721
18 72614 111722
18 72614 111723
18 72614 111724
18 72614 111725
18 72614 111726
18 72614 111727
18 72614 111728
18 72614 111729
18 72614 111730
18 72614 111731
18 72614 111732
18 72614 111733
18 72614 111734
18 72614 111735
18 72614 111736
18 72614 111737
18 72614 111738
18 72614 111739
18 72614 111740
18 72614 111741
18 72614 111742
18 72614 111743
18 72614 111744
18 72614 111745
18 72614 111746
18 72614 111747
18 72614 111748
18 72614 111749
18 72614 111750
18 72614 111751
18 72614 111752
18 72614 111753
18 72614 111754
18 72614 111755
18 72614 111756
18 72614 111757
18 72614 111758
18 72614 111759
18 72614 111760
18 72614 111761
18 72614 111762
18 72614 111763
18 72614 111764
18 72614 111765
18 72614 111766
18 72614 111767
18 72614 111768
18 72614 111769
18 72614 111770
18 72614 111771
18 72614 111772
18 72614 111773
18 72614 111774
18 72614 111775
18 72614 111776
18 72669 111442
3 2 3
4 4 6
4 4 6
5 8 13
5 8 13
6 17 27
6 17 27
7 35 54
7 35 54
8 70 108
8 70 108
8 70 109
8 70 109
8 71 108
8 71 108
8 71 109
8 71 109
