11 572 821
12 1145 1643
12 1145 1643
12 1147 1645
12 1147 1645
12 1147 1646
12 1147 1646
13 2290 3286
13 2290 3286
13 2290 3287
13 2290 3287
13 2290 3288
13 2290 3288
13 2290 3289
13 2290 3289
13 2290 3292
13 2290 3292
13 2291 3286
13 2291 3286
13 2291 3287
13 2291 3287
13 2291 3288
13 2291 3288
13 2292 3286
13 2292 3286
13 2293 3290
13 2293 3290
13 2293 3291
13 2293 3291
13 2293 3292
13 2293 3292
13 2294 3286
13 2294 3286
13 2294 3289
13 2294 3289
13 2294 3290
13 2294 3290
13 2294 3291
13 2294 3291
13 2294 3292
13 2294 3292
13 2295 3286
13 2295 3286
13 2295 3288
13 2295 3288
13 2295 3289
13 2295 3289
13 2295 3290
13 2295 3290
13 2295 3291
13 2295 3291
13 2295 3292
13 2295 3292
14 4580 6573
14 4580 6574
14 4580 6575
14 4580 6576
14 4580 6577
14 4580 6578
14 4580 6579
14 4580 6580
14 4580 6581
14 4580 6583
14 4580 6584
14 4586 6582
15 9161 13146
15 9161 13147
15 9161 13148
15 9161 13149
15 9161 13150
15 9161 13151
15 9161 13152
15 9161 13153
15 9161 13154
15 9161 13155
15 9161 13156
15 9161 13157
15 9161 13158
15 9161 13159
15 9161 13160
15 9161 13161
15 9161 13162
15 9161 13163
15 9161 13165
15 9161 13166
15 9161 13167
15 9161 13168
15 9161 13169
15 9172 13164
16 18322 26293
16 18322 26294
16 18322 26295
16 18322 26296
16 18322 26297
16 18322 26298
16 18322 26299
16 18322 26300
16 18322 26301
16 18322 26302
16 18322 26303
16 18322 26304
16 18322 26305
16 18322 26306
16 18322 26307
16 18322 26308
16 18322 26309
16 18322 26310
16 18322 26311
16 18322 26312
16 18322 26313
16 18322 26314
16 18322 26315
16 18322 26316
16 18322 26317
16 18322 26318
16 18322 26319
16 18322 26320
16 18322 26321
16 18322 26322
16 18322 26323
16 18322 26324
16 18322 26325
16 18322 26326
16 18322 26327
16 18322 26328
16 18322 26329
16 18322 26330
16 18322 26331
16 18322 26332
16 18322 26333
16 18322 26334
16 18322 26335
16 18322 26336
16 18322 26337
16 18322 26338
17 36645 52587
18 73291 105174
3 2 3
4 4 6
4 4 6
5 8 12
5 8 12
6 17 25
6 17 25
7 35 51
7 35 51
