13 2335 3247
13 2335 3264
13 2336 3247
13 2336 3264
13 2337 3247
13 2337 3264
13 2338 3247
13 2338 3264
13 2339 3247
13 2339 3264
13 2340 3247
13 2340 3264
13 2341 3247
13 2341 3264
13 2342 3247
13 2342 3264
13 2343 3247
13 2343 3264
13 2344 3247
13 2344 3264
13 2345 3247
13 2345 3264
13 2346 3247
13 2346 3264
13 2347 3247
13 2347 3264
13 2348 3247
13 2348 3264
13 2349 3247
13 2349 3264
13 2350 3247
13 2350 3264
13 2351 3247
13 2351 3264
13 2352 3247
13 2352 3264
13 2353 3247
13 2353 3264
13 2354 3247
13 2354 3264
13 2355 3247
13 2355 3248
13 2355 3249
13 2355 3250
13 2355 3251
13 2355 3252
13 2355 3253
13 2355 3254
13 2355 3255
13 2355 3256
13 2355 3257
13 2355 3258
13 2355 3259
13 2355 3260
13 2355 3261
13 2355 3262
13 2355 3263
13 2355 3264
