12 1093 1719
12 1093 1720
12 1093 1721
12 1093 1722
12 1093 1723
12 1093 1724
12 1093 1725
12 1093 1726
12 1093 1727
12 1093 1728
12 1093 1729
12 1093 1730
12 1093 1731
12 1093 1732
12 1093 1733
12 1093 1734
12 1093 1735
12 1093 1736
12 1093 1737
12 1093 1738
12 1093 1739
12 1093 1740
12 1093 1741
12 1093 1742
12 1093 1743
12 1093 1744
12 1093 1745
12 1093 1746
12 1093 1747
12 1093 1748
12 1093 1749
12 1093 1750
12 1093 1751
12 1093 1752
12 1093 1753
12 1093 1754
12 1093 1755
12 1093 1756
12 1093 1757
12 1093 1758
12 1093 1759
12 1093 1760
12 1093 1761
12 1093 1762
12 1093 1763
12 1093 1764
12 1093 1765
12 1093 1766
12 1093 1767
12 1093 1768
12 1093 1769
12 1093 1770
12 1093 1771
12 1093 1772
12 1093 1773
12 1093 1774
12 1093 1775
12 1093 1776
12 1093 1777
12 1093 1778
12 1093 1779
12 1093 1780
12 1094 1719
12 1094 1720
12 1094 1721
12 1094 1722
12 1094 1723
12 1094 1724
12 1094 1725
12 1094 1726
12 1094 1727
12 1094 1728
12 1094 1729
12 1094 1730
12 1094 1731
12 1094 1732
12 1094 1733
12 1094 1734
12 1094 1735
12 1094 1736
12 1094 1737
12 1094 1738
12 1094 1739
12 1094 1740
12 1094 1741
12 1094 1742
12 1094 1743
12 1094 1744
12 1094 1745
12 1094 1746
12 1094 1747
12 1094 1748
12 1094 1749
12 1094 1750
12 1094 1751
12 1094 1752
12 1094 1753
12 1094 1754
12 1094 1755
12 1094 1756
12 1094 1757
12 1094 1758
12 1094 1759
12 1094 1760
12 1094 1761
12 1094 1762
12 1094 1763
12 1094 1764
12 1094 1765
12 1094 1766
12 1094 1767
12 1094 1768
12 1094 1769
12 1094 1770
12 1094 1771
12 1094 1772
12 1094 1773
12 1094 1774
12 1094 1775
12 1094 1776
12 1094 1777
12 1094 1778
12 1094 1779
12 1094 1780
12 1095 1719
12 1095 1778
12 1095 1779
12 1095 1780
12 1096 1719
12 1096 1778
12 1096 1779
12 1096 1780
12 1097 1719
12 1097 1778
12 1097 1779
12 1097 1780
12 1098 1719
12 1098 1778
12 1098 1779
12 1098 1780
12 1099 1719
12 1099 1778
12 1099 1779
12 1099 1780
12 1100 1719
12 1100 1778
12 1100 1779
12 1100 1780
12 1101 1719
12 1101 1778
12 1101 1779
12 1101 1780
12 1102 1719
12 1102 1778
12 1102 1779
12 1102 1780
12 1103 1719
12 1103 1778
12 1103 1779
12 1103 1780
12 1104 1719
12 1104 1778
12 1104 1779
12 1104 1780
12 1105 1719
12 1105 1778
12 1105 1779
12 1105 1780
12 1106 1719
12 1106 1778
12 1106 1779
12 1106 1780
12 1107 1719
12 1107 1778
12 1107 1779
12 1107 1780
12 1108 1719
12 1108 1778
12 1108 1779
12 1108 1780
12 1109 1719
12 1109 1778
12 1109 1779
12 1109 1780
12 1110 1719
12 1110 1778
12 1110 1779
12 1110 1780
12 1111 1719
12 1111 1778
12 1111 1779
12 1111 1780
12 1112 1719
12 1112 1778
12 1112 1779
12 1112 1780
12 1113 1719
12 1113 1778
12 1113 1779
12 1113 1780
12 1114 1719
12 1114 1778
12 1114 1779
12 1114 1780
12 1115 1719
12 1115 1778
12 1115 1779
12 1115 1780
12 1116 1719
12 1116 1778
12 1116 1779
12 1116 1780
12 1117 1719
12 1117 1778
12 1117 1779
12 1117 1780
12 1118 1719
12 1118 1778
12 1118 1779
12 1118 1780
12 1119 1719
12 1119 1778
12 1119 1779
12 1119 1780
12 1120 1719
12 1120 1778
12 1120 1779
12 1120 1780
12 1121 1719
12 1121 1778
12 1121 1779
12 1121 1780
12 1122 1719
12 1122 1778
12 1122 1779
12 1122 1780
12 1123 1719
12 1123 1778
12 1123 1779
12 1123 1780
12 1124 1719
12 1124 1778
12 1124 1779
12 1124 1780
12 1125 1719
12 1125 1778
12 1125 1779
12 1125 1780
12 1126 1719
12 1126 1778
12 1126 1779
12 1126 1780
12 1127 1719
12 1127 1778
12 1127 1779
12 1127 1780
12 1128 1719
12 1128 1778
12 1128 1779
12 1128 1780
12 1129 1719
12 1129 1778
12 1129 1779
12 1129 1780
12 1130 1719
12 1130 1778
12 1130 1779
12 1130 1780
12 1131 1719
12 1131 1778
12 1131 1779
12 1131 1780
12 1132 1719
12 1132 1778
12 1132 1779
12 1132 1780
12 1133 1719
12 1133 1720
12 1133 1721
12 1133 1722
12 1133 1723
12 1133 1724
12 1133 1725
12 1133 1726
12 1133 1727
12 1133 1728
12 1133 1729
12 1133 1730
12 1133 1731
12 1133 1732
12 1133 1733
12 1133 1734
12 1133 1735
12 1133 1736
12 1133 1737
12 1133 1738
12 1133 1739
12 1133 1740
12 1133 1741
12 1133 1742
12 1133 1743
12 1133 1744
12 1133 1745
12 1133 1746
12 1133 1747
12 1133 1748
12 1133 1749
12 1133 1750
12 1133 1751
12 1133 1752
12 1133 1753
12 1133 1754
12 1133 1755
12 1133 1756
12 1133 1757
12 1133 1758
12 1133 1759
12 1133 1760
12 1133 1761
12 1133 1762
12 1133 1763
12 1133 1764
12 1133 1765
12 1133 1766
12 1133 1767
12 1133 1768
12 1133 1769
12 1133 1770
12 1133 1771
12 1133 1772
12 1133 1773
12 1133 1774
12 1133 1775
12 1133 1776
12 1133 1777
12 1133 1778
12 1133 1779
12 1133 1780
12 1134 1719
12 1134 1720
12 1134 1721
12 1134 1722
12 1134 1723
12 1134 1724
12 1134 1725
12 1134 1726
12 1134 1727
12 1134 1728
12 1134 1729
12 1134 1730
12 1134 1731
12 1134 1732
12 1134 1733
12 1134 1734
12 1134 1735
12 1134 1736
12 1134 1737
12 1134 1738
12 1134 1739
12 1134 1740
12 1134 1741
12 1134 1742
12 1134 1743
12 1134 1744
12 1134 1745
12 1134 1746
12 1134 1747
12 1134 1748
12 1134 1749
12 1134 1750
12 1134 1751
12 1134 1752
12 1134 1753
12 1134 1754
12 1134 1755
12 1134 1756
12 1134 1757
12 1134 1758
12 1134 1759
12 1134 1760
12 1134 1761
12 1134 1762
12 1134 1763
12 1134 1764
12 1134 1765
12 1134 1766
12 1134 1767
12 1134 1768
12 1134 1769
12 1134 1770
12 1134 1771
12 1134 1772
12 1134 1773
12 1134 1774
12 1134 1775
12 1134 1776
12 1134 1777
12 1134 1778
12 1134 1779
12 1134 1780
13 2187 3438
4 4 6
9 136 214
9 137 214
9 138 214
9 139 214
9 140 214
9 141 214
