13 2265 3300
13 2265 3300
13 2265 3317
13 2265 3317
13 2266 3300
13 2266 3300
13 2266 3317
13 2266 3317
13 2267 3300
13 2267 3300
13 2267 3317
13 2267 3317
13 2268 3300
13 2268 3300
13 2268 3317
13 2268 3317
13 2269 3300
13 2269 3300
13 2269 3317
13 2269 3317
13 2270 3300
13 2270 3300
13 2270 3317
13 2270 3317
13 2271 3300
13 2271 3300
13 2271 3317
13 2271 3317
13 2272 3300
13 2272 3300
13 2272 3317
13 2272 3317
13 2273 3300
13 2273 3300
13 2273 3317
13 2273 3317
13 2274 3300
13 2274 3300
13 2274 3317
13 2274 3317
13 2275 3300
13 2275 3300
13 2275 3317
13 2275 3317
13 2276 3300
13 2276 3300
13 2276 3317
13 2276 3317
13 2277 3300
13 2277 3300
13 2277 3317
13 2277 3317
13 2278 3300
13 2278 3300
13 2278 3317
13 2278 3317
13 2279 3300
13 2279 3300
13 2279 3317
13 2279 3317
13 2280 3300
13 2280 3300
13 2280 3317
13 2280 3317
13 2281 3300
13 2281 3300
13 2281 3317
13 2281 3317
13 2282 3300
13 2282 3300
13 2282 3317
13 2282 3317
13 2283 3300
13 2283 3300
13 2283 3317
13 2283 3317
13 2284 3300
13 2284 3300
13 2284 3317
13 2284 3317
13 2285 3300
13 2285 3300
13 2285 3317
13 2285 3317
13 2286 3300
13 2286 3300
13 2286 3317
13 2286 3317
14 4530 6601
14 4530 6602
14 4530 6603
14 4530 6604
14 4530 6605
14 4530 6606
14 4530 6607
14 4530 6608
14 4530 6609
14 4530 6615
14 4530 6616
14 4530 6617
14 4530 6618
14 4530 6619
14 4530 6620
14 4530 6621
14 4530 6622
14 4530 6623
14 4530 6624
14 4530 6625
14 4530 6626
14 4530 6627
14 4530 6628
14 4530 6629
14 4530 6630
14 4530 6631
14 4530 6632
14 4530 6633
14 4530 6634
14 4530 6635
15 9060 13202
15 9060 13203
15 9060 13204
15 9060 13205
15 9060 13206
15 9060 13207
15 9060 13208
15 9060 13209
15 9060 13210
15 9060 13211
15 9060 13212
15 9060 13213
15 9060 13214
15 9060 13215
15 9060 13216
15 9060 13217
15 9060 13218
15 9060 13219
15 9060 13220
15 9060 13221
15 9060 13222
15 9060 13223
15 9060 13224
15 9060 13225
15 9060 13226
15 9060 13227
15 9060 13228
15 9060 13229
15 9060 13230
15 9060 13231
15 9060 13232
15 9060 13233
15 9060 13234
15 9060 13235
15 9060 13236
15 9060 13237
15 9060 13238
15 9060 13239
15 9060 13240
15 9060 13241
15 9060 13242
15 9060 13243
15 9060 13244
15 9060 13245
15 9060 13246
15 9060 13247
15 9060 13248
15 9060 13249
15 9060 13250
15 9060 13251
15 9060 13252
15 9060 13253
15 9060 13254
15 9060 13255
15 9060 13256
15 9060 13257
15 9060 13258
15 9060 13259
15 9060 13260
15 9060 13261
15 9060 13262
15 9060 13263
15 9060 13264
15 9060 13265
15 9060 13266
15 9060 13267
15 9060 13268
15 9060 13269
15 9060 13270
15 9071 13210
15 9100 13221
15 9101 13208
16 18120 26405
16 18120 26406
16 18120 26407
16 18120 26408
16 18120 26409
16 18120 26410
16 18120 26411
16 18120 26412
16 18120 26413
16 18120 26414
16 18120 26415
16 18120 26416
16 18120 26417
16 18120 26418
16 18120 26419
16 18120 26420
16 18120 26421
16 18120 26422
16 18120 26423
16 18120 26424
16 18120 26425
16 18120 26426
16 18120 26427
16 18120 26428
16 18120 26429
16 18120 26430
16 18120 26431
16 18120 26432
16 18120 26433
16 18120 26434
16 18120 26435
16 18120 26436
16 18120 26437
16 18120 26438
16 18120 26439
16 18120 26440
16 18120 26441
16 18120 26442
16 18120 26443
16 18120 26444
16 18120 26445
16 18120 26446
16 18120 26447
16 18120 26448
16 18120 26449
16 18120 26450
16 18120 26451
16 18120 26452
16 18120 26453
16 18120 26454
16 18120 26455
16 18120 26456
16 18120 26457
16 18120 26458
16 18120 26459
16 18120 26460
16 18120 26461
16 18120 26462
16 18120 26463
16 18120 26464
16 18120 26465
16 18120 26466
16 18120 26467
16 18120 26468
16 18120 26469
16 18120 26470
16 18120 26471
16 18120 26472
16 18120 26473
16 18120 26474
16 18120 26475
16 18120 26476
16 18120 26477
16 18120 26478
16 18120 26479
16 18120 26480
16 18120 26481
16 18120 26482
16 18120 26483
16 18120 26484
16 18120 26485
16 18120 26486
16 18120 26487
16 18120 26488
16 18120 26489
16 18120 26490
16 18120 26491
16 18120 26492
16 18120 26493
16 18120 26494
16 18120 26495
16 18120 26496
16 18120 26497
16 18120 26498
16 18120 26499
16 18120 26500
16 18120 26501
16 18120 26502
16 18120 26503
16 18120 26504
16 18120 26505
16 18120 26506
16 18120 26507
16 18120 26508
16 18120 26509
16 18120 26510
16 18120 26511
16 18120 26512
16 18120 26513
16 18120 26514
16 18120 26515
16 18120 26516
16 18120 26517
16 18120 26518
16 18120 26519
16 18120 26520
16 18120 26521
16 18120 26522
16 18120 26523
16 18120 26524
16 18120 26525
16 18120 26526
16 18120 26527
16 18120 26528
16 18120 26529
16 18120 26530
16 18120 26531
16 18120 26532
16 18120 26533
16 18120 26534
16 18120 26535
16 18120 26536
16 18120 26537
16 18120 26538
16 18120 26539
16 18120 26540
16 18143 26421
16 18200 26443
16 18203 26417
17 36240 52810
18 72481 105620
3 2 3
4 4 6
4 4 6
5 8 12
5 8 12
6 17 25
6 17 25
