13 2236 3384
13 2236 3384
13 2236 3385
13 2236 3385
13 2236 3386
13 2236 3386
13 2236 3387
13 2236 3387
13 2236 3388
13 2236 3388
13 2236 3389
13 2236 3389
13 2236 3390
13 2236 3390
13 2236 3391
13 2236 3391
14 4473 6768
14 4473 6769
14 4473 6770
14 4473 6771
14 4473 6772
14 4473 6773
14 4473 6774
14 4473 6775
14 4473 6776
14 4473 6777
14 4473 6778
14 4473 6779
14 4473 6780
14 4473 6781
14 4473 6782
14 4473 6783
15 8947 13537
15 8947 13538
15 8947 13539
15 8947 13540
15 8947 13541
15 8947 13542
15 8947 13543
15 8947 13544
15 8947 13545
15 8947 13546
15 8947 13547
15 8947 13548
15 8947 13549
15 8947 13550
15 8947 13551
15 8947 13552
15 8947 13553
15 8947 13554
15 8947 13555
15 8947 13556
15 8947 13557
15 8947 13558
15 8947 13559
15 8947 13560
15 8947 13561
15 8947 13562
15 8947 13563
15 8947 13564
15 8947 13565
15 8947 13566
15 8947 13567
15 8950 13567
16 17895 27074
16 17895 27075
16 17895 27076
16 17895 27077
16 17895 27078
16 17895 27079
16 17895 27080
16 17895 27081
16 17895 27082
16 17895 27083
16 17895 27084
16 17895 27085
16 17895 27086
16 17895 27087
16 17895 27088
16 17895 27089
16 17895 27090
16 17895 27091
16 17895 27092
16 17895 27093
16 17895 27094
16 17895 27095
16 17895 27096
16 17895 27097
16 17895 27098
16 17895 27099
16 17895 27100
16 17895 27101
16 17895 27102
16 17895 27103
16 17895 27104
16 17895 27105
16 17895 27106
16 17895 27107
16 17895 27108
16 17895 27109
16 17895 27110
16 17895 27111
16 17895 27112
16 17895 27113
16 17895 27114
16 17895 27115
16 17895 27116
16 17895 27117
16 17895 27118
16 17895 27119
16 17895 27120
16 17895 27121
16 17895 27122
16 17895 27123
16 17895 27124
16 17895 27125
16 17895 27126
16 17895 27127
16 17895 27128
16 17895 27129
16 17895 27130
16 17895 27131
16 17895 27132
16 17895 27133
16 17895 27134
16 17895 27135
16 17901 27135
17 35791 54148
17 35791 54149
17 35791 54150
17 35791 54151
17 35791 54152
17 35791 54153
17 35791 54154
17 35791 54155
17 35791 54156
17 35791 54157
17 35791 54158
17 35791 54159
17 35791 54160
17 35791 54161
17 35791 54162
17 35791 54163
17 35791 54164
17 35791 54165
17 35791 54166
17 35791 54167
17 35791 54168
17 35791 54169
17 35791 54170
17 35791 54171
17 35791 54172
17 35791 54173
17 35791 54174
17 35791 54175
17 35791 54176
17 35791 54177
17 35791 54178
17 35791 54179
17 35791 54180
17 35791 54181
17 35791 54182
17 35791 54183
17 35791 54184
17 35791 54185
17 35791 54186
17 35791 54187
17 35791 54188
17 35791 54189
17 35791 54190
17 35791 54191
17 35791 54192
17 35791 54193
17 35791 54194
17 35791 54195
17 35791 54196
17 35791 54197
17 35791 54198
17 35791 54199
17 35791 54200
17 35791 54201
17 35791 54202
17 35791 54203
17 35791 54204
17 35791 54205
17 35791 54206
17 35791 54207
17 35791 54208
17 35791 54209
17 35791 54210
17 35791 54211
17 35791 54212
17 35791 54213
17 35791 54214
17 35791 54215
17 35791 54216
17 35791 54217
17 35791 54218
17 35791 54219
17 35791 54220
17 35791 54221
17 35791 54222
17 35791 54223
17 35791 54224
17 35791 54225
17 35791 54226
17 35791 54227
17 35791 54228
17 35791 54229
17 35791 54230
17 35791 54231
17 35791 54232
17 35791 54233
17 35791 54234
17 35791 54235
17 35791 54236
17 35791 54237
17 35791 54238
17 35791 54239
17 35791 54240
17 35791 54241
17 35791 54242
17 35791 54243
17 35791 54244
17 35791 54245
17 35791 54246
17 35791 54247
17 35791 54248
17 35791 54249
17 35791 54250
17 35791 54251
17 35791 54252
17 35791 54253
17 35791 54254
17 35791 54255
17 35791 54256
17 35791 54257
17 35791 54258
17 35791 54259
17 35791 54260
17 35791 54261
17 35791 54262
17 35791 54263
17 35791 54264
17 35791 54265
17 35791 54266
17 35791 54267
17 35791 54268
17 35791 54269
17 35791 54270
18 71583 108297
3 2 3
4 4 6
4 4 6
5 8 13
5 8 13
6 17 26
6 17 26
7 34 52
7 34 52
7 35 52
7 35 52
8 69 105
8 69 105
8 70 105
8 70 105
