11 589 791
11 589 792
11 590 791
11 590 792
11 591 791
13 2361 3152
13 2361 3152
13 2362 3152
13 2362 3152
13 2363 3152
13 2363 3152
13 2364 3152
13 2364 3152
13 2365 3152
13 2365 3152
13 2366 3152
13 2366 3152
13 2367 3152
13 2367 3152
13 2368 3152
13 2368 3152
13 2369 3152
13 2369 3152
13 2370 3152
13 2370 3152
13 2371 3152
13 2371 3152
13 2372 3152
13 2372 3152
14 4722 6305
14 4729 6305
14 4730 6305
14 4746 6309
14 4746 6310
14 4746 6311
15 9445 12611
16 18891 25223
16 18927 25288
16 18974 25270
17 37783 50446
18 75566 100892
3 2 3
4 4 6
4 4 6
5 9 12
5 9 12
6 18 24
6 18 24
7 36 49
7 36 49
7 37 49
7 37 49
14 4722 6306
14 4722 6307
14 4722 6308
14 4722 6309
14 4722 6310
14 4722 6311
14 4722 6312
14 4722 6313
14 4722 6314
14 4722 6315
14 4722 6316
14 4722 6317
14 4722 6318
14 4722 6319
14 4722 6320
14 4722 6321
14 4722 6322
14 4722 6323
15 9445 12612
15 9445 12613
15 9445 12614
15 9445 12615
15 9445 12616
15 9445 12617
15 9445 12618
15 9445 12619
15 9445 12620
15 9445 12621
15 9445 12622
15 9445 12623
15 9445 12624
15 9445 12625
15 9445 12626
15 9445 12627
15 9445 12628
15 9445 12629
15 9445 12630
15 9445 12631
15 9445 12632
15 9445 12633
15 9445 12634
15 9445 12635
15 9445 12636
15 9445 12637
15 9445 12638
15 9445 12639
15 9445 12640
15 9445 12641
15 9445 12642
15 9445 12643
15 9445 12644
15 9445 12645
15 9445 12646
15 9445 12647
