11 594 804
12 1185 1608
12 1185 1608
12 1185 1611
12 1185 1611
12 1185 1612
12 1185 1612
12 1186 1612
12 1186 1612
12 1187 1608
12 1187 1608
12 1188 1608
12 1188 1608
12 1188 1609
12 1188 1609
12 1189 1608
12 1189 1608
12 1189 1609
12 1189 1609
12 1189 1610
12 1189 1610
12 1189 1612
12 1189 1612
13 2370 3217
13 2370 3217
13 2370 3221
13 2370 3221
13 2370 3222
13 2370 3222
13 2370 3223
13 2370 3223
13 2370 3224
13 2370 3224
13 2370 3225
13 2370 3225
13 2371 3217
13 2371 3217
13 2371 3222
13 2371 3222
13 2371 3223
13 2371 3223
13 2371 3224
13 2371 3224
13 2371 3225
13 2371 3225
13 2372 3223
13 2372 3223
13 2372 3224
13 2372 3224
13 2372 3225
13 2372 3225
13 2373 3224
13 2373 3224
13 2373 3225
13 2373 3225
13 2374 3217
13 2374 3217
13 2374 3225
13 2374 3225
13 2375 3217
13 2375 3217
13 2375 3218
13 2375 3218
13 2376 3217
13 2376 3217
13 2376 3218
13 2376 3218
13 2376 3219
13 2376 3219
13 2377 3217
13 2377 3217
13 2377 3218
13 2377 3218
13 2377 3219
13 2377 3219
13 2377 3220
13 2377 3220
13 2377 3225
13 2377 3225
13 2378 3217
13 2378 3217
13 2378 3218
13 2378 3218
13 2378 3219
13 2378 3219
13 2378 3220
13 2378 3220
13 2378 3221
13 2378 3221
13 2378 3224
13 2378 3224
13 2378 3225
13 2378 3225
14 4740 6434
14 4740 6435
14 4740 6436
14 4740 6437
14 4740 6439
14 4740 6440
14 4740 6441
14 4740 6442
14 4740 6443
14 4740 6444
14 4740 6445
14 4740 6446
14 4740 6447
14 4740 6448
14 4740 6449
14 4740 6450
14 4740 6451
14 4751 6438
15 9481 12868
15 9481 12869
15 9481 12870
15 9481 12871
15 9481 12872
15 9481 12873
15 9481 12874
15 9481 12875
15 9481 12876
15 9481 12878
15 9481 12879
15 9481 12880
15 9481 12881
15 9481 12882
15 9481 12883
15 9481 12884
15 9481 12885
15 9481 12886
15 9481 12887
15 9481 12888
15 9481 12889
15 9481 12890
15 9481 12891
15 9481 12892
15 9481 12893
15 9481 12894
15 9481 12895
15 9481 12896
15 9481 12897
15 9481 12898
15 9481 12899
15 9481 12900
15 9481 12901
15 9481 12902
15 9501 12877
16 18962 25736
16 18962 25737
16 18962 25738
16 18962 25739
16 18962 25740
16 18962 25741
16 18962 25742
16 18962 25743
16 18962 25744
16 18962 25745
16 18962 25746
16 18962 25747
16 18962 25748
16 18962 25749
16 18962 25750
16 18962 25751
16 18962 25752
16 18962 25753
16 18962 25754
16 18962 25755
16 18962 25756
16 18962 25757
16 18962 25758
16 18962 25759
16 18962 25760
16 18962 25761
16 18962 25762
16 18962 25763
16 18962 25764
16 18962 25765
16 18962 25766
16 18962 25767
16 18962 25768
16 18962 25769
16 18962 25770
16 18962 25771
16 18962 25772
16 18962 25773
16 18962 25774
16 18962 25775
16 18962 25776
16 18962 25777
16 18962 25778
16 18962 25779
16 18962 25780
16 18962 25781
16 18962 25782
16 18962 25783
16 18962 25784
16 18962 25785
16 18962 25786
16 18962 25787
16 18962 25788
16 18962 25789
16 18962 25790
16 18962 25791
16 18962 25792
16 18962 25793
16 18962 25794
16 18962 25795
16 18962 25796
16 18962 25797
16 18962 25798
16 18962 25799
16 18962 25800
16 18962 25801
16 18962 25802
16 18962 25803
16 18962 25804
16 18962 25805
16 19000 25776
17 37925 51472
17 37925 51473
17 37925 51474
17 37925 51475
17 37925 51476
17 37925 51477
17 37925 51478
17 37925 51479
17 37925 51480
17 37925 51481
17 37925 51482
17 37925 51483
17 37925 51484
17 37925 51485
17 37925 51486
17 37925 51487
17 37925 51488
17 37925 51489
17 37925 51490
17 37925 51491
17 37925 51492
17 37925 51493
17 37925 51494
17 37925 51495
17 37925 51496
17 37925 51497
17 37925 51498
17 37925 51499
17 37925 51500
17 37925 51501
17 37925 51502
17 37925 51503
17 37925 51504
17 37925 51505
17 37925 51506
17 37925 51507
17 37925 51508
17 37925 51509
17 37925 51510
17 37925 51511
17 37925 51512
17 37925 51513
17 37925 51514
17 37925 51515
17 37925 51516
17 37925 51517
17 37925 51518
17 37925 51519
17 37925 51520
17 37925 51521
17 37925 51522
17 37925 51523
17 37925 51524
17 37925 51525
17 37925 51526
17 37925 51527
17 37925 51528
17 37925 51529
17 37925 51530
17 37925 51531
17 37925 51532
17 37925 51533
17 37925 51534
17 37925 51535
17 37925 51536
17 37925 51537
17 37925 51538
17 37925 51539
17 37925 51540
17 37925 51541
17 37925 51542
17 37925 51543
17 37925 51544
17 37925 51545
17 37925 51546
17 37925 51547
17 37925 51548
17 37925 51549
17 37925 51550
17 37925 51551
17 37925 51552
17 37925 51553
17 37925 51554
17 37925 51555
17 37925 51556
17 37925 51557
17 37925 51558
17 37925 51559
17 37925 51560
17 37925 51561
17 37925 51562
17 37925 51563
17 37925 51564
17 37925 51565
17 37925 51566
17 37925 51567
17 37925 51568
17 37925 51569
17 37925 51570
17 37925 51571
17 37925 51572
17 37925 51573
17 37925 51574
17 37925 51575
17 37925 51576
17 37925 51577
17 37925 51578
17 37925 51579
17 37925 51580
17 37925 51581
17 37925 51582
17 37925 51583
17 37925 51584
17 37925 51585
17 37925 51586
17 37925 51587
17 37925 51588
17 37925 51589
17 37925 51590
17 37925 51591
17 37925 51592
17 37925 51593
17 37925 51594
17 37925 51595
17 37925 51596
17 37925 51597
17 37925 51598
17 37925 51599
17 37925 51600
17 37925 51601
17 37925 51602
17 37925 51603
17 37925 51604
17 37925 51605
17 37925 51606
17 37925 51607
17 37925 51608
17 37925 51609
17 37925 51610
17 38001 51552
18 75850 102944
18 75850 102945
18 75850 102946
18 75850 102947
18 75850 102948
18 75850 102949
18 75850 102950
18 75850 102951
18 75850 102952
18 75850 102953
18 75850 102954
18 75850 102955
18 75850 102956
18 75850 102957
18 75850 102958
18 75850 102959
18 75850 102960
18 75850 102961
18 75850 102962
18 75850 102963
18 75850 102964
18 75850 102965
18 75850 102966
18 75850 102967
18 75850 102968
18 75850 102969
18 75850 102970
18 75850 102971
18 75850 102972
18 75850 102973
18 75850 102974
18 75850 102975
18 75850 102976
18 75850 102977
18 75850 102978
18 75850 102979
18 75850 102980
18 75850 102981
18 75850 102982
18 75850 102983
18 75850 102984
18 75850 102985
18 75850 102986
18 75850 102987
18 75850 102988
18 75850 102989
18 75850 102990
18 75850 102991
18 75850 102992
18 75850 102993
18 75850 102994
18 75850 102995
18 75850 102996
18 75850 102997
18 75850 102998
18 75850 102999
18 75850 103000
18 75850 103001
18 75850 103002
18 75850 103003
18 75850 103004
18 75850 103005
18 75850 103006
18 75850 103007
18 75850 103008
18 75850 103009
18 75850 103010
18 75850 103011
18 75850 103012
18 75850 103013
18 75850 103014
18 75850 103015
18 75850 103016
18 75850 103017
18 75850 103018
18 75850 103019
18 75850 103020
18 75850 103021
18 75850 103022
18 75850 103023
18 75850 103024
18 75850 103025
18 75850 103026
18 75850 103027
18 75850 103028
18 75850 103029
18 75850 103030
18 75850 103031
18 75850 103032
18 75850 103033
18 75850 103034
18 75850 103035
18 75850 103036
18 75850 103037
18 75850 103038
18 75850 103039
18 75850 103040
18 75850 103041
18 75850 103042
18 75850 103043
18 75850 103044
18 75850 103045
18 75850 103046
18 75850 103047
18 75850 103048
18 75850 103049
18 75850 103050
18 75850 103051
18 75850 103052
18 75850 103053
18 75850 103054
18 75850 103055
18 75850 103056
18 75850 103057
18 75850 103058
18 75850 103059
18 75850 103060
18 75850 103061
18 75850 103062
18 75850 103063
18 75850 103064
18 75850 103065
18 75850 103066
18 75850 103067
18 75850 103068
18 75850 103069
18 75850 103070
18 75850 103071
18 75850 103072
18 75850 103073
18 75850 103074
18 75850 103075
18 75850 103076
18 75850 103077
18 75850 103078
18 75850 103079
18 75850 103080
18 75850 103081
18 75850 103082
18 75850 103083
18 75850 103084
18 75850 103085
18 75850 103086
18 75850 103087
18 75850 103088
18 75850 103089
18 75850 103090
18 75850 103091
18 75850 103092
18 75850 103093
18 75850 103094
18 75850 103095
18 75850 103096
18 75850 103097
18 75850 103098
18 75850 103099
18 75850 103100
18 75850 103101
18 75850 103102
18 75850 103103
18 75850 103104
18 75850 103105
18 75850 103106
18 75850 103107
18 75850 103108
18 75850 103109
18 75850 103110
18 75850 103111
18 75850 103112
18 75850 103113
18 75850 103114
18 75850 103115
18 75850 103116
18 75850 103117
18 75850 103118
18 75850 103119
18 75850 103120
18 75850 103121
18 75850 103122
18 75850 103123
18 75850 103124
18 75850 103125
18 75850 103126
18 75850 103127
18 75850 103128
18 75850 103129
18 75850 103130
18 75850 103131
18 75850 103132
18 75850 103133
18 75850 103134
18 75850 103135
18 75850 103136
18 75850 103137
18 75850 103138
18 75850 103139
18 75850 103140
18 75850 103141
18 75850 103142
18 75850 103143
18 75850 103144
18 75850 103145
18 75850 103146
18 75850 103147
18 75850 103148
18 75850 103149
18 75850 103150
18 75850 103151
18 75850 103152
18 75850 103153
18 75850 103154
18 75850 103155
18 75850 103156
18 75850 103157
18 75850 103158
18 75850 103159
18 75850 103160
18 75850 103161
18 75850 103162
18 75850 103163
18 75850 103164
18 75850 103165
18 75850 103166
18 75850 103167
18 75850 103168
18 75850 103169
18 75850 103170
18 75850 103171
18 75850 103172
18 75850 103173
18 75850 103174
18 75850 103175
18 75850 103176
18 75850 103177
18 75850 103178
18 75850 103179
18 75850 103180
18 75850 103181
18 75850 103182
18 75850 103183
18 75850 103184
18 75850 103185
18 75850 103186
18 75850 103187
18 75850 103188
18 75850 103189
18 75850 103190
18 75850 103191
18 75850 103192
18 75850 103193
18 75850 103194
18 75850 103195
18 75850 103196
18 75850 103197
18 75850 103198
18 75850 103199
18 75850 103200
18 75850 103201
18 75850 103202
18 75850 103203
18 75850 103204
18 75850 103205
18 75850 103206
18 75850 103207
18 75850 103208
18 75850 103209
18 75850 103210
18 75850 103211
18 75850 103212
18 75850 103213
18 75850 103214
18 75850 103215
18 75850 103216
18 75850 103217
18 75850 103218
18 75850 103219
18 75850 103220
18 75850 103221
18 76002 103105
3 2 3
4 4 6
4 4 6
5 9 12
5 9 12
6 18 25
6 18 25
7 37 50
7 37 50
