12 1175 1590
12 1175 1590
12 1175 1591
12 1175 1591
13 2350 3181
13 2350 3181
13 2350 3182
13 2350 3182
14 4700 6363
14 4700 6364
14 4700 6365
15 9393 12726
15 9400 12727
15 9400 12728
15 9400 12729
15 9400 12730
15 9400 12731
16 18787 25453
16 18787 25463
16 18800 25454
16 18800 25455
16 18800 25456
16 18800 25457
16 18800 25458
16 18800 25459
16 18800 25460
16 18800 25461
16 18800 25462
17 37574 50907
17 37574 50908
17 37574 50909
17 37574 50910
17 37574 50911
17 37574 50912
17 37574 50913
17 37574 50914
17 37574 50915
17 37574 50916
17 37574 50917
17 37574 50918
17 37574 50919
17 37574 50920
17 37574 50921
17 37574 50922
17 37574 50923
17 37574 50924
17 37574 50925
17 37574 50926
18 75148 101814
3 2 3
4 4 6
4 4 6
5 9 12
5 9 12
6 18 24
6 18 24
7 36 49
7 36 49
8 73 99
8 73 99
