13 2292 3280
13 2292 3281
13 2292 3282
13 2292 3283
13 2292 3284
13 2292 3285
13 2292 3286
13 2292 3287
13 2292 3288
13 2292 3289
13 2292 3290
13 2293 3280
13 2293 3281
13 2293 3282
13 2293 3283
13 2293 3284
13 2293 3288
13 2293 3289
13 2293 3290
13 2294 3280
13 2294 3281
13 2294 3282
13 2294 3288
13 2294 3289
13 2294 3290
13 2295 3280
13 2295 3288
13 2295 3289
13 2295 3290
13 2296 3286
13 2296 3287
13 2296 3288
13 2296 3289
13 2296 3290
13 2297 3284
13 2297 3285
13 2297 3286
13 2297 3287
13 2297 3288
13 2297 3289
13 2297 3290
13 2298 3282
13 2298 3283
13 2298 3284
13 2298 3285
13 2298 3286
13 2298 3287
13 2298 3288
13 2298 3289
13 2298 3290
13 2299 3280
13 2299 3281
13 2299 3282
13 2299 3283
13 2299 3284
13 2299 3285
13 2299 3286
13 2299 3287
13 2299 3288
13 2299 3289
13 2299 3290
