13 2007 3383
13 2007 3383
13 2007 3384
13 2007 3384
13 2007 3385
13 2007 3385
13 2007 3386
13 2007 3386
13 2007 3387
13 2007 3387
13 2007 3388
13 2007 3388
13 2007 3389
13 2007 3389
13 2007 3390
13 2007 3390
13 2007 3391
13 2007 3391
13 2007 3392
13 2007 3392
13 2007 3393
13 2007 3393
13 2007 3394
13 2007 3394
13 2007 3395
13 2007 3395
13 2007 3396
13 2007 3396
13 2007 3397
13 2007 3397
13 2007 3398
13 2007 3398
13 2007 3399
13 2007 3399
13 2007 3400
13 2007 3400
13 2007 3401
13 2007 3401
13 2007 3402
13 2007 3402
13 2007 3403
13 2007 3403
13 2007 3404
13 2007 3404
14 3982 6766
14 3982 6809
14 4014 6767
14 4014 6768
14 4014 6769
14 4014 6770
14 4014 6771
14 4014 6772
14 4014 6773
14 4014 6774
14 4014 6775
14 4014 6776
14 4014 6777
14 4014 6778
14 4014 6779
14 4014 6780
14 4014 6781
14 4014 6782
14 4014 6783
14 4014 6784
14 4014 6785
14 4014 6786
14 4014 6787
14 4014 6788
14 4014 6789
14 4014 6790
14 4014 6791
14 4014 6792
14 4014 6793
14 4014 6794
14 4014 6795
14 4014 6796
14 4014 6797
14 4014 6798
14 4014 6799
14 4014 6800
14 4014 6801
14 4014 6802
14 4014 6803
14 4014 6804
14 4014 6805
14 4014 6806
14 4014 6807
14 4014 6808
15 7964 13532
15 7964 13533
15 7964 13534
15 7964 13535
15 7964 13536
15 7964 13537
15 7964 13538
15 7964 13539
15 7964 13540
15 7964 13541
15 7964 13542
15 7964 13543
15 7964 13544
15 7964 13545
15 7964 13546
15 7964 13547
15 7964 13548
15 7964 13549
15 7964 13550
15 7964 13551
15 7964 13552
15 7964 13553
15 7964 13554
15 7964 13555
15 7964 13556
15 7964 13557
15 7964 13558
15 7964 13559
15 7964 13560
15 7964 13561
15 7964 13562
15 7964 13563
15 7964 13564
15 7964 13565
15 7964 13566
15 7964 13567
15 7964 13568
15 7964 13569
15 7964 13570
15 7964 13571
15 7964 13572
15 7964 13573
15 7964 13574
15 7964 13575
15 7964 13576
15 7964 13577
15 7964 13578
15 7964 13579
15 7964 13580
15 7964 13581
15 7964 13582
15 7964 13583
15 7964 13584
15 7964 13585
15 7964 13586
15 7964 13587
15 7964 13588
15 7964 13589
15 7964 13590
15 7964 13591
15 7964 13592
15 7964 13593
15 7964 13594
15 7964 13595
15 7964 13596
15 7964 13597
15 7964 13598
15 7964 13599
15 7964 13600
15 7964 13601
15 7964 13602
15 7964 13603
15 7964 13604
15 7964 13605
15 7964 13606
15 7964 13607
15 7964 13608
15 7964 13609
15 7964 13610
15 7964 13611
15 7964 13612
15 7964 13613
15 7964 13614
15 7964 13615
15 7964 13616
15 7964 13617
15 7964 13618
15 7964 13619
15 8027 13562
16 15928 27064
16 15928 27065
16 15928 27066
16 15928 27067
16 15928 27068
16 15928 27069
16 15928 27070
16 15928 27071
16 15928 27072
16 15928 27073
16 15928 27074
16 15928 27075
16 15928 27076
16 15928 27077
16 15928 27078
16 15928 27079
16 15928 27080
16 15928 27081
16 15928 27082
16 15928 27083
16 15928 27084
16 15928 27085
16 15928 27086
16 15928 27087
16 15928 27088
16 15928 27089
16 15928 27090
16 15928 27091
16 15928 27092
16 15928 27093
16 15928 27094
16 15928 27095
16 15928 27096
16 15928 27097
16 15928 27098
16 15928 27099
16 15928 27100
16 15928 27101
16 15928 27102
16 15928 27103
16 15928 27104
16 15928 27105
16 15928 27106
16 15928 27107
16 15928 27108
16 15928 27109
16 15928 27110
16 15928 27111
16 15928 27112
16 15928 27113
16 15928 27114
16 15928 27115
16 15928 27116
16 15928 27117
16 15928 27118
16 15928 27119
16 15928 27120
16 15928 27121
16 15928 27122
16 15928 27123
16 15928 27124
16 15928 27125
16 15928 27126
16 15928 27127
16 15928 27128
16 15928 27129
16 15928 27130
16 15928 27131
16 15928 27132
16 15928 27133
16 15928 27134
16 15928 27135
16 15928 27136
16 15928 27137
16 15928 27138
16 15928 27139
16 15928 27140
16 15928 27141
16 15928 27142
16 15928 27143
16 15928 27144
16 15928 27145
16 15928 27146
16 15928 27147
16 15928 27148
16 15928 27149
16 15928 27150
16 15928 27151
16 15928 27152
16 15928 27153
16 15928 27154
16 15928 27155
16 15928 27156
16 15928 27157
16 15928 27158
16 15928 27159
16 15928 27160
16 15928 27161
16 15928 27162
16 15928 27163
16 15928 27164
16 15928 27165
16 15928 27166
16 15928 27167
16 15928 27168
16 15928 27169
16 15928 27170
16 15928 27171
16 15928 27172
16 15928 27173
16 15928 27174
16 15928 27175
16 15928 27176
16 15928 27177
16 15928 27178
16 15928 27179
16 15928 27180
16 15928 27181
16 15928 27182
16 15928 27183
16 15928 27184
16 15928 27185
16 15928 27186
16 15928 27187
16 15928 27188
16 15928 27189
16 15928 27190
16 15928 27191
16 15928 27192
16 15928 27193
16 15928 27194
16 15928 27195
16 15928 27196
16 15928 27197
16 15928 27198
16 15928 27199
16 15928 27200
16 15928 27201
16 15928 27202
16 15928 27203
16 15928 27204
16 15928 27205
16 15928 27206
16 15928 27207
16 15928 27208
16 15928 27209
16 15928 27210
16 15928 27211
16 15928 27212
16 15928 27213
16 15928 27214
16 15928 27215
16 15928 27216
16 15928 27217
16 15928 27218
16 15928 27219
16 15928 27220
16 15928 27221
16 15928 27222
16 15928 27223
16 15928 27224
16 15928 27225
16 15928 27226
16 15928 27227
16 15928 27228
16 15928 27229
16 15928 27230
16 15928 27231
16 15928 27232
16 15928 27233
16 15928 27234
16 15928 27235
16 15928 27236
16 15928 27237
16 15928 27238
16 15928 27239
16 16029 27073
16 16043 27110
16 16055 27125
17 31856 54129
17 31856 54130
17 31856 54131
17 31856 54132
17 31856 54133
17 31856 54134
17 31856 54135
17 31856 54136
17 31856 54137
17 31856 54138
17 31856 54139
17 31856 54140
17 31856 54141
17 31856 54142
17 31856 54143
17 31856 54144
17 31856 54145
17 31856 54146
17 31856 54147
17 31856 54148
17 31856 54149
17 31856 54150
17 31856 54151
17 31856 54152
17 31856 54153
17 31856 54154
17 31856 54155
17 31856 54156
17 31856 54157
17 31856 54158
17 31856 54159
17 31856 54160
17 31856 54161
17 31856 54162
17 31856 54163
17 31856 54164
17 31856 54165
17 31856 54166
17 31856 54167
17 31856 54168
17 31856 54169
17 31856 54170
17 31856 54171
17 31856 54172
17 31856 54173
17 31856 54174
17 31856 54175
17 31856 54176
17 31856 54177
17 31856 54178
17 31856 54179
17 31856 54180
17 31856 54181
17 31856 54182
17 31856 54183
17 31856 54184
17 31856 54185
17 31856 54186
17 31856 54187
17 31856 54188
17 31856 54189
17 31856 54190
17 31856 54191
17 31856 54192
17 31856 54193
17 31856 54194
17 31856 54195
17 31856 54196
17 31856 54197
17 31856 54198
17 31856 54199
17 31856 54200
17 31856 54201
17 31856 54202
17 31856 54203
17 31856 54204
17 31856 54205
17 31856 54206
17 31856 54207
17 31856 54208
17 31856 54209
17 31856 54210
17 31856 54211
17 31856 54212
17 31856 54213
17 31856 54214
17 31856 54215
17 31856 54216
17 31856 54217
17 31856 54218
17 31856 54219
17 31856 54220
17 31856 54221
17 31856 54222
17 31856 54223
17 31856 54224
17 31856 54225
17 31856 54226
17 31856 54227
17 31856 54228
17 31856 54229
17 31856 54230
17 31856 54231
17 31856 54232
17 31856 54233
17 31856 54234
17 31856 54235
17 31856 54236
17 31856 54237
17 31856 54238
17 31856 54239
17 31856 54240
17 31856 54241
17 31856 54242
17 31856 54243
17 31856 54244
17 31856 54245
17 31856 54246
17 31856 54247
17 31856 54248
17 31856 54249
17 31856 54250
17 31856 54251
17 31856 54252
17 31856 54253
17 31856 54254
17 31856 54255
17 31856 54256
17 31856 54257
17 31856 54258
17 31856 54259
17 31856 54260
17 31856 54261
17 31856 54262
17 31856 54263
17 31856 54264
17 31856 54265
17 31856 54266
17 31856 54267
17 31856 54268
17 31856 54269
17 31856 54270
17 31856 54271
17 31856 54272
17 31856 54273
17 31856 54274
17 31856 54275
17 31856 54276
17 31856 54277
17 31856 54278
17 31856 54279
17 31856 54280
17 31856 54281
17 31856 54282
17 31856 54283
17 31856 54284
17 31856 54285
17 31856 54286
17 31856 54287
17 31856 54288
17 31856 54289
17 31856 54290
17 31856 54291
17 31856 54292
17 31856 54293
17 31856 54294
17 31856 54295
17 31856 54296
17 31856 54297
17 31856 54298
17 31856 54299
17 31856 54300
17 31856 54301
17 31856 54302
17 31856 54303
17 31856 54304
17 31856 54305
17 31856 54306
17 31856 54307
17 31856 54308
17 31856 54309
17 31856 54310
17 31856 54311
17 31856 54312
17 31856 54313
17 31856 54314
17 31856 54315
17 31856 54316
17 31856 54317
17 31856 54318
17 31856 54319
17 31856 54320
17 31856 54321
17 31856 54322
17 31856 54323
17 31856 54324
17 31856 54325
17 31856 54326
17 31856 54327
17 31856 54328
17 31856 54329
17 31856 54330
17 31856 54331
17 31856 54332
17 31856 54333
17 31856 54334
17 31856 54335
17 31856 54336
17 31856 54337
17 31856 54338
17 31856 54339
17 31856 54340
17 31856 54341
17 31856 54342
17 31856 54343
17 31856 54344
17 31856 54345
17 31856 54346
17 31856 54347
17 31856 54348
17 31856 54349
17 31856 54350
17 31856 54351
17 31856 54352
17 31856 54353
17 31856 54354
17 31856 54355
17 31856 54356
17 31856 54357
17 31856 54358
17 31856 54359
17 31856 54360
17 31856 54361
17 31856 54362
17 31856 54363
17 31856 54364
17 31856 54365
17 31856 54366
17 31856 54367
17 31856 54368
17 31856 54369
17 31856 54370
17 31856 54371
17 31856 54372
17 31856 54373
17 31856 54374
17 31856 54375
17 31856 54376
17 31856 54377
17 31856 54378
17 31856 54379
17 31856 54380
17 31856 54381
17 31856 54382
17 31856 54383
17 31856 54384
17 31856 54385
17 31856 54386
17 31856 54387
17 31856 54388
17 31856 54389
17 31856 54390
17 31856 54391
17 31856 54392
17 31856 54393
17 31856 54394
17 31856 54395
17 31856 54396
17 31856 54397
17 31856 54398
17 31856 54399
17 31856 54400
17 31856 54401
17 31856 54402
17 31856 54403
17 31856 54404
17 31856 54405
17 31856 54406
17 31856 54407
17 31856 54408
17 31856 54409
17 31856 54410
17 31856 54411
17 31856 54412
17 31856 54413
17 31856 54414
17 31856 54415
17 31856 54416
17 31856 54417
17 31856 54418
17 31856 54419
17 31856 54420
17 31856 54421
17 31856 54422
17 31856 54423
17 31856 54424
17 31856 54425
17 31856 54426
17 31856 54427
17 31856 54428
17 31856 54429
17 31856 54430
17 31856 54431
17 31856 54432
17 31856 54433
17 31856 54434
17 31856 54435
17 31856 54436
17 31856 54437
17 31856 54438
17 31856 54439
17 31856 54440
17 31856 54441
17 31856 54442
17 31856 54443
17 31856 54444
17 31856 54445
17 31856 54446
17 31856 54447
17 31856 54448
17 31856 54449
17 31856 54450
17 31856 54451
17 31856 54452
17 31856 54453
17 31856 54454
17 31856 54455
17 31856 54456
17 31856 54457
17 31856 54458
17 31856 54459
17 31856 54460
17 31856 54461
17 31856 54462
17 31856 54463
17 31856 54464
17 31856 54465
17 31856 54466
17 31856 54467
17 31856 54468
17 31856 54469
17 31856 54470
17 31856 54471
17 31856 54472
17 31856 54473
17 31856 54474
17 31856 54475
17 31856 54476
17 31856 54477
17 31856 54478
17 31856 54479
17 32058 54147
17 32086 54221
17 32111 54251
18 63712 108259
18 64116 108295
18 64173 108442
18 64223 108502
3 1 3
4 3 6
4 3 6
5 7 13
5 7 13
6 15 26
6 15 26
7 31 52
7 31 52
7 31 53
7 31 53
