11 478 852
11 478 852
12 956 1704
12 956 1704
12 956 1705
12 956 1705
13 1910 3412
13 1910 3412
13 1910 3413
13 1910 3413
13 1912 3409
13 1912 3409
13 1912 3410
13 1912 3410
13 1912 3411
13 1912 3411
13 1912 3413
13 1912 3413
14 3821 6823
14 3821 6824
14 3821 6825
14 3821 6826
14 3823 6818
14 3823 6819
14 3824 6820
14 3824 6821
14 3824 6822
15 7642 13642
15 7642 13643
15 7642 13644
15 7642 13645
15 7642 13646
15 7642 13647
15 7642 13648
15 7642 13649
15 7642 13650
15 7642 13651
15 7642 13652
15 7646 13637
15 7646 13638
15 7646 13639
15 7647 13640
15 7647 13641
16 15284 27274
16 15284 27279
16 15284 27280
16 15284 27281
16 15284 27282
16 15284 27283
16 15284 27284
16 15284 27285
16 15284 27286
16 15284 27287
16 15284 27288
16 15284 27289
16 15284 27290
16 15284 27291
16 15284 27292
16 15284 27293
16 15284 27294
16 15284 27295
16 15284 27296
16 15284 27297
16 15284 27298
16 15284 27299
16 15284 27300
16 15284 27301
16 15284 27302
16 15284 27303
16 15284 27304
16 15291 27275
16 15291 27276
16 15292 27277
16 15292 27278
17 30568 54548
17 30568 54549
17 30568 54550
17 30568 54551
17 30568 54552
17 30568 54553
17 30568 54554
17 30568 54555
17 30568 54556
17 30568 54557
17 30568 54558
17 30568 54559
17 30568 54560
17 30568 54561
17 30568 54562
17 30568 54563
17 30568 54564
17 30568 54565
17 30568 54566
17 30568 54567
17 30568 54568
17 30568 54569
17 30568 54570
17 30568 54571
17 30568 54572
17 30568 54573
17 30568 54574
17 30568 54575
17 30568 54576
17 30568 54577
17 30568 54578
17 30568 54579
17 30568 54580
17 30568 54581
17 30568 54582
17 30568 54583
17 30568 54584
17 30568 54585
17 30568 54586
17 30568 54587
17 30568 54588
17 30568 54589
17 30568 54590
17 30568 54591
17 30568 54592
17 30568 54593
17 30568 54594
17 30568 54595
17 30568 54596
17 30568 54597
17 30568 54598
17 30568 54599
17 30568 54600
17 30568 54601
17 30568 54602
17 30568 54603
17 30568 54604
17 30568 54605
17 30568 54606
17 30568 54607
17 30568 54608
17 30568 54609
18 61136 109096
3 1 3
4 3 6
4 3 6
5 7 13
5 7 13
6 14 26
6 14 26
7 29 53
7 29 53
8 59 106
8 59 106
