10 244 425
11 489 850
11 489 850
12 1000 1684
12 1000 1684
12 978 1700
12 978 1700
12 979 1700
12 979 1700
12 980 1700
12 980 1700
12 981 1700
12 981 1700
12 982 1700
12 982 1700
12 983 1700
12 983 1700
12 984 1700
12 984 1700
12 985 1700
12 985 1700
12 986 1700
12 986 1700
13 1935 3368
13 1935 3368
13 1956 3379
13 1956 3379
13 1956 3380
13 1956 3380
13 1956 3381
13 1956 3381
13 1956 3382
13 1956 3382
13 1956 3383
13 1956 3383
13 1956 3384
13 1956 3384
13 1956 3385
13 1956 3385
13 1956 3386
13 1956 3386
13 1956 3387
13 1956 3387
13 1956 3388
13 1956 3388
13 1956 3389
13 1956 3389
13 1956 3390
13 1956 3390
13 1956 3391
13 1956 3391
13 1956 3392
13 1956 3392
13 1956 3393
13 1956 3393
13 1956 3394
13 1956 3394
13 1956 3395
13 1956 3395
13 1956 3396
13 1956 3396
13 1956 3397
13 1956 3397
13 1956 3398
13 1956 3398
13 1956 3399
13 1956 3399
13 1956 3400
13 1956 3400
13 1957 3400
13 1957 3400
13 1958 3400
13 1958 3400
13 1959 3400
13 1959 3400
13 1960 3400
13 1960 3400
13 1961 3400
13 1961 3400
13 1962 3400
13 1962 3400
13 1963 3400
13 1963 3400
13 1964 3400
13 1964 3400
13 1965 3400
13 1965 3400
13 1966 3400
13 1966 3400
13 1967 3400
13 1967 3400
13 1968 3400
13 1968 3400
13 1969 3400
13 1969 3400
13 1970 3400
13 1970 3400
13 1971 3400
13 1971 3400
13 1972 3400
13 1972 3400
13 1973 3379
13 1973 3379
13 1973 3380
13 1973 3380
13 1973 3381
13 1973 3381
13 1973 3382
13 1973 3382
13 1973 3383
13 1973 3383
13 1973 3384
13 1973 3384
13 1973 3385
13 1973 3385
13 1973 3386
13 1973 3386
13 1973 3387
13 1973 3387
13 1973 3388
13 1973 3388
13 1973 3389
13 1973 3389
13 1973 3390
13 1973 3390
13 1973 3391
13 1973 3391
13 1973 3392
13 1973 3392
13 1973 3393
13 1973 3393
13 1973 3394
13 1973 3394
13 1973 3395
13 1973 3395
13 1973 3396
13 1973 3396
13 1973 3397
13 1973 3397
13 1973 3398
13 1973 3398
13 1973 3399
13 1973 3399
13 1973 3400
13 1973 3400
14 3913 6758
15 7827 13516
16 15655 27033
17 31310 54066
18 62620 108132
3 1 3
4 3 6
4 3 6
5 7 13
5 7 13
6 15 26
6 15 26
7 30 52
7 30 52
7 30 53
7 30 53
9 120 210
9 120 210
14 3913 6759
14 3913 6760
14 3913 6761
14 3913 6762
14 3913 6763
14 3913 6764
14 3913 6765
14 3913 6766
14 3913 6767
14 3913 6768
14 3913 6769
14 3913 6770
14 3913 6771
14 3913 6772
14 3913 6773
14 3913 6774
14 3913 6775
14 3913 6776
14 3913 6777
14 3913 6778
14 3913 6779
14 3913 6780
14 3913 6781
14 3913 6782
14 3913 6783
14 3913 6784
14 3913 6785
14 3913 6786
14 3913 6787
14 3913 6788
14 3913 6789
14 3913 6790
14 3913 6791
14 3913 6792
14 3913 6793
14 3913 6794
14 3913 6795
14 3913 6796
14 3913 6797
14 3913 6798
14 3913 6799
14 3913 6800
15 7827 13517
15 7827 13518
15 7827 13519
15 7827 13520
15 7827 13521
15 7827 13522
15 7827 13523
15 7827 13524
15 7827 13525
15 7827 13526
15 7827 13527
15 7827 13528
15 7827 13529
15 7827 13530
15 7827 13531
15 7827 13532
15 7827 13533
15 7827 13534
15 7827 13535
15 7827 13536
15 7827 13537
15 7827 13538
15 7827 13539
15 7827 13540
15 7827 13541
15 7827 13542
15 7827 13543
15 7827 13544
15 7827 13545
15 7827 13546
15 7827 13547
15 7827 13548
15 7827 13549
15 7827 13550
15 7827 13551
15 7827 13552
15 7827 13553
15 7827 13554
15 7827 13555
15 7827 13556
15 7827 13557
15 7827 13558
15 7827 13559
15 7827 13560
15 7827 13561
15 7827 13562
15 7827 13563
15 7827 13564
15 7827 13565
15 7827 13566
15 7827 13567
15 7827 13568
15 7827 13569
15 7827 13570
15 7827 13571
15 7827 13572
15 7827 13573
15 7827 13574
15 7827 13575
15 7827 13576
15 7827 13577
15 7827 13578
15 7827 13579
15 7827 13580
15 7827 13581
15 7827 13582
15 7827 13583
15 7827 13584
15 7827 13585
15 7827 13586
15 7827 13587
15 7827 13588
15 7827 13589
15 7827 13590
15 7827 13591
15 7827 13592
15 7827 13593
15 7827 13594
15 7827 13595
15 7827 13596
15 7827 13597
15 7827 13598
15 7827 13599
15 7827 13600
