12 1214 1545
12 1214 1545
12 1215 1545
12 1215 1545
12 1216 1545
12 1216 1545
12 1217 1545
12 1217 1545
12 1218 1545
12 1218 1545
12 1219 1545
12 1219 1545
12 1220 1545
12 1220 1545
12 1221 1545
12 1221 1545
12 1222 1545
12 1222 1545
12 1223 1545
12 1223 1545
12 1224 1545
12 1224 1545
12 1225 1545
12 1225 1545
12 1226 1545
12 1226 1545
13 2428 3072
13 2428 3072
13 2428 3090
13 2428 3090
13 2429 3072
13 2429 3072
13 2429 3090
13 2429 3090
13 2430 3072
13 2430 3072
13 2430 3090
13 2430 3090
13 2431 3072
13 2431 3072
13 2431 3090
13 2431 3090
13 2432 3072
13 2432 3072
13 2432 3090
13 2432 3090
13 2433 3072
13 2433 3072
13 2433 3090
13 2433 3090
13 2434 3072
13 2434 3072
13 2434 3090
13 2434 3090
13 2435 3072
13 2435 3072
13 2435 3090
13 2435 3090
13 2436 3072
13 2436 3072
13 2436 3090
13 2436 3090
13 2437 3072
13 2437 3072
13 2437 3090
13 2437 3090
13 2438 3072
13 2438 3072
13 2438 3090
13 2438 3090
13 2439 3072
13 2439 3072
13 2439 3090
13 2439 3090
13 2440 3072
13 2440 3072
13 2440 3090
13 2440 3090
13 2441 3072
13 2441 3072
13 2441 3090
13 2441 3090
13 2442 3072
13 2442 3072
13 2442 3090
13 2442 3090
13 2443 3072
13 2443 3072
13 2443 3090
13 2443 3090
13 2444 3072
13 2444 3072
13 2444 3090
13 2444 3090
13 2445 3072
13 2445 3072
13 2445 3090
13 2445 3090
13 2446 3072
13 2446 3072
13 2446 3090
13 2446 3090
13 2447 3072
13 2447 3072
13 2447 3090
13 2447 3090
13 2448 3072
13 2448 3072
13 2448 3090
13 2448 3090
13 2449 3072
13 2449 3072
13 2449 3090
13 2449 3090
13 2450 3072
13 2450 3072
13 2450 3090
13 2450 3090
13 2451 3072
13 2451 3072
13 2451 3090
13 2451 3090
13 2452 3072
13 2452 3072
13 2452 3090
13 2452 3090
14 4856 6145
14 4856 6146
14 4856 6147
14 4856 6148
14 4856 6149
14 4856 6150
14 4856 6151
14 4856 6152
14 4856 6153
14 4856 6154
14 4856 6155
14 4856 6156
14 4856 6157
14 4856 6158
14 4856 6159
14 4856 6160
14 4856 6161
14 4856 6162
14 4856 6163
14 4856 6164
14 4856 6165
14 4856 6166
14 4856 6167
14 4856 6168
14 4856 6169
14 4856 6170
14 4856 6171
14 4856 6172
14 4856 6173
14 4856 6174
14 4856 6175
14 4856 6176
14 4856 6177
14 4856 6178
14 4856 6179
14 4856 6180
14 4856 6181
15 9713 12290
15 9713 12291
15 9713 12292
15 9713 12293
15 9713 12294
15 9713 12295
15 9713 12296
15 9713 12297
15 9713 12298
15 9713 12299
15 9713 12300
15 9713 12301
15 9713 12302
15 9713 12303
15 9713 12304
15 9713 12305
15 9713 12306
15 9713 12307
15 9713 12308
15 9713 12309
15 9713 12310
15 9713 12311
15 9713 12312
15 9713 12313
15 9713 12314
15 9713 12315
15 9713 12316
15 9713 12317
15 9713 12318
15 9713 12319
15 9713 12320
15 9713 12321
15 9713 12322
15 9713 12323
15 9713 12324
15 9713 12325
15 9713 12326
15 9713 12327
15 9713 12328
15 9713 12329
15 9713 12330
15 9713 12331
15 9713 12332
15 9713 12333
15 9713 12334
15 9713 12335
15 9713 12336
15 9713 12337
15 9713 12338
15 9713 12339
15 9713 12340
15 9713 12341
15 9713 12342
15 9713 12343
15 9713 12344
15 9713 12345
15 9713 12346
15 9713 12347
15 9713 12348
15 9713 12349
15 9713 12350
15 9713 12351
15 9713 12352
15 9713 12353
15 9713 12354
15 9713 12355
15 9713 12356
15 9713 12357
15 9713 12358
15 9713 12359
15 9713 12360
15 9713 12361
15 9713 12362
16 19426 24581
16 19426 24582
16 19426 24583
16 19426 24584
16 19426 24585
16 19426 24586
16 19426 24587
16 19426 24588
16 19426 24589
16 19426 24590
16 19426 24591
16 19426 24592
16 19426 24593
16 19426 24594
16 19426 24595
16 19426 24596
16 19426 24597
16 19426 24598
16 19426 24599
16 19426 24600
16 19426 24601
16 19426 24602
16 19426 24603
16 19426 24604
16 19426 24605
16 19426 24606
16 19426 24607
16 19426 24608
16 19426 24609
16 19426 24610
16 19426 24611
16 19426 24612
16 19426 24613
16 19426 24614
16 19426 24615
16 19426 24616
16 19426 24617
16 19426 24618
16 19426 24619
16 19426 24620
16 19426 24621
16 19426 24622
16 19426 24623
16 19426 24624
16 19426 24625
16 19426 24626
16 19426 24627
16 19426 24628
16 19426 24629
16 19426 24630
16 19426 24631
16 19426 24632
16 19426 24633
16 19426 24634
16 19426 24635
16 19426 24636
16 19426 24637
16 19426 24638
16 19426 24639
16 19426 24640
16 19426 24641
16 19426 24642
16 19426 24643
16 19426 24644
16 19426 24645
16 19426 24646
16 19426 24647
16 19426 24648
16 19426 24649
16 19426 24650
16 19426 24651
16 19426 24652
16 19426 24653
16 19426 24654
16 19426 24655
16 19426 24656
16 19426 24657
16 19426 24658
16 19426 24659
16 19426 24660
16 19426 24661
16 19426 24662
16 19426 24663
16 19426 24664
16 19426 24665
16 19426 24666
16 19426 24667
16 19426 24668
16 19426 24669
16 19426 24670
16 19426 24671
16 19426 24672
16 19426 24673
16 19426 24674
16 19426 24675
16 19426 24676
16 19426 24677
16 19426 24678
16 19426 24679
16 19426 24680
16 19426 24681
16 19426 24682
16 19426 24683
16 19426 24684
16 19426 24685
16 19426 24686
16 19426 24687
16 19426 24688
16 19426 24689
16 19426 24690
16 19426 24691
16 19426 24692
16 19426 24693
16 19426 24694
16 19426 24695
16 19426 24696
16 19426 24697
16 19426 24698
16 19426 24699
16 19426 24700
16 19426 24701
16 19426 24702
16 19426 24703
16 19426 24704
16 19426 24705
16 19426 24706
16 19426 24707
16 19426 24708
16 19426 24709
16 19426 24710
16 19426 24711
16 19426 24712
16 19426 24713
16 19426 24714
16 19426 24715
16 19426 24716
16 19426 24717
16 19426 24718
16 19426 24719
16 19426 24720
16 19426 24721
16 19426 24722
16 19426 24723
16 19426 24724
16 19426 24725
17 38852 49162
18 77704 98324
3 2 3
4 4 6
4 4 6
5 9 12
5 9 12
6 18 24
6 18 24
6 19 24
6 19 24
