11 590 804
12 1181 1609
12 1181 1609
12 1181 1610
12 1181 1610
12 1181 1611
12 1181 1611
13 2363 3219
13 2363 3219
13 2363 3220
13 2363 3220
13 2363 3221
13 2363 3221
13 2363 3222
13 2363 3222
13 2363 3223
13 2363 3223
13 2364 3223
13 2364 3223
13 2366 3223
13 2366 3223
14 4727 6438
14 4727 6439
14 4727 6440
14 4727 6441
14 4727 6442
14 4727 6443
14 4727 6444
14 4727 6445
14 4727 6446
15 9455 12876
15 9455 12877
15 9455 12878
15 9455 12879
15 9455 12880
15 9455 12881
15 9455 12882
15 9455 12883
15 9455 12884
15 9455 12885
15 9455 12886
15 9455 12887
15 9455 12888
15 9455 12889
15 9455 12890
15 9455 12891
15 9455 12892
16 18911 25753
16 18911 25754
16 18911 25755
16 18911 25756
16 18911 25757
16 18911 25758
16 18911 25759
16 18911 25760
16 18911 25761
16 18911 25762
16 18911 25763
16 18911 25764
16 18911 25765
16 18911 25766
16 18911 25767
16 18911 25768
16 18911 25769
16 18911 25770
16 18911 25771
16 18911 25772
16 18911 25773
16 18911 25774
16 18911 25775
16 18911 25776
16 18911 25777
16 18911 25778
16 18911 25779
16 18911 25780
16 18911 25781
16 18911 25782
16 18911 25783
16 18911 25784
17 37823 51507
17 37823 51508
17 37823 51509
17 37823 51510
17 37823 51511
17 37823 51512
17 37823 51513
17 37823 51514
17 37823 51515
17 37823 51516
17 37823 51517
17 37823 51518
17 37823 51519
17 37823 51520
17 37823 51521
17 37823 51522
17 37823 51523
17 37823 51524
17 37823 51525
17 37823 51526
17 37823 51527
17 37823 51528
17 37823 51529
17 37823 51530
17 37823 51531
17 37823 51532
17 37823 51533
17 37823 51534
17 37823 51535
17 37823 51536
17 37823 51537
17 37823 51538
17 37823 51539
17 37823 51540
17 37823 51541
17 37823 51542
17 37823 51543
17 37823 51544
17 37823 51545
17 37823 51546
17 37823 51547
17 37823 51548
17 37823 51549
17 37823 51550
17 37823 51551
17 37823 51552
17 37823 51553
17 37823 51554
17 37823 51555
17 37823 51556
17 37823 51557
17 37823 51558
17 37823 51559
17 37823 51560
17 37823 51561
17 37823 51562
17 37823 51563
17 37823 51564
17 37823 51565
17 37823 51566
17 37823 51567
17 37823 51568
17 37823 51569
18 75647 103014
3 2 3
4 4 6
4 4 6
5 9 12
5 9 12
6 18 25
6 18 25
