12 1186 1573
12 1186 1573
13 2372 3146
13 2372 3146
13 2373 3145
13 2373 3145
13 2373 3146
13 2373 3146
14 4744 6292
14 4745 6291
14 4746 6290
15 9480 12574
15 9487 12584
15 9488 12583
15 9489 12582
15 9490 12581
15 9491 12580
15 9492 12579
15 9493 12575
15 9493 12576
15 9493 12577
15 9493 12578
16 18960 25149
16 18960 25150
16 18960 25151
16 18960 25152
16 18960 25153
16 18960 25154
16 18960 25155
16 18960 25156
16 18960 25157
16 18960 25158
16 18960 25159
16 18960 25160
16 18960 25161
16 18960 25162
16 18960 25163
16 18960 25164
16 18960 25165
16 18960 25166
16 18960 25167
16 18960 25168
16 18960 25169
16 18985 25155
17 37921 50299
18 75842 100598
3 2 3
4 4 6
4 4 6
5 9 12
5 9 12
6 18 24
6 18 24
7 37 49
7 37 49
