12 937 1735
12 937 1735
12 938 1735
12 938 1735
12 939 1735
12 939 1735
12 940 1735
12 940 1735
12 941 1735
12 941 1735
12 942 1735
12 942 1735
12 943 1735
12 943 1735
12 944 1735
12 944 1735
13 1874 3450
13 1874 3450
13 1874 3451
13 1874 3451
13 1874 3452
13 1874 3452
13 1874 3453
13 1874 3453
13 1874 3454
13 1874 3454
13 1874 3455
13 1874 3455
13 1874 3456
13 1874 3456
13 1874 3457
13 1874 3457
13 1874 3458
13 1874 3458
13 1874 3459
13 1874 3459
13 1874 3460
13 1874 3460
13 1874 3461
13 1874 3461
13 1874 3462
13 1874 3462
13 1874 3463
13 1874 3463
13 1874 3464
13 1874 3464
13 1874 3465
13 1874 3465
13 1874 3466
13 1874 3466
13 1874 3467
13 1874 3467
13 1874 3468
13 1874 3468
13 1874 3469
13 1874 3469
13 1874 3470
13 1874 3470
13 1875 3470
13 1875 3470
13 1876 3470
13 1876 3470
13 1877 3470
13 1877 3470
13 1878 3470
13 1878 3470
13 1879 3470
13 1879 3470
13 1880 3470
13 1880 3470
13 1881 3470
13 1881 3470
13 1882 3470
13 1882 3470
13 1883 3470
13 1883 3470
13 1884 3470
13 1884 3470
13 1885 3470
13 1885 3470
13 1886 3470
13 1886 3470
13 1887 3470
13 1887 3470
13 1888 3470
13 1888 3470
13 1889 3470
13 1889 3470
14 3749 6900
14 3749 6901
14 3749 6902
14 3749 6903
14 3749 6904
14 3749 6905
14 3749 6906
14 3749 6907
14 3749 6908
14 3749 6909
14 3749 6910
14 3749 6911
14 3749 6912
14 3749 6913
14 3749 6914
14 3749 6915
14 3749 6916
14 3749 6917
14 3749 6918
14 3749 6919
14 3749 6920
14 3749 6921
14 3749 6922
14 3749 6923
14 3749 6924
14 3749 6925
14 3749 6926
14 3749 6927
14 3749 6928
14 3749 6929
14 3749 6930
14 3749 6931
14 3749 6932
14 3749 6933
14 3749 6934
14 3749 6935
14 3749 6936
14 3749 6937
14 3749 6938
14 3749 6939
14 3749 6940
15 7498 13801
15 7498 13802
15 7498 13803
15 7498 13804
15 7498 13805
15 7498 13806
15 7498 13807
15 7498 13808
15 7498 13809
15 7498 13810
15 7498 13811
15 7498 13812
15 7498 13813
15 7498 13814
15 7498 13815
15 7498 13816
15 7498 13817
15 7498 13818
15 7498 13819
15 7498 13820
15 7498 13821
15 7498 13822
15 7498 13823
15 7498 13824
15 7498 13825
15 7498 13826
15 7498 13827
15 7498 13828
15 7498 13829
15 7498 13830
15 7498 13831
15 7498 13832
15 7498 13833
15 7498 13834
15 7498 13835
15 7498 13836
15 7498 13837
15 7498 13838
15 7498 13839
15 7498 13840
15 7498 13841
15 7498 13842
15 7498 13843
15 7498 13844
15 7498 13845
15 7498 13846
15 7498 13847
15 7498 13848
15 7498 13849
15 7498 13850
15 7498 13851
15 7498 13852
15 7498 13853
15 7498 13854
15 7498 13855
15 7498 13856
15 7498 13857
15 7498 13858
15 7498 13859
15 7498 13860
15 7498 13861
15 7498 13862
15 7498 13863
15 7498 13864
15 7498 13865
15 7498 13866
15 7498 13867
15 7498 13868
15 7498 13869
15 7498 13870
15 7498 13871
15 7498 13872
15 7498 13873
15 7498 13874
15 7498 13875
15 7498 13876
15 7498 13877
15 7498 13878
15 7498 13879
15 7498 13880
16 14996 27602
16 14996 27603
16 14996 27604
16 14996 27605
16 14996 27606
16 14996 27607
16 14996 27608
16 14996 27609
16 14996 27610
16 14996 27611
16 14996 27612
16 14996 27613
16 14996 27614
16 14996 27615
16 14996 27616
16 14996 27617
16 14996 27618
16 14996 27619
16 14996 27620
16 14996 27621
16 14996 27622
16 14996 27623
16 14996 27624
16 14996 27625
16 14996 27626
16 14996 27627
16 14996 27628
16 14996 27629
16 14996 27630
16 14996 27631
16 14996 27632
16 14996 27633
16 14996 27634
16 14996 27635
16 14996 27636
16 14996 27637
16 14996 27638
16 14996 27639
16 14996 27640
16 14996 27641
16 14996 27642
16 14996 27643
16 14996 27644
16 14996 27645
16 14996 27646
16 14996 27647
16 14996 27648
16 14996 27649
16 14996 27650
16 14996 27651
16 14996 27652
16 14996 27653
16 14996 27654
16 14996 27655
16 14996 27656
16 14996 27657
16 14996 27658
16 14996 27659
16 14996 27660
16 14996 27661
16 14996 27662
16 14996 27663
16 14996 27664
16 14996 27665
16 14996 27666
16 14996 27667
16 14996 27668
16 14996 27669
16 14996 27670
16 14996 27671
16 14996 27672
16 14996 27673
16 14996 27674
16 14996 27675
16 14996 27676
16 14996 27677
16 14996 27678
16 14996 27679
16 14996 27680
16 14996 27681
16 14996 27682
16 14996 27683
16 14996 27684
16 14996 27685
16 14996 27686
16 14996 27687
16 14996 27688
16 14996 27689
16 14996 27690
16 14996 27691
16 14996 27692
16 14996 27693
16 14996 27694
16 14996 27695
16 14996 27696
16 14996 27697
16 14996 27698
16 14996 27699
16 14996 27700
16 14996 27701
16 14996 27702
16 14996 27703
16 14996 27704
16 14996 27705
16 14996 27706
16 14996 27707
16 14996 27708
16 14996 27709
16 14996 27710
16 14996 27711
16 14996 27712
16 14996 27713
16 14996 27714
16 14996 27715
16 14996 27716
16 14996 27717
16 14996 27718
16 14996 27719
16 14996 27720
16 14996 27721
16 14996 27722
16 14996 27723
16 14996 27724
16 14996 27725
16 14996 27726
16 14996 27727
16 14996 27728
16 14996 27729
16 14996 27730
16 14996 27731
16 14996 27732
16 14996 27733
16 14996 27734
16 14996 27735
16 14996 27736
16 14996 27737
16 14996 27738
16 14996 27739
16 14996 27740
16 14996 27741
16 14996 27742
16 14996 27743
16 14996 27744
16 14996 27745
16 14996 27746
16 14996 27747
16 14996 27748
16 14996 27749
16 14996 27750
16 14996 27751
16 14996 27752
16 14996 27753
16 14996 27754
16 14996 27755
16 14996 27756
16 14996 27757
16 14996 27758
16 14996 27759
16 14996 27760
17 29993 55204
18 59987 110408
3 1 3
4 3 6
4 3 6
5 7 13
5 7 13
6 14 26
6 14 26
6 14 27
6 14 27
7 29 53
7 29 53
7 29 54
7 29 54
