13 2283 3287
13 2283 3288
13 2283 3289
13 2283 3290
13 2283 3291
13 2283 3292
13 2283 3293
13 2283 3294
13 2283 3295
13 2283 3296
13 2283 3297
13 2283 3298
13 2283 3299
13 2283 3300
13 2283 3301
13 2283 3302
13 2283 3303
13 2283 3304
13 2284 3304
13 2285 3304
13 2286 3304
13 2287 3304
13 2288 3304
13 2289 3304
13 2290 3304
13 2291 3304
13 2292 3304
13 2293 3304
13 2294 3304
13 2295 3304
13 2296 3304
13 2297 3304
13 2298 3304
13 2299 3304
13 2300 3304
13 2301 3304
13 2302 3304
13 2303 3304
13 2304 3304
13 2305 3304
