12 1207 1527
12 1207 1527
13 2414 3053
13 2414 3053
13 2414 3054
13 2414 3054
14 4828 6106
14 4828 6107
14 4828 6108
15 9646 12217
15 9656 12211
15 9656 12212
15 9656 12213
15 9656 12214
15 9656 12215
15 9656 12216
15 9657 12171
15 9657 12172
15 9657 12173
15 9657 12174
15 9657 12175
15 9657 12176
15 9657 12177
15 9657 12178
15 9657 12179
15 9657 12180
15 9657 12181
15 9657 12182
15 9657 12183
15 9657 12184
15 9657 12185
15 9657 12186
15 9657 12187
15 9657 12188
15 9657 12189
15 9657 12190
15 9657 12191
15 9657 12192
15 9657 12193
15 9657 12194
15 9657 12195
15 9657 12196
15 9657 12197
15 9657 12198
15 9657 12199
15 9657 12200
15 9657 12201
15 9657 12202
15 9657 12203
15 9657 12204
15 9657 12205
15 9657 12206
15 9657 12207
15 9657 12208
15 9657 12209
15 9657 12210
16 19292 24342
16 19292 24343
16 19292 24344
16 19292 24345
16 19292 24346
16 19292 24347
16 19292 24348
16 19292 24349
16 19292 24350
16 19292 24351
16 19292 24352
16 19292 24353
16 19292 24354
16 19292 24355
16 19292 24356
16 19292 24357
16 19292 24358
16 19292 24359
16 19292 24360
16 19292 24361
16 19292 24362
16 19292 24363
16 19292 24364
16 19292 24365
16 19292 24366
16 19292 24367
16 19292 24368
16 19292 24369
16 19292 24370
16 19292 24371
16 19292 24372
16 19292 24373
16 19292 24374
16 19292 24375
16 19292 24376
16 19292 24377
16 19292 24378
16 19292 24379
16 19292 24380
16 19292 24381
16 19292 24382
16 19292 24383
16 19292 24384
16 19292 24385
16 19292 24386
16 19292 24387
16 19292 24388
16 19292 24389
16 19292 24390
16 19292 24391
16 19292 24392
16 19292 24393
16 19292 24394
16 19292 24395
16 19292 24396
16 19292 24397
16 19292 24398
16 19292 24399
16 19292 24400
16 19292 24401
16 19292 24402
16 19292 24403
16 19292 24404
16 19292 24405
16 19292 24406
16 19292 24407
16 19292 24408
16 19292 24409
16 19292 24410
16 19292 24411
16 19292 24412
16 19292 24413
16 19292 24414
16 19292 24415
16 19292 24416
16 19292 24417
16 19292 24418
16 19292 24419
16 19292 24420
16 19292 24421
16 19292 24422
16 19292 24423
16 19292 24424
16 19292 24425
16 19292 24426
16 19292 24427
16 19292 24428
16 19292 24429
16 19292 24430
16 19292 24431
16 19292 24432
16 19292 24433
16 19292 24434
17 38584 48684
17 38584 48685
17 38584 48686
17 38584 48687
17 38584 48688
17 38584 48689
17 38584 48690
17 38584 48691
17 38584 48692
17 38584 48693
17 38584 48694
17 38584 48695
17 38584 48696
17 38584 48697
17 38584 48698
17 38584 48699
17 38584 48700
17 38584 48701
17 38584 48702
17 38584 48703
17 38584 48704
17 38584 48705
17 38584 48706
17 38584 48707
17 38584 48708
17 38584 48709
17 38584 48710
17 38584 48711
17 38584 48712
17 38584 48713
17 38584 48714
17 38584 48715
17 38584 48716
17 38584 48717
17 38584 48718
17 38584 48719
17 38584 48720
17 38584 48721
17 38584 48722
17 38584 48723
17 38584 48724
17 38584 48725
17 38584 48726
17 38584 48727
17 38584 48728
17 38584 48729
17 38584 48730
17 38584 48731
17 38584 48732
17 38584 48733
17 38584 48734
17 38584 48735
17 38584 48736
17 38584 48737
17 38584 48738
17 38584 48739
17 38584 48740
17 38584 48741
17 38584 48742
17 38584 48743
17 38584 48744
17 38584 48745
17 38584 48746
17 38584 48747
17 38584 48748
17 38584 48749
17 38584 48750
17 38584 48751
17 38584 48752
17 38584 48753
17 38584 48754
17 38584 48755
17 38584 48756
17 38584 48757
17 38584 48758
17 38584 48759
17 38584 48760
17 38584 48761
17 38584 48762
17 38584 48763
17 38584 48764
17 38584 48765
17 38584 48766
17 38584 48767
17 38584 48768
17 38584 48769
17 38584 48770
17 38584 48771
17 38584 48772
17 38584 48773
17 38584 48774
17 38584 48775
17 38584 48776
17 38584 48777
17 38584 48778
17 38584 48779
17 38584 48780
17 38584 48781
17 38584 48782
17 38584 48783
17 38584 48784
17 38584 48785
17 38584 48786
17 38584 48787
17 38584 48788
17 38584 48789
17 38584 48790
17 38584 48791
17 38584 48792
17 38584 48793
17 38584 48794
17 38584 48795
17 38584 48796
17 38584 48797
17 38584 48798
17 38584 48799
17 38584 48800
17 38584 48801
17 38584 48802
17 38584 48803
17 38584 48804
17 38584 48805
17 38584 48806
17 38584 48807
17 38584 48808
17 38584 48809
17 38584 48810
17 38584 48811
17 38584 48812
17 38584 48813
17 38584 48814
17 38584 48815
17 38584 48816
17 38584 48817
17 38584 48818
17 38584 48819
17 38584 48820
17 38584 48821
17 38584 48822
17 38584 48823
17 38584 48824
17 38584 48825
17 38584 48826
17 38584 48827
17 38584 48828
17 38584 48829
17 38584 48830
17 38584 48831
17 38584 48832
17 38584 48833
17 38584 48834
17 38584 48835
17 38584 48836
17 38584 48837
17 38584 48838
17 38584 48839
17 38584 48840
17 38584 48841
17 38584 48842
17 38584 48843
17 38584 48844
17 38584 48845
17 38584 48846
17 38584 48847
17 38584 48848
17 38584 48849
17 38584 48850
17 38584 48851
17 38584 48852
17 38584 48853
17 38584 48854
17 38584 48855
17 38584 48856
17 38584 48857
17 38584 48858
17 38584 48859
17 38584 48860
17 38584 48861
17 38584 48862
17 38584 48863
17 38584 48864
17 38584 48865
17 38584 48866
17 38584 48867
17 38584 48868
18 77168 97368
3 2 2
4 4 5
4 4 5
5 9 11
5 9 11
6 18 23
6 18 23
7 37 47
7 37 47
