12 1202 1549
12 1202 1550
12 1202 1551
12 1202 1552
12 1202 1553
12 1202 1554
12 1202 1555
12 1202 1556
12 1202 1557
12 1202 1558
12 1203 1549
12 1203 1550
12 1203 1551
12 1203 1556
12 1203 1557
12 1203 1558
12 1204 1556
12 1204 1557
12 1204 1558
12 1205 1556
12 1205 1557
12 1205 1558
12 1206 1549
12 1206 1552
12 1206 1553
12 1206 1554
12 1206 1555
12 1206 1556
12 1206 1557
12 1206 1558
12 1207 1549
12 1207 1550
12 1207 1551
12 1207 1552
12 1207 1553
12 1207 1554
12 1207 1555
12 1207 1556
12 1207 1557
12 1207 1558
13 2405 3099
4 4 6
5 9 12
6 18 24
7 37 48
