11 510 845
12 1021 1690
12 1021 1690
12 1021 1691
12 1021 1691
12 1023 1690
12 1023 1690
12 1023 1691
12 1023 1691
13 2043 3380
13 2043 3380
13 2043 3381
13 2043 3381
13 2043 3382
13 2043 3382
13 2046 3380
13 2046 3380
13 2046 3381
13 2046 3381
13 2046 3382
13 2046 3382
14 4087 6760
14 4087 6761
14 4087 6762
14 4087 6763
14 4087 6764
14 4087 6765
15 8175 13521
15 8175 13522
15 8175 13523
15 8175 13524
15 8175 13525
15 8175 13526
15 8175 13527
15 8175 13528
15 8175 13529
15 8175 13530
15 8175 13531
15 8181 13522
16 16350 27042
16 16350 27043
16 16350 27044
16 16350 27045
16 16350 27046
16 16350 27047
16 16350 27048
16 16350 27049
16 16350 27050
16 16350 27051
16 16350 27052
16 16350 27053
16 16350 27054
16 16350 27055
16 16350 27056
16 16350 27057
16 16350 27058
16 16350 27059
16 16350 27060
16 16350 27061
16 16350 27062
16 16350 27063
16 16362 27044
17 32700 54084
17 32700 54085
17 32700 54086
17 32700 54087
17 32700 54088
17 32700 54089
17 32700 54090
17 32700 54091
17 32700 54092
17 32700 54093
17 32700 54094
17 32700 54095
17 32700 54096
17 32700 54097
17 32700 54098
17 32700 54099
17 32700 54100
17 32700 54101
17 32700 54102
17 32700 54103
17 32700 54104
17 32700 54105
17 32700 54106
17 32700 54107
17 32700 54108
17 32700 54109
17 32700 54110
17 32700 54111
17 32700 54112
17 32700 54113
17 32700 54114
17 32700 54115
17 32700 54116
17 32700 54117
17 32700 54118
17 32700 54119
17 32700 54120
17 32700 54121
17 32700 54122
17 32700 54123
17 32700 54124
17 32700 54125
17 32700 54126
18 65401 108169
3 1 3
4 3 6
4 3 6
5 7 13
5 7 13
6 15 26
6 15 26
7 31 52
7 31 52
8 63 105
8 63 105
