12 648 1411
12 649 1411
14 2596 5647
14 2596 5648
14 2596 5649
14 2597 5647
14 2597 5648
14 2597 5649
14 2598 5647
14 2598 5648
15 5186 11298
15 5186 11299
15 5186 11300
15 5187 11295
15 5187 11296
15 5187 11297
15 5187 11298
15 5187 11299
15 5187 11300
15 5188 11295
15 5188 11296
15 5188 11297
15 5188 11298
15 5188 11299
15 5188 11300
15 5189 11294
15 5189 11295
15 5189 11296
15 5189 11297
15 5189 11300
15 5190 11293
15 5190 11294
15 5190 11295
15 5190 11296
15 5190 11300
15 5191 11292
15 5191 11293
15 5191 11294
15 5191 11295
15 5191 11296
15 5191 11300
15 5192 11292
15 5192 11293
15 5192 11294
15 5192 11295
15 5192 11300
15 5193 11292
15 5193 11293
15 5193 11294
15 5193 11295
15 5193 11296
15 5194 11291
15 5194 11292
15 5194 11293
15 5194 11294
15 5194 11295
15 5194 11296
15 5194 11297
15 5195 11291
15 5195 11292
15 5195 11293
15 5195 11294
15 5195 11295
15 5195 11296
15 5195 11297
15 5196 11291
15 5196 11292
15 5196 11293
15 5196 11294
15 5197 11292
15 5197 11293
15 5197 11294
15 5198 11292
15 5198 11293
15 5198 11294
15 5199 11292
15 5199 11293
15 5199 11294
