12 1178 1609
12 1178 1609
13 2357 3218
13 2357 3218
13 2357 3219
13 2357 3219
13 2358 3218
13 2358 3218
13 2358 3219
13 2358 3219
13 2359 3218
13 2359 3218
13 2359 3221
13 2359 3221
13 2360 3218
13 2360 3218
13 2360 3221
13 2360 3221
13 2361 3218
13 2361 3218
13 2361 3220
13 2361 3220
13 2361 3221
13 2361 3221
14 4715 6437
14 4722 6440
15 9430 12875
15 9445 12880
16 18860 25751
16 18891 25761
17 37721 51503
18 75442 103007
3 2 3
4 4 6
4 4 6
5 9 12
5 9 12
6 18 25
6 18 25
14 4715 6438
14 4715 6439
14 4715 6440
14 4720 6441
14 4718 6442
15 9430 12876
15 9430 12877
15 9430 12878
15 9430 12879
15 9430 12880
15 9430 12881
15 9430 12882
15 9430 12883
15 9430 12884
15 9430 12885
