10 295 399
11 590 798
12 1180 1596
12 1180 1596
12 1181 1596
12 1181 1596
12 1182 1596
12 1182 1596
12 1183 1596
12 1183 1596
13 2360 3187
13 2360 3187
13 2360 3188
13 2360 3188
13 2360 3189
13 2360 3189
13 2360 3190
13 2360 3190
13 2360 3191
13 2360 3191
13 2360 3192
13 2360 3192
13 2361 3192
13 2361 3192
13 2362 3192
13 2362 3192
13 2363 3192
13 2363 3192
13 2364 3192
13 2364 3192
13 2365 3192
13 2365 3192
13 2366 3192
13 2366 3192
14 4721 6375
14 4721 6376
14 4721 6377
14 4721 6378
14 4721 6379
14 4721 6380
14 4721 6381
14 4721 6382
14 4721 6383
14 4721 6384
15 9443 12750
15 9443 12751
15 9443 12752
15 9443 12753
15 9443 12754
15 9443 12755
15 9443 12756
15 9443 12757
15 9443 12758
15 9443 12759
15 9443 12760
15 9443 12761
15 9443 12762
15 9443 12763
15 9443 12764
15 9443 12765
15 9443 12766
15 9443 12767
15 9443 12768
16 18887 25500
16 18887 25501
16 18887 25502
16 18887 25503
16 18887 25504
16 18887 25505
16 18887 25506
16 18887 25507
16 18887 25508
16 18887 25509
16 18887 25510
16 18887 25511
16 18887 25512
16 18887 25513
16 18887 25514
16 18887 25515
16 18887 25516
16 18887 25517
16 18887 25518
16 18887 25519
16 18887 25520
16 18887 25521
16 18887 25522
16 18887 25523
16 18887 25524
16 18887 25525
16 18887 25526
16 18887 25527
16 18887 25528
16 18887 25529
16 18887 25530
16 18887 25531
16 18887 25532
16 18887 25533
16 18887 25534
16 18887 25535
16 18887 25536
16 18887 25537
17 37775 51001
18 75551 102003
3 2 3
4 4 6
4 4 6
5 9 12
5 9 12
6 18 24
6 18 24
7 36 49
7 36 49
8 73 99
8 73 99
