10 284 435
11 568 871
12 1136 1743
12 1136 1743
13 2270 3487
13 2270 3487
13 2270 3489
13 2270 3489
13 2272 3487
13 2272 3487
14 4540 6975
14 4540 6978
14 4540 6979
14 4541 6975
14 4541 6978
14 4541 6979
14 4543 6979
14 4544 6975
14 4545 6975
14 4545 6976
15 9080 13950
15 9080 13951
15 9080 13955
15 9080 13956
15 9080 13957
15 9080 13958
15 9081 13950
15 9081 13951
15 9081 13955
15 9081 13956
15 9081 13958
15 9082 13951
15 9082 13955
15 9082 13957
15 9082 13958
15 9083 13950
15 9083 13951
15 9083 13952
15 9083 13957
15 9083 13958
15 9084 13950
15 9084 13956
15 9085 13950
15 9085 13957
15 9086 13957
15 9087 13958
15 9088 13952
15 9089 13950
15 9089 13951
15 9089 13952
15 9090 13950
15 9090 13951
15 9090 13952
15 9090 13953
15 9091 13951
16 18160 27900
16 18160 27901
16 18160 27902
16 18160 27903
16 18160 27904
16 18160 27905
16 18160 27908
16 18160 27909
16 18160 27910
16 18160 27911
16 18160 27912
16 18160 27913
16 18160 27914
16 18160 27915
16 18160 27916
16 18161 27901
16 18161 27903
16 18161 27914
16 18162 27911
16 18162 27913
16 18162 27916
16 18163 27901
16 18163 27903
16 18163 27912
16 18164 27902
16 18164 27910
16 18164 27914
16 18164 27915
16 18165 27916
16 18166 27901
16 18166 27904
16 18166 27905
16 18167 27900
16 18167 27902
16 18167 27903
16 18167 27904
16 18167 27911
16 18167 27914
16 18167 27916
16 18168 27902
16 18168 27905
16 18168 27912
16 18169 27901
16 18169 27912
16 18170 27901
16 18170 27914
16 18173 27915
16 18175 27915
16 18175 27916
16 18176 27905
16 18176 27915
16 18177 27905
16 18178 27900
16 18178 27903
16 18178 27905
16 18178 27906
16 18179 27904
16 18180 27900
16 18180 27903
16 18180 27905
16 18180 27907
16 18181 27900
16 18181 27903
16 18181 27904
16 18182 27902
17 36320 55800
17 36320 55801
17 36320 55802
17 36320 55803
17 36320 55804
17 36320 55805
17 36320 55806
17 36320 55807
17 36320 55808
17 36320 55809
17 36320 55810
17 36320 55811
17 36320 55812
17 36320 55813
17 36320 55814
17 36320 55815
17 36320 55816
17 36320 55817
17 36320 55818
17 36320 55819
17 36320 55820
17 36320 55821
17 36320 55822
17 36320 55823
17 36320 55824
17 36320 55825
17 36320 55826
17 36320 55827
17 36320 55828
17 36320 55829
17 36320 55830
17 36320 55831
17 36320 55832
17 36320 55833
18 72640 111601
18 72640 111602
18 72640 111603
18 72640 111604
18 72640 111605
18 72640 111606
18 72640 111607
18 72640 111608
18 72640 111609
18 72640 111610
18 72640 111611
18 72640 111612
18 72640 111613
18 72640 111614
18 72640 111615
18 72640 111616
18 72640 111617
18 72640 111618
18 72640 111619
18 72640 111620
18 72640 111621
18 72640 111622
18 72640 111623
18 72640 111624
18 72640 111625
18 72640 111626
18 72640 111627
18 72640 111628
18 72640 111629
18 72640 111630
18 72640 111631
18 72640 111632
18 72640 111633
18 72640 111634
18 72640 111635
18 72640 111636
18 72640 111637
18 72640 111638
18 72640 111639
18 72640 111640
18 72640 111641
18 72640 111642
18 72640 111643
18 72640 111644
18 72640 111645
18 72640 111646
18 72640 111647
18 72640 111648
18 72640 111649
18 72640 111650
18 72640 111651
18 72640 111652
18 72640 111653
18 72640 111654
18 72640 111655
18 72640 111656
18 72640 111657
18 72640 111658
18 72640 111659
18 72640 111660
18 72640 111661
18 72640 111662
18 72640 111663
18 72640 111664
18 72640 111665
18 72640 111666
3 2 3
4 4 6
4 4 6
5 8 13
5 8 13
6 17 27
6 17 27
7 35 54
7 35 54
8 70 108
8 70 108
8 70 109
8 70 109
8 71 108
8 71 108
8 71 109
8 71 109
9 141 217
9 141 217
9 142 217
9 142 217
