12 1144 1649
12 1144 1649
12 1145 1649
12 1145 1649
12 1146 1649
12 1146 1649
12 1147 1649
12 1147 1649
12 1148 1649
12 1148 1649
13 2289 3298
13 2289 3298
13 2290 3298
13 2290 3298
13 2291 3298
13 2291 3298
13 2292 3298
13 2292 3298
13 2293 3298
13 2293 3298
13 2294 3298
13 2294 3298
13 2295 3298
13 2295 3298
13 2296 3298
13 2296 3298
14 4578 6578
14 4578 6579
14 4578 6580
14 4578 6581
14 4578 6582
14 4578 6583
14 4578 6584
14 4578 6585
14 4578 6586
14 4578 6587
14 4578 6588
14 4578 6589
14 4578 6590
14 4578 6591
14 4578 6592
14 4578 6593
14 4578 6594
14 4578 6595
14 4578 6596
15 9157 13156
15 9157 13157
15 9157 13158
15 9157 13159
15 9157 13160
15 9157 13161
15 9157 13162
15 9157 13163
15 9157 13164
15 9157 13165
15 9157 13166
15 9157 13167
15 9157 13168
15 9157 13169
15 9157 13170
15 9157 13171
15 9157 13172
15 9157 13173
15 9157 13174
15 9157 13175
15 9157 13176
15 9157 13177
15 9157 13178
15 9157 13179
15 9157 13180
15 9157 13181
15 9157 13182
15 9157 13183
15 9157 13184
15 9157 13185
15 9157 13186
15 9157 13187
15 9157 13188
15 9157 13189
15 9157 13190
15 9157 13191
15 9157 13192
16 18314 26312
16 18314 26313
16 18314 26314
16 18314 26315
16 18314 26316
16 18314 26317
16 18314 26318
16 18314 26319
16 18314 26320
16 18314 26321
16 18314 26322
16 18314 26323
16 18314 26324
16 18314 26325
16 18314 26326
16 18314 26327
16 18314 26328
16 18314 26329
16 18314 26330
16 18314 26331
16 18314 26332
16 18314 26333
16 18314 26334
16 18314 26335
16 18314 26336
16 18314 26337
16 18314 26338
16 18314 26339
16 18314 26340
16 18314 26341
16 18314 26342
16 18314 26343
16 18314 26344
16 18314 26345
16 18314 26346
16 18314 26347
16 18314 26348
16 18314 26349
16 18314 26350
16 18314 26351
16 18314 26352
16 18314 26353
16 18314 26354
16 18314 26355
16 18314 26356
16 18314 26357
16 18314 26358
16 18314 26359
16 18314 26360
16 18314 26361
16 18314 26362
16 18314 26363
16 18314 26364
16 18314 26365
16 18314 26366
16 18314 26367
16 18314 26368
16 18314 26369
16 18314 26370
16 18314 26371
16 18314 26372
16 18314 26373
16 18314 26374
16 18314 26375
16 18314 26376
16 18314 26377
16 18314 26378
16 18314 26379
16 18314 26380
16 18314 26381
16 18314 26382
16 18314 26383
16 18314 26384
17 36628 52625
18 73257 105250
3 2 3
4 4 6
4 4 6
5 8 12
5 8 12
6 17 25
6 17 25
7 35 51
7 35 51
