10 298 389
10 301 388
10 302 388
10 302 389
10 302 390
11 597 778
11 598 779
11 604 778
11 604 779
11 604 780
12 1195 1557
12 1195 1557
12 1195 1558
12 1195 1558
12 1195 1559
12 1195 1559
12 1195 1560
12 1195 1560
12 1195 1561
12 1195 1561
12 1195 1562
12 1195 1562
12 1195 1563
12 1195 1563
12 1195 1564
12 1195 1564
12 1195 1565
12 1195 1565
12 1195 1566
12 1195 1566
12 1196 1557
12 1196 1557
12 1196 1558
12 1196 1558
12 1196 1559
12 1196 1559
12 1197 1557
12 1197 1557
12 1197 1558
12 1197 1558
12 1197 1559
12 1197 1559
12 1207 1557
12 1207 1558
12 1207 1559
12 1207 1560
12 1208 1557
12 1208 1558
12 1208 1559
12 1208 1560
13 2391 3114
13 2391 3114
13 2391 3115
13 2391 3115
13 2391 3116
13 2391 3116
13 2391 3117
13 2391 3117
13 2391 3118
13 2391 3118
13 2391 3119
13 2391 3119
13 2391 3120
13 2391 3120
13 2391 3121
13 2391 3121
13 2391 3122
13 2391 3122
13 2391 3123
13 2391 3123
13 2391 3124
13 2391 3124
13 2391 3125
13 2391 3125
13 2391 3126
13 2391 3126
13 2391 3127
13 2391 3127
13 2391 3128
13 2391 3128
13 2391 3129
13 2391 3129
13 2391 3130
13 2391 3130
13 2391 3131
13 2391 3131
13 2391 3132
13 2391 3132
13 2391 3133
13 2391 3133
13 2392 3114
13 2392 3114
13 2392 3115
13 2392 3115
13 2392 3116
13 2392 3116
13 2392 3117
13 2392 3117
13 2392 3118
13 2392 3118
13 2392 3119
13 2392 3119
13 2392 3120
13 2392 3120
13 2392 3133
13 2392 3133
13 2393 3114
13 2393 3114
13 2393 3115
13 2393 3115
13 2393 3116
13 2393 3116
13 2393 3117
13 2393 3117
13 2393 3118
13 2393 3118
13 2393 3119
13 2393 3119
13 2393 3120
13 2393 3120
13 2393 3133
13 2393 3133
13 2394 3114
13 2394 3114
13 2394 3115
13 2394 3115
13 2394 3116
13 2394 3116
13 2394 3117
13 2394 3117
13 2394 3118
13 2394 3118
13 2394 3119
13 2394 3119
13 2394 3120
13 2394 3120
13 2394 3133
13 2394 3133
13 2395 3114
13 2395 3114
13 2395 3115
13 2395 3115
13 2395 3116
13 2395 3116
13 2395 3117
13 2395 3117
13 2395 3118
13 2395 3118
13 2395 3119
13 2395 3119
13 2395 3120
13 2395 3120
13 2395 3133
13 2395 3133
13 2396 3114
13 2396 3114
13 2396 3115
13 2396 3115
13 2396 3116
13 2396 3116
13 2396 3117
13 2396 3117
13 2396 3118
13 2396 3118
13 2396 3119
13 2396 3119
13 2396 3133
13 2396 3133
13 2397 3114
13 2397 3114
13 2397 3133
13 2397 3133
13 2398 3114
13 2398 3114
13 2398 3133
13 2398 3133
13 2399 3114
13 2399 3114
13 2399 3133
13 2399 3133
13 2400 3114
13 2400 3114
13 2400 3133
13 2400 3133
13 2401 3114
13 2401 3114
13 2401 3133
13 2401 3133
13 2402 3114
13 2402 3114
13 2402 3133
13 2402 3133
13 2403 3114
13 2403 3114
13 2403 3133
13 2403 3133
13 2404 3114
13 2404 3114
13 2404 3133
13 2404 3133
13 2405 3114
13 2405 3114
13 2405 3133
13 2405 3133
13 2406 3114
13 2406 3114
13 2406 3133
13 2406 3133
13 2407 3114
13 2407 3114
13 2407 3133
13 2407 3133
13 2408 3114
13 2408 3114
13 2408 3133
13 2408 3133
13 2409 3114
13 2409 3114
13 2409 3133
13 2409 3133
13 2410 3114
13 2410 3114
13 2410 3133
13 2410 3133
13 2411 3114
13 2411 3114
13 2411 3133
13 2411 3133
13 2412 3114
13 2412 3114
13 2412 3133
13 2412 3133
13 2413 3114
13 2413 3114
13 2413 3133
13 2413 3133
14 2621 5727
14 2622 5725
14 2622 5726
14 2622 5727
14 4783 6229
14 4783 6230
14 4783 6231
14 4783 6232
14 4783 6233
14 4783 6234
14 4783 6235
14 4783 6236
14 4783 6237
14 4783 6238
14 4783 6239
14 4783 6240
14 4783 6241
14 4783 6242
14 4783 6243
14 4783 6244
14 4783 6245
14 4783 6246
14 4783 6247
14 4783 6248
14 4783 6249
14 4783 6250
14 4783 6251
14 4783 6252
14 4783 6253
14 4783 6254
14 4783 6255
14 4783 6256
14 4783 6257
14 4783 6258
14 4783 6259
14 4783 6260
14 4783 6261
14 4783 6262
14 4783 6263
14 4783 6264
14 4783 6265
14 4783 6266
14 4790 6238
15 9567 12459
15 9567 12460
15 9567 12461
15 9567 12462
15 9567 12463
15 9567 12464
15 9567 12465
15 9567 12466
15 9567 12467
15 9567 12468
15 9567 12469
15 9567 12470
15 9567 12471
15 9567 12472
15 9567 12473
15 9567 12474
15 9567 12475
15 9567 12476
15 9567 12477
15 9567 12478
15 9567 12479
15 9567 12480
15 9567 12481
15 9567 12482
15 9567 12483
15 9567 12484
15 9567 12485
15 9567 12486
15 9567 12487
15 9567 12488
15 9567 12489
15 9567 12490
15 9567 12491
15 9567 12492
15 9567 12493
15 9567 12494
15 9567 12495
15 9567 12496
15 9567 12497
15 9567 12498
15 9567 12499
15 9567 12500
15 9567 12501
15 9567 12502
15 9567 12503
15 9567 12504
15 9567 12505
15 9567 12506
15 9567 12507
15 9567 12508
15 9567 12509
15 9567 12510
15 9567 12511
15 9567 12512
15 9567 12513
15 9567 12514
15 9567 12515
15 9567 12516
15 9567 12517
15 9567 12518
15 9567 12519
15 9567 12520
15 9567 12521
15 9567 12522
15 9567 12523
15 9567 12524
15 9567 12525
15 9567 12526
15 9567 12527
15 9567 12528
15 9567 12529
15 9567 12530
15 9567 12531
15 9567 12532
15 9575 12508
15 9579 12512
15 9580 12476
15 9600 12472
16 19134 24918
16 19134 24919
16 19134 24920
16 19134 24921
16 19134 24922
16 19134 24923
16 19134 24924
16 19134 24925
16 19134 24926
16 19134 24927
16 19134 24928
16 19134 24929
16 19134 24930
16 19134 24931
16 19134 24932
16 19134 24933
16 19134 24934
16 19134 24935
16 19134 24936
16 19134 24937
16 19134 24938
16 19134 24939
16 19134 24940
16 19134 24941
16 19134 24942
16 19134 24943
16 19134 24944
16 19134 24945
16 19134 24946
16 19134 24947
16 19134 24948
16 19134 24949
16 19134 24950
16 19134 24951
16 19134 24952
16 19134 24953
16 19134 24954
16 19134 24955
16 19134 24956
16 19134 24957
16 19134 24958
16 19134 24959
16 19134 24960
16 19134 24961
16 19134 24962
16 19134 24963
16 19134 24964
16 19134 24965
16 19134 24966
16 19134 24967
16 19134 24968
16 19134 24969
16 19134 24970
16 19134 24971
16 19134 24972
16 19134 24973
16 19134 24974
16 19134 24975
16 19134 24976
16 19134 24977
16 19134 24978
16 19134 24979
16 19134 24980
16 19134 24981
16 19134 24982
16 19134 24983
16 19134 24984
16 19134 24985
16 19134 24986
16 19134 24987
16 19134 24988
16 19134 24989
16 19134 24990
16 19134 24991
16 19134 24992
16 19134 24993
16 19134 24994
16 19134 24995
16 19134 24996
16 19134 24997
16 19134 24998
16 19134 24999
16 19134 25000
16 19134 25001
16 19134 25002
16 19134 25003
16 19134 25004
16 19134 25005
16 19134 25006
16 19134 25007
16 19134 25008
16 19134 25009
16 19134 25010
16 19134 25011
16 19134 25012
16 19134 25013
16 19134 25014
16 19134 25015
16 19134 25016
16 19134 25017
16 19134 25018
16 19134 25019
16 19134 25020
16 19134 25021
16 19134 25022
16 19134 25023
16 19134 25024
16 19134 25025
16 19134 25026
16 19134 25027
16 19134 25028
16 19134 25029
16 19134 25030
16 19134 25031
16 19134 25032
16 19134 25033
16 19134 25034
16 19134 25035
16 19134 25036
16 19134 25037
16 19134 25038
16 19134 25039
16 19134 25040
16 19134 25041
16 19134 25042
16 19134 25043
16 19134 25044
16 19134 25045
16 19134 25046
16 19134 25047
16 19134 25048
16 19134 25049
16 19134 25050
16 19134 25051
16 19134 25052
16 19134 25053
16 19134 25054
16 19134 25055
16 19134 25056
16 19134 25057
16 19134 25058
16 19134 25059
16 19134 25060
16 19134 25061
16 19134 25062
16 19134 25063
16 19134 25064
16 19151 25017
16 19159 25024
16 19160 24953
16 19201 24945
17 38269 49837
17 38269 49838
17 38269 49839
17 38269 49840
17 38269 49841
17 38269 49842
17 38269 49843
17 38269 49844
17 38269 49845
17 38269 49846
17 38269 49847
17 38269 49848
17 38269 49849
17 38269 49850
17 38269 49851
17 38269 49852
17 38269 49853
17 38269 49854
17 38269 49855
17 38269 49856
17 38269 49857
17 38269 49858
17 38269 49859
17 38269 49860
17 38269 49861
17 38269 49862
17 38269 49863
17 38269 49864
17 38269 49865
17 38269 49866
17 38269 49867
17 38269 49868
17 38269 49869
17 38269 49870
17 38269 49871
17 38269 49872
17 38269 49873
17 38269 49874
17 38269 49875
17 38269 49876
17 38269 49877
17 38269 49878
17 38269 49879
17 38269 49880
17 38269 49881
17 38269 49882
17 38269 49883
17 38269 49884
17 38269 49885
17 38269 49886
17 38269 49887
17 38269 49888
17 38269 49889
17 38269 49890
17 38269 49891
17 38269 49892
17 38269 49893
17 38269 49894
17 38269 49895
17 38269 49896
17 38269 49897
17 38269 49898
17 38269 49899
17 38269 49900
17 38269 49901
17 38269 49902
17 38269 49903
17 38269 49904
17 38269 49905
17 38269 49906
17 38269 49907
17 38269 49908
17 38269 49909
17 38269 49910
17 38269 49911
17 38269 49912
17 38269 49913
17 38269 49914
17 38269 49915
17 38269 49916
17 38269 49917
17 38269 49918
17 38269 49919
17 38269 49920
17 38269 49921
17 38269 49922
17 38269 49923
17 38269 49924
17 38269 49925
17 38269 49926
17 38269 49927
17 38269 49928
17 38269 49929
17 38269 49930
17 38269 49931
17 38269 49932
17 38269 49933
17 38269 49934
17 38269 49935
17 38269 49936
17 38269 49937
17 38269 49938
17 38269 49939
17 38269 49940
17 38269 49941
17 38269 49942
17 38269 49943
17 38269 49944
17 38269 49945
17 38269 49946
17 38269 49947
17 38269 49948
17 38269 49949
17 38269 49950
17 38269 49951
17 38269 49952
17 38269 49953
17 38269 49954
17 38269 49955
17 38269 49956
17 38269 49957
17 38269 49958
17 38269 49959
17 38269 49960
17 38269 49961
17 38269 49962
17 38269 49963
17 38269 49964
17 38269 49965
17 38269 49966
17 38269 49967
17 38269 49968
17 38269 49969
17 38269 49970
17 38269 49971
17 38269 49972
17 38269 49973
17 38269 49974
17 38269 49975
17 38269 49976
17 38269 49977
17 38269 49978
17 38269 49979
17 38269 49980
17 38269 49981
17 38269 49982
17 38269 49983
17 38269 49984
17 38269 49985
17 38269 49986
17 38269 49987
17 38269 49988
17 38269 49989
17 38269 49990
17 38269 49991
17 38269 49992
17 38269 49993
17 38269 49994
17 38269 49995
17 38269 49996
17 38269 49997
17 38269 49998
17 38269 49999
17 38269 50000
17 38269 50001
17 38269 50002
17 38269 50003
17 38269 50004
17 38269 50005
17 38269 50006
17 38269 50007
17 38269 50008
17 38269 50009
17 38269 50010
17 38269 50011
17 38269 50012
17 38269 50013
17 38269 50014
17 38269 50015
17 38269 50016
17 38269 50017
17 38269 50018
17 38269 50019
17 38269 50020
17 38269 50021
17 38269 50022
17 38269 50023
17 38269 50024
17 38269 50025
17 38269 50026
17 38269 50027
17 38269 50028
17 38269 50029
17 38269 50030
17 38269 50031
17 38269 50032
17 38269 50033
17 38269 50034
17 38269 50035
17 38269 50036
17 38269 50037
17 38269 50038
17 38269 50039
17 38269 50040
17 38269 50041
17 38269 50042
17 38269 50043
17 38269 50044
17 38269 50045
17 38269 50046
17 38269 50047
17 38269 50048
17 38269 50049
17 38269 50050
17 38269 50051
17 38269 50052
17 38269 50053
17 38269 50054
17 38269 50055
17 38269 50056
17 38269 50057
17 38269 50058
17 38269 50059
17 38269 50060
17 38269 50061
17 38269 50062
17 38269 50063
17 38269 50064
17 38269 50065
17 38269 50066
17 38269 50067
17 38269 50068
17 38269 50069
17 38269 50070
17 38269 50071
17 38269 50072
17 38269 50073
17 38269 50074
17 38269 50075
17 38269 50076
17 38269 50077
17 38269 50078
17 38269 50079
17 38269 50080
17 38269 50081
17 38269 50082
17 38269 50083
17 38269 50084
17 38269 50085
17 38269 50086
17 38269 50087
17 38269 50088
17 38269 50089
17 38269 50090
17 38269 50091
17 38269 50092
17 38269 50093
17 38269 50094
17 38269 50095
17 38269 50096
17 38269 50097
17 38269 50098
17 38269 50099
17 38269 50100
17 38269 50101
17 38269 50102
17 38269 50103
17 38269 50104
17 38269 50105
17 38269 50106
17 38269 50107
17 38269 50108
17 38269 50109
17 38269 50110
17 38269 50111
17 38269 50112
17 38269 50113
17 38269 50114
17 38269 50115
17 38269 50116
17 38269 50117
17 38269 50118
17 38269 50119
17 38269 50120
17 38269 50121
17 38269 50122
17 38269 50123
17 38269 50124
17 38269 50125
17 38269 50126
17 38269 50127
17 38269 50128
17 38269 50129
17 38302 50034
17 38320 49907
17 38403 49890
18 76538 100000
18 76538 100001
18 76538 100002
18 76538 100003
18 76538 100004
18 76538 100005
18 76538 100006
18 76538 100007
18 76538 100008
18 76538 100009
18 76538 100010
18 76538 100011
18 76538 100012
18 76538 100013
18 76538 100014
18 76538 100015
18 76538 100016
18 76538 100017
18 76538 100018
18 76538 100019
18 76538 100020
18 76538 100021
18 76538 100022
18 76538 100023
18 76538 100024
18 76538 100025
18 76538 100026
18 76538 100027
18 76538 100028
18 76538 100029
18 76538 100030
18 76538 100031
18 76538 100032
18 76538 100033
18 76538 100034
18 76538 100035
18 76538 100036
18 76538 100037
18 76538 100038
18 76538 100039
18 76538 100040
18 76538 100041
18 76538 100042
18 76538 100043
18 76538 100044
18 76538 100045
18 76538 100046
18 76538 100047
18 76538 100048
18 76538 100049
18 76538 100050
18 76538 100051
18 76538 100052
18 76538 100053
18 76538 100054
18 76538 100055
18 76538 100056
18 76538 100057
18 76538 100058
18 76538 100059
18 76538 100060
18 76538 100061
18 76538 100062
18 76538 100063
18 76538 100064
18 76538 100065
18 76538 100066
18 76538 100067
18 76538 100068
18 76538 100069
18 76538 100070
18 76538 100071
18 76538 100072
18 76538 100073
18 76538 100074
18 76538 100075
18 76538 100076
18 76538 100077
18 76538 100078
18 76538 100079
18 76538 100080
18 76538 100081
18 76538 100082
18 76538 100083
18 76538 100084
18 76538 100085
18 76538 100086
18 76538 100087
18 76538 100088
18 76538 100089
18 76538 100090
18 76538 100091
18 76538 100092
18 76538 100093
18 76538 100094
18 76538 100095
18 76538 100096
18 76538 100097
18 76538 100098
18 76538 100099
18 76538 100100
18 76538 100101
18 76538 100102
18 76538 100103
18 76538 100104
18 76538 100105
18 76538 100106
18 76538 100107
18 76538 100108
18 76538 100109
18 76538 100110
18 76538 100111
18 76538 100112
18 76538 100113
18 76538 100114
18 76538 100115
18 76538 100116
18 76538 100117
18 76538 100118
18 76538 100119
18 76538 100120
18 76538 100121
18 76538 100122
18 76538 100123
18 76538 100124
18 76538 100125
18 76538 100126
18 76538 100127
18 76538 100128
18 76538 100129
18 76538 100130
18 76538 100131
18 76538 100132
18 76538 100133
18 76538 100134
18 76538 100135
18 76538 100136
18 76538 100137
18 76538 100138
18 76538 100139
18 76538 100140
18 76538 100141
18 76538 100142
18 76538 100143
18 76538 100144
18 76538 100145
18 76538 100146
18 76538 100147
18 76538 100148
18 76538 100149
18 76538 100150
18 76538 100151
18 76538 100152
18 76538 100153
18 76538 100154
18 76538 100155
18 76538 100156
18 76538 100157
18 76538 100158
18 76538 100159
18 76538 100160
18 76538 100161
18 76538 100162
18 76538 100163
18 76538 100164
18 76538 100165
18 76538 100166
18 76538 100167
18 76538 100168
18 76538 100169
18 76538 100170
18 76538 100171
18 76538 100172
18 76538 100173
18 76538 100174
18 76538 100175
18 76538 100176
18 76538 100177
18 76538 100178
18 76538 100179
18 76538 100180
18 76538 100181
18 76538 100182
18 76538 100183
18 76538 100184
18 76538 100185
18 76538 100186
18 76538 100187
18 76538 100188
18 76538 100189
18 76538 100190
18 76538 100191
18 76538 100192
18 76538 100193
18 76538 100194
18 76538 100195
18 76538 100196
18 76538 100197
18 76538 100198
18 76538 100199
18 76538 100200
18 76538 100201
18 76538 100202
18 76538 100203
18 76538 100204
18 76538 100205
18 76538 100206
18 76538 100207
18 76538 100208
18 76538 100209
18 76538 100210
18 76538 100211
18 76538 100212
18 76538 100213
18 76538 100214
18 76538 100215
18 76538 100216
18 76538 100217
18 76538 100218
18 76538 100219
18 76538 100220
18 76538 100221
18 76538 100222
18 76538 100223
18 76538 100224
18 76538 100225
18 76538 100226
18 76538 100227
18 76538 100228
18 76538 100229
18 76538 100230
18 76538 100231
18 76538 100232
18 76538 100233
18 76538 100234
18 76538 100235
18 76538 100236
18 76538 100237
18 76538 100238
18 76538 100239
18 76538 100240
18 76538 100241
18 76538 100242
18 76538 100243
18 76538 100244
18 76538 100245
18 76538 100246
18 76538 100247
18 76538 100248
18 76538 100249
18 76538 100250
18 76538 100251
18 76538 100252
18 76538 100253
18 76538 100254
18 76538 100255
18 76538 100256
18 76538 100257
18 76538 100258
18 76538 99674
18 76538 99675
18 76538 99676
18 76538 99677
18 76538 99678
18 76538 99679
18 76538 99680
18 76538 99681
18 76538 99682
18 76538 99683
18 76538 99684
18 76538 99685
18 76538 99686
18 76538 99687
18 76538 99688
18 76538 99689
18 76538 99690
18 76538 99691
18 76538 99692
18 76538 99693
18 76538 99694
18 76538 99695
18 76538 99696
18 76538 99697
18 76538 99698
18 76538 99699
18 76538 99700
18 76538 99701
18 76538 99702
18 76538 99703
18 76538 99704
18 76538 99705
18 76538 99706
18 76538 99707
18 76538 99708
18 76538 99709
18 76538 99710
18 76538 99711
18 76538 99712
18 76538 99713
18 76538 99714
18 76538 99715
18 76538 99716
18 76538 99717
18 76538 99718
18 76538 99719
18 76538 99720
18 76538 99721
18 76538 99722
18 76538 99723
18 76538 99724
18 76538 99725
18 76538 99726
18 76538 99727
18 76538 99728
18 76538 99729
18 76538 99730
18 76538 99731
18 76538 99732
18 76538 99733
18 76538 99734
18 76538 99735
18 76538 99736
18 76538 99737
18 76538 99738
18 76538 99739
18 76538 99740
18 76538 99741
18 76538 99742
18 76538 99743
18 76538 99744
18 76538 99745
18 76538 99746
18 76538 99747
18 76538 99748
18 76538 99749
18 76538 99750
18 76538 99751
18 76538 99752
18 76538 99753
18 76538 99754
18 76538 99755
18 76538 99756
18 76538 99757
18 76538 99758
18 76538 99759
18 76538 99760
18 76538 99761
18 76538 99762
18 76538 99763
18 76538 99764
18 76538 99765
18 76538 99766
18 76538 99767
18 76538 99768
18 76538 99769
18 76538 99770
18 76538 99771
18 76538 99772
18 76538 99773
18 76538 99774
18 76538 99775
18 76538 99776
18 76538 99777
18 76538 99778
18 76538 99779
18 76538 99780
18 76538 99781
18 76538 99782
18 76538 99783
18 76538 99784
18 76538 99785
18 76538 99786
18 76538 99787
18 76538 99788
18 76538 99789
18 76538 99790
18 76538 99791
18 76538 99792
18 76538 99793
18 76538 99794
18 76538 99795
18 76538 99796
18 76538 99797
18 76538 99798
18 76538 99799
18 76538 99800
18 76538 99801
18 76538 99802
18 76538 99803
18 76538 99804
18 76538 99805
18 76538 99806
18 76538 99807
18 76538 99808
18 76538 99809
18 76538 99810
18 76538 99811
18 76538 99812
18 76538 99813
18 76538 99814
18 76538 99815
18 76538 99816
18 76538 99817
18 76538 99818
18 76538 99819
18 76538 99820
18 76538 99821
18 76538 99822
18 76538 99823
18 76538 99824
18 76538 99825
18 76538 99826
18 76538 99827
18 76538 99828
18 76538 99829
18 76538 99830
18 76538 99831
18 76538 99832
18 76538 99833
18 76538 99834
18 76538 99835
18 76538 99836
18 76538 99837
18 76538 99838
18 76538 99839
18 76538 99840
18 76538 99841
18 76538 99842
18 76538 99843
18 76538 99844
18 76538 99845
18 76538 99846
18 76538 99847
18 76538 99848
18 76538 99849
18 76538 99850
18 76538 99851
18 76538 99852
18 76538 99853
18 76538 99854
18 76538 99855
18 76538 99856
18 76538 99857
18 76538 99858
18 76538 99859
18 76538 99860
18 76538 99861
18 76538 99862
18 76538 99863
18 76538 99864
18 76538 99865
18 76538 99866
18 76538 99867
18 76538 99868
18 76538 99869
18 76538 99870
18 76538 99871
18 76538 99872
18 76538 99873
18 76538 99874
18 76538 99875
18 76538 99876
18 76538 99877
18 76538 99878
18 76538 99879
18 76538 99880
18 76538 99881
18 76538 99882
18 76538 99883
18 76538 99884
18 76538 99885
18 76538 99886
18 76538 99887
18 76538 99888
18 76538 99889
18 76538 99890
18 76538 99891
18 76538 99892
18 76538 99893
18 76538 99894
18 76538 99895
18 76538 99896
18 76538 99897
18 76538 99898
18 76538 99899
18 76538 99900
18 76538 99901
18 76538 99902
18 76538 99903
18 76538 99904
18 76538 99905
18 76538 99906
18 76538 99907
18 76538 99908
18 76538 99909
18 76538 99910
18 76538 99911
18 76538 99912
18 76538 99913
18 76538 99914
18 76538 99915
18 76538 99916
18 76538 99917
18 76538 99918
18 76538 99919
18 76538 99920
18 76538 99921
18 76538 99922
18 76538 99923
18 76538 99924
18 76538 99925
18 76538 99926
18 76538 99927
18 76538 99928
18 76538 99929
18 76538 99930
18 76538 99931
18 76538 99932
18 76538 99933
18 76538 99934
18 76538 99935
18 76538 99936
18 76538 99937
18 76538 99938
18 76538 99939
18 76538 99940
18 76538 99941
18 76538 99942
18 76538 99943
18 76538 99944
18 76538 99945
18 76538 99946
18 76538 99947
18 76538 99948
18 76538 99949
18 76538 99950
18 76538 99951
18 76538 99952
18 76538 99953
18 76538 99954
18 76538 99955
18 76538 99956
18 76538 99957
18 76538 99958
18 76538 99959
18 76538 99960
18 76538 99961
18 76538 99962
18 76538 99963
18 76538 99964
18 76538 99965
18 76538 99966
18 76538 99967
18 76538 99968
18 76538 99969
18 76538 99970
18 76538 99971
18 76538 99972
18 76538 99973
18 76538 99974
18 76538 99975
18 76538 99976
18 76538 99977
18 76538 99978
18 76538 99979
18 76538 99980
18 76538 99981
18 76538 99982
18 76538 99983
18 76538 99984
18 76538 99985
18 76538 99986
18 76538 99987
18 76538 99988
18 76538 99989
18 76538 99990
18 76538 99991
18 76538 99992
18 76538 99993
18 76538 99994
18 76538 99995
18 76538 99996
18 76538 99997
18 76538 99998
18 76538 99999
18 76604 100068
18 76640 99814
18 76806 99781
3 2 3
4 4 6
4 4 6
5 9 12
5 9 12
6 18 24
6 18 24
