12 1186 1554
12 1186 1554
12 1186 1555
12 1186 1555
12 1186 1556
12 1186 1556
12 1186 1557
12 1186 1557
12 1186 1558
12 1186 1558
12 1186 1559
12 1186 1559
12 1186 1560
12 1186 1560
13 2373 3108
13 2373 3108
13 2373 3109
13 2373 3109
13 2373 3110
13 2373 3110
13 2373 3111
13 2373 3111
13 2373 3112
13 2373 3112
13 2373 3113
13 2373 3113
13 2373 3114
13 2373 3114
13 2373 3115
13 2373 3115
13 2373 3116
13 2373 3116
13 2373 3117
13 2373 3117
13 2373 3118
13 2373 3118
13 2373 3119
13 2373 3119
13 2373 3120
13 2373 3120
14 4747 6216
14 4747 6217
14 4747 6218
14 4747 6219
14 4747 6220
14 4747 6221
14 4747 6222
14 4747 6223
14 4747 6224
14 4747 6225
14 4747 6226
14 4747 6227
14 4747 6228
14 4747 6229
14 4747 6230
14 4747 6231
14 4747 6232
14 4747 6233
14 4747 6234
14 4747 6235
14 4747 6236
14 4747 6237
14 4747 6238
14 4747 6239
14 4747 6240
14 4747 6241
15 9495 12433
15 9495 12434
15 9495 12435
15 9495 12436
15 9495 12437
15 9495 12438
15 9495 12439
15 9495 12440
15 9495 12441
15 9495 12442
15 9495 12443
15 9495 12444
15 9495 12445
15 9495 12446
15 9495 12447
15 9495 12448
15 9495 12449
15 9495 12450
15 9495 12451
15 9495 12452
15 9495 12453
15 9495 12454
15 9495 12455
15 9495 12456
15 9495 12457
15 9495 12458
15 9495 12459
15 9495 12460
15 9495 12461
15 9495 12462
15 9495 12463
15 9495 12464
15 9495 12465
15 9495 12466
15 9495 12467
15 9495 12468
15 9495 12469
15 9495 12470
15 9495 12471
15 9495 12472
15 9495 12473
15 9495 12474
15 9495 12475
15 9495 12476
15 9495 12477
15 9495 12478
15 9495 12479
15 9495 12480
15 9495 12481
15 9495 12482
15 9495 12483
15 9502 12483
15 9506 12483
15 9511 12483
15 9512 12483
16 18991 24867
16 18991 24868
16 18991 24869
16 18991 24870
16 18991 24871
16 18991 24872
16 18991 24873
16 18991 24874
16 18991 24875
16 18991 24876
16 18991 24877
16 18991 24878
16 18991 24879
16 18991 24880
16 18991 24881
16 18991 24882
16 18991 24883
16 18991 24884
16 18991 24885
16 18991 24886
16 18991 24887
16 18991 24888
16 18991 24889
16 18991 24890
16 18991 24891
16 18991 24892
16 18991 24893
16 18991 24894
16 18991 24895
16 18991 24896
16 18991 24897
16 18991 24898
16 18991 24899
16 18991 24900
16 18991 24901
16 18991 24902
16 18991 24903
16 18991 24904
16 18991 24905
16 18991 24906
16 18991 24907
16 18991 24908
16 18991 24909
16 18991 24910
16 18991 24911
16 18991 24912
16 18991 24913
16 18991 24914
16 18991 24915
16 18991 24916
16 18991 24917
16 18991 24918
16 18991 24919
16 18991 24920
16 18991 24921
16 18991 24922
16 18991 24923
16 18991 24924
16 18991 24925
16 18991 24926
16 18991 24927
16 18991 24928
16 18991 24929
16 18991 24930
16 18991 24931
16 18991 24932
16 18991 24933
16 18991 24934
16 18991 24935
16 18991 24936
16 18991 24937
16 18991 24938
16 18991 24939
16 18991 24940
16 18991 24941
16 18991 24942
16 18991 24943
16 18991 24944
16 18991 24945
16 18991 24946
16 18991 24947
16 18991 24948
16 18991 24949
16 18991 24950
16 18991 24951
16 18991 24952
16 18991 24953
16 18991 24954
16 18991 24955
16 18991 24956
16 18991 24957
16 18991 24958
16 18991 24959
16 18991 24960
16 18991 24961
16 18991 24962
16 18991 24963
16 18991 24964
16 18991 24965
16 18991 24966
16 18991 24967
16 18992 24878
16 18992 24891
16 18992 24892
16 18992 24893
16 18992 24894
16 18992 24898
16 18992 24899
16 18992 24932
16 18992 24939
16 18992 24961
16 18993 24874
16 18993 24875
16 18993 24876
16 18993 24877
16 18993 24880
16 18993 24889
16 18993 24900
16 18993 24902
16 18993 24903
16 18993 24932
16 18993 24948
16 18993 24957
16 18993 24959
16 18994 24873
16 18994 24874
16 18994 24875
16 18994 24877
16 18994 24878
16 18994 24882
16 18994 24888
16 18994 24889
16 18994 24893
16 18994 24895
16 18994 24896
16 18994 24898
16 18994 24900
16 18994 24902
16 18994 24908
16 18994 24910
16 18994 24939
16 18994 24940
16 18994 24948
16 18994 24959
16 18995 24873
16 18995 24874
16 18995 24875
16 18995 24876
16 18995 24878
16 18995 24879
16 18995 24899
16 18995 24903
16 18995 24904
16 18995 24944
16 18995 24945
16 18995 24958
16 18996 24870
16 18996 24877
16 18996 24878
16 18996 24890
16 18996 24915
16 18996 24917
16 18996 24920
16 18996 24923
16 18996 24928
16 18996 24930
16 18997 24871
16 18997 24872
16 18997 24873
16 18997 24877
16 18997 24879
16 18997 24890
16 18997 24891
16 18997 24892
16 18997 24894
16 18997 24895
16 18997 24900
16 18997 24929
16 18997 24943
16 18997 24953
16 18997 24956
16 18997 24958
16 18997 24962
16 18998 24870
16 18998 24871
16 18998 24872
16 18998 24873
16 18998 24874
16 18998 24875
16 18998 24876
16 18998 24877
16 18998 24878
16 18998 24880
16 18998 24885
16 18998 24888
16 18998 24895
16 18998 24913
16 18998 24929
16 18998 24955
16 18998 24965
16 18999 24871
16 18999 24872
16 18999 24873
16 18999 24877
16 18999 24879
16 18999 24887
16 18999 24889
16 18999 24891
16 18999 24907
16 18999 24927
16 19000 24871
16 19000 24872
16 19000 24885
16 19000 24890
16 19000 24917
16 19000 24936
16 19000 24941
16 19000 24949
16 19001 24870
16 19001 24871
16 19001 24872
16 19001 24874
16 19001 24877
16 19001 24878
16 19001 24879
16 19001 24882
16 19001 24883
16 19001 24884
16 19001 24886
16 19001 24893
16 19001 24895
16 19001 24914
16 19001 24916
16 19001 24928
16 19001 24932
16 19001 24953
16 19002 24870
16 19002 24872
16 19002 24873
16 19002 24874
16 19002 24876
16 19002 24890
16 19002 24891
16 19002 24894
16 19002 24898
16 19002 24900
16 19002 24904
16 19002 24916
16 19002 24934
16 19002 24937
16 19003 24871
16 19003 24872
16 19003 24874
16 19003 24875
16 19003 24877
16 19003 24878
16 19003 24879
16 19003 24891
16 19003 24892
16 19003 24896
16 19003 24902
16 19003 24941
16 19004 24872
16 19004 24875
16 19004 24876
16 19004 24877
16 19004 24878
16 19004 24886
16 19004 24889
16 19004 24895
16 19004 24896
16 19004 24907
16 19004 24919
16 19004 24924
16 19004 24931
16 19004 24962
16 19004 24966
16 19005 24868
16 19005 24869
16 19005 24872
16 19005 24881
16 19005 24911
16 19005 24916
16 19005 24941
16 19005 24945
16 19005 24947
16 19005 24951
16 19006 24874
16 19006 24875
16 19006 24876
16 19006 24877
16 19006 24879
16 19006 24880
16 19006 24882
16 19006 24883
16 19006 24884
16 19006 24895
16 19006 24901
16 19006 24909
16 19006 24918
16 19006 24933
16 19006 24936
16 19006 24937
16 19006 24941
16 19006 24943
16 19007 24871
16 19007 24873
16 19007 24874
16 19007 24875
16 19007 24886
16 19007 24888
16 19007 24893
16 19007 24910
16 19007 24912
16 19007 24929
16 19007 24932
16 19007 24938
16 19007 24939
16 19007 24951
16 19008 24870
16 19008 24871
16 19008 24872
16 19008 24874
16 19008 24876
16 19008 24883
16 19008 24884
16 19008 24885
16 19008 24886
16 19008 24888
16 19008 24890
16 19008 24892
16 19008 24915
16 19008 24945
16 19009 24869
16 19009 24872
16 19009 24873
16 19009 24875
16 19009 24876
16 19009 24883
16 19009 24891
16 19009 24896
16 19009 24924
16 19009 24927
16 19009 24941
16 19009 24944
16 19009 24960
16 19009 24961
16 19010 24873
16 19010 24874
16 19010 24877
16 19010 24881
16 19010 24883
16 19010 24886
16 19010 24906
16 19010 24907
16 19010 24923
16 19010 24931
16 19010 24943
16 19011 24870
16 19011 24872
16 19011 24874
16 19011 24877
16 19011 24878
16 19011 24880
16 19011 24882
16 19011 24884
16 19011 24889
16 19011 24890
16 19011 24891
16 19011 24904
16 19011 24919
16 19011 24945
16 19012 24883
16 19012 24887
16 19012 24891
16 19012 24903
16 19012 24904
16 19012 24910
16 19012 24914
16 19012 24924
16 19012 24925
16 19012 24944
16 19012 24946
16 19012 24965
16 19013 24869
16 19013 24875
16 19013 24877
16 19013 24879
16 19013 24881
16 19013 24884
16 19013 24885
16 19013 24919
16 19013 24951
16 19013 24964
16 19013 24966
16 19014 24869
16 19014 24872
16 19014 24874
16 19014 24877
16 19014 24879
16 19014 24884
16 19014 24953
16 19014 24963
16 19015 24869
16 19015 24870
16 19015 24872
16 19015 24873
16 19015 24874
16 19015 24876
16 19015 24877
16 19015 24878
16 19015 24879
16 19015 24880
16 19015 24881
16 19015 24959
16 19016 24871
16 19016 24872
16 19016 24873
16 19016 24875
16 19016 24876
16 19016 24882
16 19016 24923
16 19016 24929
16 19016 24948
16 19016 24949
16 19016 24958
16 19017 24869
16 19017 24872
16 19017 24874
16 19017 24880
16 19017 24923
16 19017 24956
16 19017 24962
16 19017 24964
16 19018 24868
16 19018 24871
16 19018 24873
16 19018 24876
16 19018 24877
16 19018 24921
16 19018 24944
16 19019 24868
16 19019 24873
16 19019 24881
16 19019 24955
16 19020 24871
16 19020 24874
16 19020 24912
16 19020 24957
16 19020 24961
16 19020 24964
16 19021 24877
16 19021 24960
16 19022 24868
16 19022 24873
16 19022 24966
16 19023 24869
16 19023 24964
16 19024 24869
16 19024 24963
16 19025 24872
16 19025 24963
16 19025 24966
16 19027 24877
17 37983 49735
17 37983 49736
17 37983 49737
17 37983 49738
17 37983 49739
17 37983 49740
17 37983 49741
17 37983 49742
17 37983 49743
17 37983 49744
17 37983 49745
17 37983 49746
17 37983 49747
17 37983 49748
17 37983 49749
17 37983 49750
17 37983 49751
17 37983 49752
17 37983 49753
17 37983 49754
17 37983 49755
17 37983 49756
17 37983 49757
17 37983 49758
17 37983 49759
17 37983 49760
17 37983 49761
17 37983 49762
17 37983 49763
17 37983 49764
17 37983 49765
17 37983 49766
17 37983 49767
17 37983 49768
17 37983 49769
17 37983 49770
17 37983 49771
17 37983 49772
17 37983 49773
17 37983 49774
17 37983 49775
17 37983 49776
17 37983 49777
17 37983 49778
17 37983 49779
17 37983 49780
17 37983 49781
17 37983 49782
17 37983 49783
17 37983 49784
17 37983 49785
17 37983 49786
17 37983 49787
17 37983 49788
17 37983 49789
17 37983 49790
17 37983 49791
17 37983 49792
17 37983 49793
17 37983 49794
17 37983 49795
17 37983 49796
17 37983 49797
17 37983 49798
17 37983 49799
17 37983 49800
17 37983 49801
17 37983 49802
17 37983 49803
17 37983 49804
17 37983 49805
17 37983 49806
17 37983 49807
17 37983 49808
17 37983 49809
17 37983 49810
17 37983 49811
17 37983 49812
17 37983 49813
17 37983 49814
17 37983 49815
17 37983 49816
17 37983 49817
17 37983 49818
17 37983 49819
17 37983 49820
17 37983 49821
17 37983 49822
17 37983 49823
17 37983 49824
17 37983 49825
17 37983 49826
17 37983 49827
17 37983 49828
17 37983 49829
17 37983 49830
17 37983 49831
17 37983 49832
17 37983 49833
17 37983 49834
17 37983 49835
17 37983 49836
17 37983 49837
17 37983 49838
17 37983 49839
17 37983 49840
17 37983 49841
17 37983 49842
17 37983 49843
17 37983 49844
17 37983 49845
17 37983 49846
17 37983 49847
17 37983 49848
17 37983 49849
17 37983 49850
17 37983 49851
17 37983 49852
17 37983 49853
17 37983 49854
17 37983 49855
17 37983 49856
17 37983 49857
17 37983 49858
17 37983 49859
17 37983 49860
17 37983 49861
17 37983 49862
17 37983 49863
17 37983 49864
17 37983 49865
17 37983 49866
17 37983 49867
17 37983 49868
17 37983 49869
17 37983 49870
17 37983 49871
17 37983 49872
17 37983 49873
17 37983 49874
17 37983 49875
17 37983 49876
17 37983 49877
17 37983 49878
17 37983 49879
17 37983 49880
17 37983 49881
17 37983 49882
17 37983 49883
17 37983 49884
17 37983 49885
17 37983 49886
17 37983 49887
17 37983 49888
17 37983 49889
17 37983 49890
17 37983 49891
17 37983 49892
17 37983 49893
17 37983 49894
17 37983 49895
17 37983 49896
17 37983 49897
17 37983 49898
17 37983 49899
17 37983 49900
17 37983 49901
17 37983 49902
17 37983 49903
17 37983 49904
17 37983 49905
17 37983 49906
17 37983 49907
17 37983 49908
17 37983 49909
17 37983 49910
17 37983 49911
17 37983 49912
17 37983 49913
17 37983 49914
17 37983 49915
17 37983 49916
17 37983 49917
17 37983 49918
17 37983 49919
17 37983 49920
17 37983 49921
17 37983 49922
17 37983 49923
17 37983 49924
17 37983 49925
17 37983 49926
17 37983 49927
17 37983 49928
17 37983 49929
17 37983 49930
17 37983 49931
17 37983 49932
17 37983 49933
17 37983 49934
17 37987 49806
18 75966 99471
18 75966 99472
18 75966 99473
18 75966 99474
18 75966 99475
18 75966 99476
18 75966 99477
18 75966 99478
18 75966 99479
18 75966 99480
18 75966 99481
18 75966 99482
18 75966 99483
18 75966 99484
18 75966 99485
18 75966 99486
18 75966 99487
18 75966 99488
18 75966 99489
18 75966 99490
18 75966 99491
18 75966 99492
18 75966 99493
18 75966 99494
18 75966 99495
18 75966 99496
18 75966 99497
18 75966 99498
18 75966 99499
18 75966 99500
18 75966 99501
18 75966 99502
18 75966 99503
18 75966 99504
18 75966 99505
18 75966 99506
18 75966 99507
18 75966 99508
18 75966 99509
18 75966 99510
18 75966 99511
18 75966 99512
18 75966 99513
18 75966 99514
18 75966 99515
18 75966 99516
18 75966 99517
18 75966 99518
18 75966 99519
18 75966 99520
18 75966 99521
18 75966 99522
18 75966 99523
18 75966 99524
18 75966 99525
18 75966 99526
18 75966 99527
18 75966 99528
18 75966 99529
18 75966 99530
18 75966 99531
18 75966 99532
18 75966 99533
18 75966 99534
18 75966 99535
18 75966 99536
18 75966 99537
18 75966 99538
18 75966 99539
18 75966 99540
18 75966 99541
18 75966 99542
18 75966 99543
18 75966 99544
18 75966 99545
18 75966 99546
18 75966 99547
18 75966 99548
18 75966 99549
18 75966 99550
18 75966 99551
18 75966 99552
18 75966 99553
18 75966 99554
18 75966 99555
18 75966 99556
18 75966 99557
18 75966 99558
18 75966 99559
18 75966 99560
18 75966 99561
18 75966 99562
18 75966 99563
18 75966 99564
18 75966 99565
18 75966 99566
18 75966 99567
18 75966 99568
18 75966 99569
18 75966 99570
18 75966 99571
18 75966 99572
18 75966 99573
18 75966 99574
18 75966 99575
18 75966 99576
18 75966 99577
18 75966 99578
18 75966 99579
18 75966 99580
18 75966 99581
18 75966 99582
18 75966 99583
18 75966 99584
18 75966 99585
18 75966 99586
18 75966 99587
18 75966 99588
18 75966 99589
18 75966 99590
18 75966 99591
18 75966 99592
18 75966 99593
18 75966 99594
18 75966 99595
18 75966 99596
18 75966 99597
18 75966 99598
18 75966 99599
18 75966 99600
18 75966 99601
18 75966 99602
18 75966 99603
18 75966 99604
18 75966 99605
18 75966 99606
18 75966 99607
18 75966 99608
18 75966 99609
18 75966 99610
18 75966 99611
18 75966 99612
18 75966 99613
18 75966 99614
18 75966 99615
18 75966 99616
18 75966 99617
18 75966 99618
18 75966 99619
18 75966 99620
18 75966 99621
18 75966 99622
18 75966 99623
18 75966 99624
18 75966 99625
18 75966 99626
18 75966 99627
18 75966 99628
18 75966 99629
18 75966 99630
18 75966 99631
18 75966 99632
18 75966 99633
18 75966 99634
18 75966 99635
18 75966 99636
18 75966 99637
18 75966 99638
18 75966 99639
18 75966 99640
18 75966 99641
18 75966 99642
18 75966 99643
18 75966 99644
18 75966 99645
18 75966 99646
18 75966 99647
18 75966 99648
18 75966 99649
18 75966 99650
18 75966 99651
18 75966 99652
18 75966 99653
18 75966 99654
18 75966 99655
18 75966 99656
18 75966 99657
18 75966 99658
18 75966 99659
18 75966 99660
18 75966 99661
18 75966 99662
18 75966 99663
18 75966 99664
18 75966 99665
18 75966 99666
18 75966 99667
18 75966 99668
18 75966 99669
18 75966 99670
18 75966 99671
18 75966 99672
18 75966 99673
18 75966 99674
18 75966 99675
18 75966 99676
18 75966 99677
18 75966 99678
18 75966 99679
18 75966 99680
18 75966 99681
18 75966 99682
18 75966 99683
18 75966 99684
18 75966 99685
18 75966 99686
18 75966 99687
18 75966 99688
18 75966 99689
18 75966 99690
18 75966 99691
18 75966 99692
18 75966 99693
18 75966 99694
18 75966 99695
18 75966 99696
18 75966 99697
18 75966 99698
18 75966 99699
18 75966 99700
18 75966 99701
18 75966 99702
18 75966 99703
18 75966 99704
18 75966 99705
18 75966 99706
18 75966 99707
18 75966 99708
18 75966 99709
18 75966 99710
18 75966 99711
18 75966 99712
18 75966 99713
18 75966 99714
18 75966 99715
18 75966 99716
18 75966 99717
18 75966 99718
18 75966 99719
18 75966 99720
18 75966 99721
18 75966 99722
18 75966 99723
18 75966 99724
18 75966 99725
18 75966 99726
18 75966 99727
18 75966 99728
18 75966 99729
18 75966 99730
18 75966 99731
18 75966 99732
18 75966 99733
18 75966 99734
18 75966 99735
18 75966 99736
18 75966 99737
18 75966 99738
18 75966 99739
18 75966 99740
18 75966 99741
18 75966 99742
18 75966 99743
18 75966 99744
18 75966 99745
18 75966 99746
18 75966 99747
18 75966 99748
18 75966 99749
18 75966 99750
18 75966 99751
18 75966 99752
18 75966 99753
18 75966 99754
18 75966 99755
18 75966 99756
18 75966 99757
18 75966 99758
18 75966 99759
18 75966 99760
18 75966 99761
18 75966 99762
18 75966 99763
18 75966 99764
18 75966 99765
18 75966 99766
18 75966 99767
18 75966 99768
18 75966 99769
18 75966 99770
18 75966 99771
18 75966 99772
18 75966 99773
18 75966 99774
18 75966 99775
18 75966 99776
18 75966 99777
18 75966 99778
18 75966 99779
18 75966 99780
18 75966 99781
18 75966 99782
18 75966 99783
18 75966 99784
18 75966 99785
18 75966 99786
18 75966 99787
18 75966 99788
18 75966 99789
18 75966 99790
18 75966 99791
18 75966 99792
18 75966 99793
18 75966 99794
18 75966 99795
18 75966 99796
18 75966 99797
18 75966 99798
18 75966 99799
18 75966 99800
18 75966 99801
18 75966 99802
18 75966 99803
18 75966 99804
18 75966 99805
18 75966 99806
18 75966 99807
18 75966 99808
18 75966 99809
18 75966 99810
18 75966 99811
18 75966 99812
18 75966 99813
18 75966 99814
18 75966 99815
18 75966 99816
18 75966 99817
18 75966 99818
18 75966 99819
18 75966 99820
18 75966 99821
18 75966 99822
18 75966 99823
18 75966 99824
18 75966 99825
18 75966 99826
18 75966 99827
18 75966 99828
18 75966 99829
18 75966 99830
18 75966 99831
18 75966 99832
18 75966 99833
18 75966 99834
18 75966 99835
18 75966 99836
18 75966 99837
18 75966 99838
18 75966 99839
18 75966 99840
18 75966 99841
18 75966 99842
18 75966 99843
18 75966 99844
18 75966 99845
18 75966 99846
18 75966 99847
18 75966 99848
18 75966 99849
18 75966 99850
18 75966 99851
18 75966 99852
18 75966 99853
18 75966 99854
18 75966 99855
18 75966 99856
18 75966 99857
18 75966 99858
18 75966 99859
18 75966 99860
18 75966 99861
18 75966 99862
18 75966 99863
18 75966 99864
18 75966 99865
18 75966 99866
18 75966 99867
18 75966 99868
18 75966 99869
18 75975 99613
3 2 3
4 4 6
4 4 6
5 9 12
5 9 12
6 18 24
6 18 24
7 37 48
7 37 48
