10 247 423
11 495 846
11 495 846
11 496 844
12 991 1691
12 991 1691
12 991 1692
12 991 1692
12 992 1689
12 992 1689
12 992 1692
12 992 1692
12 993 1689
12 993 1689
12 993 1692
12 993 1692
12 994 1689
12 994 1689
12 994 1692
12 994 1692
12 995 1689
12 995 1689
12 995 1692
12 995 1692
12 996 1689
12 996 1689
12 996 1690
12 996 1690
12 997 1689
12 997 1689
12 997 1690
12 997 1690
12 998 1689
12 998 1689
12 998 1690
12 998 1690
13 1982 3382
13 1982 3382
13 1982 3383
13 1982 3383
13 1982 3384
13 1982 3384
13 1982 3385
13 1982 3385
13 1983 3382
13 1983 3382
13 1983 3383
13 1983 3383
13 1983 3384
13 1983 3384
13 1983 3385
13 1983 3385
13 1984 3379
13 1984 3379
13 1984 3383
13 1984 3383
13 1984 3384
13 1984 3384
13 1984 3385
13 1984 3385
13 1985 3379
13 1985 3379
13 1985 3383
13 1985 3383
13 1985 3384
13 1985 3384
13 1985 3385
13 1985 3385
13 1986 3379
13 1986 3379
13 1986 3383
13 1986 3383
13 1986 3384
13 1986 3384
13 1986 3385
13 1986 3385
13 1987 3379
13 1987 3379
13 1987 3383
13 1987 3383
13 1987 3384
13 1987 3384
13 1987 3385
13 1987 3385
13 1988 3379
13 1988 3379
13 1988 3380
13 1988 3380
13 1988 3383
13 1988 3383
13 1988 3384
13 1988 3384
13 1988 3385
13 1988 3385
13 1989 3379
13 1989 3379
13 1989 3380
13 1989 3380
13 1989 3383
13 1989 3383
13 1989 3384
13 1989 3384
13 1989 3385
13 1989 3385
13 1990 3379
13 1990 3379
13 1990 3380
13 1990 3380
13 1990 3383
13 1990 3383
13 1990 3384
13 1990 3384
13 1990 3385
13 1990 3385
13 1991 3379
13 1991 3379
13 1991 3380
13 1991 3380
13 1991 3383
13 1991 3383
13 1991 3384
13 1991 3384
13 1991 3385
13 1991 3385
13 1992 3379
13 1992 3379
13 1992 3380
13 1992 3380
13 1992 3381
13 1992 3381
13 1992 3384
13 1992 3384
13 1992 3385
13 1992 3385
13 1993 3379
13 1993 3379
13 1993 3380
13 1993 3380
13 1993 3381
13 1993 3381
13 1993 3385
13 1993 3385
13 1994 3379
13 1994 3379
13 1994 3380
13 1994 3380
13 1994 3381
13 1994 3381
13 1994 3385
13 1994 3385
13 1995 3379
13 1995 3379
13 1995 3380
13 1995 3380
13 1995 3381
13 1995 3381
13 1995 3385
13 1995 3385
13 1996 3379
13 1996 3379
13 1996 3380
13 1996 3380
13 1996 3381
13 1996 3381
13 1996 3382
13 1996 3382
13 1996 3385
13 1996 3385
14 3964 6759
14 3964 6760
14 3964 6763
14 3964 6764
14 3964 6765
14 3964 6766
14 3964 6767
14 3964 6768
14 3964 6769
14 3964 6770
14 3975 6761
14 3979 6762
15 7928 13518
15 7928 13519
15 7928 13520
15 7928 13521
15 7928 13522
15 7928 13523
15 7928 13524
15 7928 13525
15 7928 13526
15 7928 13527
15 7928 13528
15 7928 13529
15 7928 13530
15 7928 13531
15 7928 13532
15 7928 13533
15 7928 13534
15 7928 13535
15 7928 13536
15 7928 13537
15 7928 13538
15 7928 13539
15 7928 13540
16 15857 27037
16 15857 27038
16 15857 27039
16 15857 27040
16 15857 27041
16 15857 27042
16 15857 27043
16 15857 27044
16 15857 27045
16 15857 27046
16 15857 27047
16 15857 27048
16 15857 27049
16 15857 27050
16 15857 27051
16 15857 27052
16 15857 27053
16 15857 27054
16 15857 27055
16 15857 27056
16 15857 27057
16 15857 27058
16 15857 27059
16 15857 27060
16 15857 27061
16 15857 27062
16 15857 27063
16 15857 27064
16 15857 27065
16 15857 27066
16 15857 27067
16 15857 27068
16 15857 27069
16 15857 27070
16 15857 27071
16 15857 27072
16 15857 27073
16 15857 27074
16 15857 27075
16 15857 27076
16 15857 27077
16 15857 27078
16 15857 27079
16 15857 27080
17 31715 54075
17 31715 54076
17 31715 54077
17 31715 54078
17 31715 54079
17 31715 54080
17 31715 54081
17 31715 54082
17 31715 54083
17 31715 54084
17 31715 54085
17 31715 54086
17 31715 54087
17 31715 54088
17 31715 54089
17 31715 54090
17 31715 54091
17 31715 54092
17 31715 54093
17 31715 54094
17 31715 54095
17 31715 54096
17 31715 54097
17 31715 54098
17 31715 54099
17 31715 54100
17 31715 54101
17 31715 54102
17 31715 54103
17 31715 54104
17 31715 54105
17 31715 54106
17 31715 54107
17 31715 54108
17 31715 54109
17 31715 54110
17 31715 54111
17 31715 54112
17 31715 54113
17 31715 54114
17 31715 54115
17 31715 54116
17 31715 54117
17 31715 54118
17 31715 54119
17 31715 54120
17 31715 54121
17 31715 54122
17 31715 54123
17 31715 54124
17 31715 54125
17 31715 54126
17 31715 54127
17 31715 54128
17 31715 54129
17 31715 54130
17 31715 54131
17 31715 54132
17 31715 54133
17 31715 54134
17 31715 54135
17 31715 54136
17 31715 54137
17 31715 54138
17 31715 54139
17 31715 54140
17 31715 54141
17 31715 54142
17 31715 54143
17 31715 54144
17 31715 54145
17 31715 54146
17 31715 54147
17 31715 54148
17 31715 54149
17 31715 54150
17 31715 54151
17 31715 54152
17 31715 54153
17 31715 54154
17 31715 54155
17 31715 54156
17 31715 54157
17 31715 54158
17 31715 54159
17 31715 54160
17 31715 54161
18 63431 108150
3 1 3
4 3 6
4 3 6
5 7 13
5 7 13
6 15 26
6 15 26
7 30 52
7 30 52
7 31 52
7 31 52
8 61 105
8 61 105
8 62 105
8 62 105
