11 580 814
12 1161 1629
12 1161 1629
12 1161 1630
12 1161 1630
12 1161 1631
12 1161 1631
12 1161 1632
12 1161 1632
12 1162 1629
12 1162 1629
12 1162 1630
12 1162 1630
12 1162 1631
12 1162 1631
12 1163 1629
12 1163 1629
12 1163 1630
12 1163 1630
12 1163 1634
12 1163 1634
12 1164 1629
12 1164 1629
12 1164 1633
12 1164 1633
12 1164 1634
12 1164 1634
12 1165 1632
12 1165 1632
12 1165 1633
12 1165 1633
12 1165 1634
12 1165 1634
12 1166 1631
12 1166 1631
12 1166 1632
12 1166 1632
12 1166 1633
12 1166 1633
12 1166 1634
12 1166 1634
13 2323 3258
13 2323 3258
13 2323 3259
13 2323 3259
13 2323 3260
13 2323 3260
13 2323 3261
13 2323 3261
13 2323 3262
13 2323 3262
13 2323 3263
13 2323 3263
13 2323 3264
13 2323 3264
13 2323 3265
13 2323 3265
13 2323 3266
13 2323 3266
13 2324 3258
13 2324 3258
13 2324 3259
13 2324 3259
13 2324 3260
13 2324 3260
13 2324 3261
13 2324 3261
13 2324 3262
13 2324 3262
13 2324 3263
13 2324 3263
13 2324 3264
13 2324 3264
13 2324 3265
13 2324 3265
13 2325 3258
13 2325 3258
13 2325 3259
13 2325 3259
13 2325 3260
13 2325 3260
13 2325 3261
13 2325 3261
13 2325 3262
13 2325 3262
13 2325 3263
13 2325 3263
13 2325 3264
13 2325 3264
13 2325 3269
13 2325 3269
13 2326 3258
13 2326 3258
13 2326 3259
13 2326 3259
13 2326 3260
13 2326 3260
13 2326 3261
13 2326 3261
13 2326 3262
13 2326 3262
13 2326 3268
13 2326 3268
13 2326 3269
13 2326 3269
13 2327 3258
13 2327 3258
13 2327 3259
13 2327 3259
13 2327 3260
13 2327 3260
13 2327 3261
13 2327 3261
13 2327 3267
13 2327 3267
13 2327 3268
13 2327 3268
13 2327 3269
13 2327 3269
13 2328 3258
13 2328 3258
13 2328 3259
13 2328 3259
13 2328 3260
13 2328 3260
13 2328 3266
13 2328 3266
13 2328 3267
13 2328 3267
13 2328 3268
13 2328 3268
13 2328 3269
13 2328 3269
13 2329 3258
13 2329 3258
13 2329 3259
13 2329 3259
13 2329 3265
13 2329 3265
13 2329 3266
13 2329 3266
13 2329 3267
13 2329 3267
13 2329 3268
13 2329 3268
13 2329 3269
13 2329 3269
13 2330 3258
13 2330 3258
13 2330 3264
13 2330 3264
13 2330 3265
13 2330 3265
13 2330 3266
13 2330 3266
13 2330 3267
13 2330 3267
13 2330 3268
13 2330 3268
13 2330 3269
13 2330 3269
13 2331 3263
13 2331 3263
13 2331 3264
13 2331 3264
13 2331 3265
13 2331 3265
13 2331 3266
13 2331 3266
13 2331 3267
13 2331 3267
13 2331 3268
13 2331 3268
13 2331 3269
13 2331 3269
13 2332 3261
13 2332 3261
13 2332 3262
13 2332 3262
13 2332 3263
13 2332 3263
13 2332 3264
13 2332 3264
13 2332 3265
13 2332 3265
13 2332 3266
13 2332 3266
13 2332 3267
13 2332 3267
13 2332 3268
13 2332 3268
13 2332 3269
13 2332 3269
13 2333 3258
13 2333 3258
13 2333 3259
13 2333 3259
13 2333 3260
13 2333 3260
13 2333 3261
13 2333 3261
13 2333 3262
13 2333 3262
13 2333 3263
13 2333 3263
13 2333 3264
13 2333 3264
13 2333 3265
13 2333 3265
13 2333 3266
13 2333 3266
13 2333 3267
13 2333 3267
13 2333 3268
13 2333 3268
13 2333 3269
13 2333 3269
14 4646 6517
14 4646 6518
14 4646 6519
14 4646 6520
14 4646 6521
14 4646 6522
14 4646 6523
14 4646 6524
14 4646 6525
14 4646 6526
14 4646 6527
14 4646 6528
14 4646 6529
14 4646 6530
14 4646 6531
14 4646 6532
14 4646 6533
14 4646 6534
14 4646 6538
14 4646 6539
14 4651 6537
14 4652 6536
14 4653 6535
15 9292 13034
15 9292 13035
15 9292 13036
15 9292 13037
15 9292 13038
15 9292 13039
15 9292 13040
15 9292 13041
15 9292 13042
15 9292 13043
15 9292 13044
15 9292 13045
15 9292 13046
15 9292 13047
15 9292 13048
15 9292 13049
15 9292 13050
15 9292 13051
15 9292 13052
15 9292 13053
15 9292 13054
15 9292 13055
15 9292 13056
15 9292 13057
15 9292 13058
15 9292 13059
15 9292 13060
15 9292 13061
15 9292 13062
15 9292 13063
15 9292 13064
15 9292 13065
15 9292 13066
15 9292 13067
15 9292 13068
15 9292 13069
15 9292 13070
15 9292 13071
15 9292 13074
15 9292 13075
15 9292 13076
15 9292 13077
15 9292 13078
15 9303 13073
15 9304 13072
16 18584 26068
16 18584 26069
16 18584 26070
16 18584 26071
16 18584 26072
16 18584 26073
16 18584 26074
16 18584 26075
16 18584 26076
16 18584 26077
16 18584 26078
16 18584 26079
16 18584 26080
16 18584 26081
16 18584 26082
16 18584 26083
16 18584 26084
16 18584 26085
16 18584 26086
16 18584 26087
16 18584 26088
16 18584 26089
16 18584 26090
16 18584 26091
16 18584 26092
16 18584 26093
16 18584 26094
16 18584 26095
16 18584 26096
16 18584 26097
16 18584 26098
16 18584 26099
16 18584 26100
16 18584 26101
16 18584 26102
16 18584 26103
16 18584 26104
16 18584 26105
16 18584 26106
16 18584 26107
16 18584 26108
16 18584 26109
16 18584 26110
16 18584 26111
16 18584 26112
16 18584 26113
16 18584 26114
16 18584 26115
16 18584 26116
16 18584 26117
16 18584 26118
16 18584 26119
16 18584 26120
16 18584 26121
16 18584 26122
16 18584 26123
16 18584 26124
16 18584 26125
16 18584 26126
16 18584 26127
16 18584 26128
16 18584 26129
16 18584 26130
16 18584 26131
16 18584 26132
16 18584 26133
16 18584 26134
16 18584 26135
16 18584 26136
16 18584 26137
16 18584 26138
16 18584 26139
16 18584 26140
16 18584 26141
16 18584 26142
16 18584 26143
16 18584 26144
16 18584 26145
16 18584 26146
16 18584 26147
16 18584 26148
16 18584 26149
16 18584 26150
16 18584 26151
16 18584 26152
16 18584 26153
16 18584 26154
16 18584 26155
16 18584 26156
17 37168 52137
18 74337 104275
3 2 3
4 4 6
4 4 6
5 9 12
5 9 12
6 18 25
6 18 25
7 36 50
7 36 50
7 36 51
7 36 51
