13 2075 3370
13 2075 3370
13 2076 3370
13 2076 3370
13 2077 3370
13 2077 3370
13 2078 3370
13 2078 3370
13 2079 3370
13 2079 3370
13 2080 3370
13 2080 3370
13 2081 3370
13 2081 3370
13 2082 3370
13 2082 3370
13 2083 3370
13 2083 3370
13 2084 3370
13 2084 3370
13 2085 3370
13 2085 3370
13 2086 3370
13 2086 3370
13 2087 3370
13 2087 3370
13 2088 3370
13 2088 3370
13 2089 3370
13 2089 3370
14 4150 6740
14 4150 6741
14 4150 6742
14 4150 6743
14 4150 6744
14 4150 6745
14 4150 6746
14 4150 6747
14 4150 6748
14 4150 6749
14 4150 6750
14 4154 6741
14 4159 6740
14 4159 6741
14 4160 6742
14 4161 6741
14 4162 6741
14 4163 6741
14 4163 6742
14 4164 6741
14 4164 6742
14 4165 6740
14 4165 6742
14 4166 6741
14 4167 6741
14 4168 6740
14 4168 6741
14 4169 6741
14 4174 6742
14 4175 6741
14 4176 6742
14 4177 6742
14 4178 6740
14 4178 6741
14 4178 6742
15 8301 13481
15 8301 13482
15 8301 13483
15 8301 13484
15 8301 13485
15 8301 13486
15 8301 13487
15 8301 13488
15 8301 13489
15 8301 13490
15 8301 13491
15 8301 13492
15 8301 13493
15 8301 13494
15 8301 13495
15 8301 13496
15 8301 13497
15 8301 13498
15 8301 13499
15 8301 13500
15 8301 13501
15 8308 13483
15 8319 13481
15 8319 13482
15 8321 13484
15 8322 13482
15 8322 13483
15 8323 13482
15 8324 13482
15 8325 13482
15 8325 13483
15 8326 13483
15 8326 13484
15 8327 13483
15 8328 13483
15 8329 13482
15 8329 13485
15 8330 13485
15 8331 13481
15 8333 13483
15 8334 13482
15 8336 13481
15 8337 13482
15 8338 13482
15 8349 13484
15 8350 13483
15 8351 13482
15 8353 13485
15 8354 13485
15 8355 13484
15 8355 13485
15 8356 13481
15 8356 13483
15 8356 13485
16 16603 26963
16 16603 26964
16 16603 26965
16 16603 26966
16 16603 26967
16 16603 26968
16 16603 26969
16 16603 26970
16 16603 26971
16 16603 26972
16 16603 26973
16 16603 26974
16 16603 26975
16 16603 26976
16 16603 26977
16 16603 26978
16 16603 26979
16 16603 26980
16 16603 26981
16 16603 26982
16 16603 26983
16 16603 26984
16 16603 26985
16 16603 26986
16 16603 26987
16 16603 26988
16 16603 26989
16 16603 26990
16 16603 26991
16 16603 26992
16 16603 26993
16 16603 26994
16 16603 26995
16 16603 26996
16 16603 26997
16 16603 26998
16 16603 26999
16 16603 27000
16 16603 27001
16 16603 27002
16 16616 26966
16 16638 26963
16 16638 26964
16 16643 26968
16 16644 26965
16 16644 26966
16 16646 26965
16 16648 26965
16 16651 26965
16 16651 26966
16 16653 26966
16 16653 26968
16 16654 26967
16 16656 26966
16 16658 26971
16 16659 26965
16 16660 26971
16 16662 26963
16 16666 26966
16 16669 26965
16 16672 26963
16 16675 26964
16 16676 26964
16 16699 26968
16 16701 26966
16 16702 26964
16 16707 26971
16 16709 26971
16 16710 26969
16 16711 26968
16 16711 26971
16 16712 26963
16 16712 26967
16 16713 26970
16 16713 26971
17 33206 53927
17 33206 53928
17 33206 53929
17 33206 53930
17 33206 53931
17 33206 53932
17 33206 53933
17 33206 53934
17 33206 53935
17 33206 53936
17 33206 53937
17 33206 53938
17 33206 53939
17 33206 53940
17 33206 53941
17 33206 53942
17 33206 53943
17 33206 53944
17 33206 53945
17 33206 53946
17 33206 53947
17 33206 53948
17 33206 53949
17 33206 53950
17 33206 53951
17 33206 53952
17 33206 53953
17 33206 53954
17 33206 53955
17 33206 53956
17 33206 53957
17 33206 53958
17 33206 53959
17 33206 53960
17 33206 53961
17 33206 53962
17 33206 53963
17 33206 53964
17 33206 53965
17 33206 53966
17 33206 53967
17 33206 53968
17 33206 53969
17 33206 53970
17 33206 53971
17 33206 53972
17 33206 53973
17 33206 53974
17 33206 53975
17 33206 53976
17 33206 53977
17 33206 53978
17 33206 53979
17 33206 53980
17 33206 53981
17 33206 53982
17 33206 53983
17 33206 53984
17 33206 53985
17 33206 53986
17 33206 53987
17 33206 53988
17 33206 53989
17 33206 53990
17 33206 53991
17 33206 53992
17 33206 53993
17 33206 53994
17 33206 53995
17 33206 53996
17 33206 53997
17 33206 53998
17 33206 53999
17 33206 54000
17 33206 54001
17 33206 54002
17 33206 54003
17 33206 54004
17 33206 54005
17 33210 53974
17 33215 53973
17 33233 53932
17 33245 53975
17 33253 53978
17 33259 53968
17 33263 53975
17 33276 53927
17 33277 53929
17 33282 53952
17 33282 53982
17 33286 53936
17 33288 53930
17 33289 53931
17 33289 53932
17 33292 53930
17 33297 53931
17 33302 53931
17 33302 53932
17 33306 53933
17 33307 53936
17 33308 53964
17 33309 53935
17 33312 53933
17 33316 53942
17 33318 53930
17 33320 53942
17 33321 53942
17 33325 53927
17 33331 53993
17 33333 53933
17 33339 53931
17 33345 53927
17 33350 53928
17 33351 53929
17 33353 53929
17 33377 53980
17 33399 53936
17 33402 53932
17 33405 53929
17 33414 53942
17 33419 53942
17 33420 53938
17 33422 53937
17 33424 53927
17 33425 53934
17 33426 53943
17 33427 53941
17 33429 53971
18 66412 107854
18 66412 107855
18 66412 107856
18 66412 107857
18 66412 107858
18 66412 107859
18 66412 107860
18 66412 107861
18 66412 107862
18 66412 107863
18 66412 107864
18 66412 107865
18 66412 107866
18 66412 107867
18 66412 107868
18 66412 107869
18 66412 107870
18 66412 107871
18 66412 107872
18 66412 107873
18 66412 107874
18 66412 107875
18 66412 107876
18 66412 107877
18 66412 107878
18 66412 107879
18 66412 107880
18 66412 107881
18 66412 107882
18 66412 107883
18 66412 107884
18 66412 107885
18 66412 107886
18 66412 107887
18 66412 107888
18 66412 107889
18 66412 107890
18 66412 107891
18 66412 107892
18 66412 107893
18 66412 107894
18 66412 107895
18 66412 107896
18 66412 107897
18 66412 107898
18 66412 107899
18 66412 107900
18 66412 107901
18 66412 107902
18 66412 107903
18 66412 107904
18 66412 107905
18 66412 107906
18 66412 107907
18 66412 107908
18 66412 107909
18 66412 107910
18 66412 107911
18 66412 107912
18 66412 107913
18 66412 107914
18 66412 107915
18 66412 107916
18 66412 107917
18 66412 107918
18 66412 107919
18 66412 107920
18 66412 107921
18 66412 107922
18 66412 107923
18 66412 107924
18 66412 107925
18 66412 107926
18 66412 107927
18 66412 107928
18 66412 107929
18 66412 107930
18 66412 107931
18 66412 107932
18 66412 107933
18 66412 107934
18 66412 107935
18 66412 107936
18 66412 107937
18 66412 107938
18 66412 107939
18 66412 107940
18 66412 107941
18 66412 107942
18 66412 107943
18 66412 107944
18 66412 107945
18 66412 107946
18 66412 107947
18 66412 107948
18 66412 107949
18 66412 107950
18 66412 107951
18 66412 107952
18 66412 107953
18 66412 107954
18 66412 107955
18 66412 107956
18 66412 107957
18 66412 107958
18 66412 107959
18 66412 107960
18 66412 107961
18 66412 107962
18 66412 107963
18 66412 107964
18 66412 107965
18 66412 107966
18 66412 107967
18 66412 107968
18 66412 107969
18 66412 107970
18 66412 107971
18 66412 107972
18 66412 107973
18 66412 107974
18 66412 107975
18 66412 107976
18 66412 107977
18 66412 107978
18 66412 107979
18 66412 107980
18 66412 107981
18 66412 107982
18 66412 107983
18 66412 107984
18 66412 107985
18 66412 107986
18 66412 107987
18 66412 107988
18 66412 107989
18 66412 107990
18 66412 107991
18 66412 107992
18 66412 107993
18 66412 107994
18 66412 107995
18 66412 107996
18 66412 107997
18 66412 107998
18 66412 107999
18 66412 108000
18 66412 108001
18 66412 108002
18 66412 108003
18 66412 108004
18 66412 108005
18 66412 108006
18 66412 108007
18 66412 108008
18 66412 108009
18 66412 108010
18 66706 107858
18 66754 107960
18 66799 107872
18 66805 107864
18 66810 107859
18 66829 107884
18 66839 107885
18 66841 107877
18 66845 107875
18 66849 107855
18 66850 107868
18 66854 107883
18 66858 107943
3 2 3
4 4 6
4 4 6
5 8 13
5 8 13
6 16 26
6 16 26
7 32 52
7 32 52
8 64 105
8 64 105
8 65 105
8 65 105
