13 1980 3379
13 1980 3380
13 1980 3381
13 1980 3382
13 1980 3383
13 1980 3384
13 1980 3385
13 1980 3386
13 1981 3379
13 1981 3380
13 1981 3381
13 1981 3382
13 1981 3383
13 1981 3384
13 1981 3385
13 1981 3386
13 1982 3379
13 1982 3380
13 1982 3385
13 1982 3386
13 1983 3379
13 1983 3380
13 1983 3386
13 1984 3379
13 1984 3380
13 1984 3385
13 1984 3386
13 1985 3379
13 1985 3380
13 1985 3385
13 1985 3386
13 1986 3379
13 1986 3380
13 1986 3381
13 1987 3379
13 1987 3380
13 1987 3381
13 1988 3379
13 1988 3380
13 1988 3381
13 1989 3379
13 1989 3380
13 1989 3381
13 1989 3386
13 1990 3379
13 1990 3380
13 1990 3381
13 1990 3382
13 1990 3383
13 1990 3384
13 1990 3385
13 1990 3386
