12 1200 1542
12 1200 1542
12 1200 1543
12 1200 1543
12 1200 1544
12 1200 1544
13 2401 3085
13 2401 3085
13 2401 3086
13 2401 3086
13 2401 3087
13 2401 3087
13 2401 3088
13 2401 3088
13 2401 3089
13 2401 3089
14 4803 6171
15 9607 12342
16 19215 24684
17 38431 49369
18 76862 98738
3 2 3
4 4 6
4 4 6
5 9 12
5 9 12
6 18 24
6 18 24
7 37 48
7 37 48
8 75 96
8 75 96
14 4803 6172
14 4803 6173
14 4803 6174
14 4803 6175
14 4803 6176
14 4803 6177
14 4803 6178
15 9607 12343
15 9607 12344
15 9607 12345
15 9607 12346
15 9607 12347
15 9607 12348
15 9607 12349
15 9607 12350
15 9607 12351
15 9607 12352
15 9607 12353
15 9607 12354
15 9607 12355
15 9607 12356
