10 302 384
11 605 769
12 1210 1538
12 1210 1538
12 1210 1539
12 1210 1539
12 1211 1538
12 1211 1538
12 1211 1539
12 1211 1539
12 1212 1538
12 1212 1538
12 1212 1539
12 1212 1539
13 2420 3077
13 2420 3077
13 2420 3078
13 2420 3078
13 2420 3079
13 2420 3079
13 2420 3080
13 2420 3080
13 2421 3077
13 2421 3077
13 2421 3078
13 2421 3078
13 2421 3079
13 2421 3079
13 2421 3080
13 2421 3080
13 2422 3077
13 2422 3077
13 2422 3078
13 2422 3078
13 2422 3079
13 2422 3079
13 2422 3080
13 2422 3080
13 2423 3077
13 2423 3077
13 2423 3078
13 2423 3078
13 2423 3079
13 2423 3079
13 2423 3080
13 2423 3080
13 2424 3077
13 2424 3077
13 2424 3078
13 2424 3078
13 2424 3079
13 2424 3079
13 2424 3080
13 2424 3080
14 4840 6154
14 4840 6155
14 4840 6156
14 4840 6157
14 4840 6158
14 4840 6159
14 4840 6160
14 4840 6161
15 9681 12308
15 9681 12309
15 9681 12310
15 9681 12311
15 9681 12312
15 9681 12313
15 9681 12314
15 9681 12315
15 9681 12316
15 9681 12317
15 9681 12318
15 9681 12319
15 9681 12320
15 9681 12321
15 9681 12322
15 9681 12323
16 19363 24617
16 19363 24618
16 19363 24619
16 19363 24620
16 19363 24621
16 19363 24622
16 19363 24623
16 19363 24624
16 19363 24625
16 19363 24626
16 19363 24627
16 19363 24628
16 19363 24629
16 19363 24630
16 19363 24631
16 19363 24632
16 19363 24633
16 19363 24634
16 19363 24635
16 19363 24636
16 19363 24637
16 19363 24638
16 19363 24639
16 19363 24640
16 19363 24641
16 19363 24642
16 19363 24643
16 19363 24644
16 19363 24645
16 19363 24646
16 19363 24647
16 19363 24648
17 38727 49235
17 38727 49236
17 38727 49237
17 38727 49238
17 38727 49239
17 38727 49240
17 38727 49241
17 38727 49242
17 38727 49243
17 38727 49244
17 38727 49245
17 38727 49246
17 38727 49247
17 38727 49248
17 38727 49249
17 38727 49250
17 38727 49251
17 38727 49252
17 38727 49253
17 38727 49254
17 38727 49255
17 38727 49256
17 38727 49257
17 38727 49258
17 38727 49259
17 38727 49260
17 38727 49261
17 38727 49262
17 38727 49263
17 38727 49264
17 38727 49265
17 38727 49266
17 38727 49267
17 38727 49268
17 38727 49269
17 38727 49270
17 38727 49271
17 38727 49272
17 38727 49273
17 38727 49274
17 38727 49275
17 38727 49276
17 38727 49277
17 38727 49278
17 38727 49279
17 38727 49280
17 38727 49281
17 38727 49282
17 38727 49283
17 38727 49284
17 38727 49285
17 38727 49286
17 38727 49287
17 38727 49288
17 38727 49289
17 38727 49290
17 38727 49291
17 38727 49292
17 38727 49293
17 38727 49294
17 38727 49295
17 38727 49296
17 38727 49297
17 38727 49298
17 38727 49299
17 38727 49300
17 38727 49301
17 38727 49302
17 38727 49303
17 38727 49304
17 38727 49305
17 38727 49306
17 38727 49307
17 38727 49308
17 38727 49309
17 38727 49310
17 38727 49311
17 38727 49312
17 38727 49313
17 38727 49314
17 38727 49315
17 38727 49316
17 38727 49317
17 38727 49318
17 38727 49319
17 38727 49320
17 38727 49321
17 38727 49322
17 38727 49323
17 38727 49324
17 38727 49325
17 38727 49326
17 38727 49327
17 38727 49328
17 38727 49329
17 38727 49330
18 77454 98471
3 2 3
4 4 6
4 4 6
5 9 12
5 9 12
6 18 24
6 18 24
7 37 48
7 37 48
8 75 96
8 75 96
