11 325 713
11 325 714
11 325 715
11 326 712
11 326 715
11 326 716
11 327 712
11 327 715
11 327 716
11 328 713
11 328 714
11 328 715
11 328 716
11 329 714
11 329 715
12 653 1430
12 653 1431
12 653 1432
12 653 1433
12 654 1421
12 654 1422
12 654 1430
12 654 1431
12 654 1432
12 654 1433
12 655 1421
12 655 1422
12 655 1430
12 655 1431
12 655 1432
12 655 1433
12 656 1417
12 656 1418
12 656 1419
12 656 1427
12 656 1428
12 656 1429
12 656 1430
12 656 1431
12 656 1432
12 656 1433
12 657 1417
12 657 1418
12 657 1419
12 657 1420
12 657 1428
12 657 1429
12 657 1430
12 657 1431
12 657 1432
12 657 1433
12 658 1417
12 658 1418
12 658 1419
12 658 1420
12 658 1421
12 658 1428
12 658 1429
12 658 1430
12 658 1431
12 658 1432
12 658 1433
12 659 1417
12 659 1418
12 659 1419
12 659 1420
12 659 1421
12 659 1428
12 659 1429
12 659 1430
12 659 1431
12 659 1432
12 660 1417
12 660 1418
12 660 1419
12 660 1420
12 660 1421
12 660 1422
12 661 1417
12 661 1418
12 661 1419
12 661 1420
12 661 1421
12 661 1422
12 662 1419
12 662 1420
12 662 1421
12 663 1420
13 1304 2854
13 1304 2855
13 1305 2853
13 1305 2854
13 1307 2835
13 1307 2836
13 1307 2837
13 1308 2835
13 1308 2836
13 1308 2837
13 1308 2838
13 1308 2860
13 1309 2835
13 1309 2836
13 1309 2837
13 1309 2838
13 1309 2860
13 1309 2861
13 1310 2836
13 1310 2837
13 1310 2860
13 1310 2861
13 1310 2862
13 1310 2863
13 1310 2864
13 1311 2836
13 1311 2860
13 1311 2861
13 1311 2862
13 1311 2863
13 1311 2864
13 1312 2835
13 1312 2836
13 1312 2837
13 1312 2857
13 1312 2858
13 1312 2859
13 1312 2860
13 1313 2835
13 1313 2836
13 1313 2837
13 1313 2857
13 1313 2858
13 1313 2859
13 1313 2860
13 1314 2835
13 1314 2836
13 1314 2837
13 1314 2857
13 1314 2858
13 1314 2859
13 1314 2860
13 1315 2835
13 1315 2836
13 1315 2837
13 1315 2838
13 1315 2857
13 1315 2858
13 1315 2859
13 1315 2860
13 1316 2835
13 1316 2836
13 1316 2837
13 1316 2838
13 1316 2839
13 1317 2836
13 1317 2837
13 1317 2838
13 1318 2836
13 1318 2837
13 1321 2840
13 1321 2841
13 1322 2839
13 1322 2840
13 1322 2841
13 1324 2841
13 1325 2840
13 1325 2841
13 1326 2840
13 1326 2841
13 1327 2840
14 2606 5717
14 2606 5718
14 2606 5719
14 2607 5716
14 2607 5717
14 2607 5718
14 2607 5719
14 2608 5705
14 2608 5706
14 2608 5710
14 2608 5711
14 2609 5705
14 2609 5706
14 2609 5708
14 2609 5709
14 2609 5710
14 2609 5711
14 2610 5705
14 2610 5706
14 2610 5708
14 2610 5709
14 2610 5710
14 2610 5711
14 2611 5708
14 2611 5709
14 2611 5710
14 2612 5707
14 2612 5708
14 2614 5673
14 2614 5674
14 2614 5675
14 2614 5704
14 2614 5705
14 2614 5706
14 2615 5673
14 2615 5674
14 2615 5675
14 2615 5676
14 2615 5677
14 2615 5678
14 2615 5679
14 2615 5680
14 2615 5681
14 2615 5682
14 2615 5683
14 2615 5684
14 2615 5685
14 2615 5704
14 2615 5705
14 2615 5706
14 2616 5672
14 2616 5673
14 2616 5674
14 2616 5675
14 2616 5676
14 2616 5677
14 2616 5678
14 2616 5679
14 2616 5680
14 2616 5681
14 2616 5682
14 2616 5683
14 2616 5684
14 2616 5685
14 2616 5686
14 2616 5687
14 2616 5688
14 2616 5689
14 2616 5690
14 2616 5691
14 2616 5692
14 2616 5693
14 2616 5694
14 2616 5695
14 2616 5696
14 2616 5697
14 2616 5698
14 2616 5699
14 2616 5700
14 2616 5701
14 2616 5703
14 2616 5704
14 2616 5705
14 2616 5706
14 2617 5672
14 2617 5673
14 2617 5674
14 2617 5675
14 2617 5676
14 2617 5677
14 2617 5678
14 2617 5679
14 2617 5680
14 2617 5681
14 2617 5682
14 2617 5683
14 2617 5684
14 2617 5685
14 2617 5686
14 2617 5687
14 2617 5688
14 2617 5689
14 2617 5690
14 2617 5691
14 2617 5692
14 2617 5693
14 2617 5694
14 2617 5695
14 2617 5696
14 2617 5697
14 2617 5698
14 2617 5699
14 2617 5700
14 2617 5701
14 2617 5702
14 2617 5703
14 2617 5704
14 2617 5705
14 2617 5706
14 2618 5672
14 2618 5673
14 2618 5674
14 2618 5675
14 2618 5676
14 2618 5677
14 2618 5678
14 2618 5679
14 2618 5680
14 2618 5681
14 2618 5682
14 2618 5683
14 2618 5684
14 2618 5685
14 2618 5686
14 2618 5687
14 2618 5688
14 2618 5689
14 2618 5690
14 2618 5691
14 2618 5692
14 2618 5693
14 2618 5694
14 2618 5695
14 2618 5696
14 2618 5697
14 2618 5698
14 2618 5699
14 2618 5700
14 2618 5701
14 2618 5702
14 2618 5703
14 2618 5704
14 2618 5705
14 2618 5706
14 2619 5672
14 2619 5673
14 2619 5674
14 2619 5675
14 2619 5676
14 2619 5677
14 2619 5678
14 2619 5679
14 2619 5680
14 2619 5681
14 2619 5682
14 2619 5683
14 2619 5684
14 2619 5685
14 2619 5686
14 2619 5687
14 2619 5688
14 2619 5689
14 2619 5690
14 2619 5691
14 2619 5692
14 2619 5693
14 2619 5694
14 2619 5695
14 2619 5696
14 2619 5697
14 2619 5698
14 2619 5699
14 2619 5700
14 2619 5701
14 2619 5702
14 2619 5703
14 2619 5704
14 2619 5705
14 2619 5706
14 2620 5673
14 2620 5674
14 2620 5675
14 2620 5676
14 2620 5677
14 2620 5678
14 2620 5679
14 2620 5680
14 2620 5681
14 2620 5682
14 2620 5683
14 2620 5684
14 2620 5685
14 2620 5686
14 2620 5687
14 2620 5688
14 2620 5689
14 2620 5690
14 2620 5691
14 2620 5692
14 2620 5693
14 2620 5694
14 2620 5695
14 2620 5696
14 2620 5697
14 2620 5698
14 2620 5699
14 2620 5700
14 2620 5701
14 2620 5702
14 2620 5703
14 2620 5704
14 2620 5705
14 2620 5706
14 2621 5672
14 2621 5673
14 2621 5674
14 2621 5675
14 2621 5676
14 2621 5677
14 2621 5678
14 2621 5679
14 2621 5680
14 2621 5681
14 2621 5682
14 2621 5683
14 2621 5684
14 2621 5685
14 2621 5686
14 2621 5687
14 2621 5688
14 2621 5689
14 2621 5690
14 2621 5691
14 2621 5692
14 2621 5693
14 2621 5694
14 2621 5695
14 2621 5696
14 2621 5697
14 2621 5698
14 2621 5699
14 2621 5700
14 2621 5701
14 2621 5702
14 2621 5703
14 2621 5704
14 2621 5705
14 2621 5706
14 2621 5726
14 2621 5727
14 2622 5672
14 2622 5673
14 2622 5674
14 2622 5675
14 2622 5676
14 2622 5677
14 2622 5678
14 2622 5679
14 2622 5680
14 2622 5681
14 2622 5682
14 2622 5683
14 2622 5684
14 2622 5686
14 2622 5687
14 2622 5688
14 2622 5689
14 2622 5690
14 2622 5691
14 2622 5692
14 2622 5693
14 2622 5694
14 2622 5695
14 2622 5696
14 2622 5697
14 2622 5698
14 2622 5699
14 2622 5700
14 2622 5701
14 2622 5702
14 2622 5703
14 2622 5704
14 2622 5705
14 2622 5706
14 2622 5725
14 2622 5726
14 2622 5727
14 2623 5672
14 2623 5673
14 2623 5674
14 2623 5675
14 2623 5676
14 2623 5677
14 2623 5678
14 2623 5679
14 2623 5680
14 2623 5681
14 2623 5682
14 2623 5683
14 2623 5684
14 2623 5686
14 2623 5687
14 2623 5688
14 2623 5689
14 2623 5690
14 2623 5691
14 2623 5692
14 2623 5693
14 2623 5694
14 2623 5695
14 2623 5696
14 2623 5697
14 2623 5698
14 2623 5699
14 2623 5700
14 2623 5701
14 2623 5702
14 2623 5703
14 2623 5704
14 2623 5705
14 2623 5706
14 2624 5672
14 2624 5673
14 2624 5674
14 2624 5675
14 2624 5694
14 2624 5695
14 2624 5696
14 2624 5697
14 2624 5698
14 2624 5699
14 2624 5700
14 2624 5701
14 2624 5702
14 2624 5703
14 2624 5704
14 2625 5672
14 2625 5673
14 2625 5674
14 2625 5675
14 2626 5672
14 2626 5673
14 2626 5674
14 2626 5675
14 2627 5672
14 2627 5673
14 2627 5674
14 2627 5675
14 2627 5676
14 2628 5672
14 2628 5673
14 2628 5674
14 2628 5675
14 2628 5676
14 2629 5672
14 2629 5673
14 2629 5674
14 2629 5675
14 2629 5676
14 2630 5672
14 2630 5673
14 2630 5674
14 2630 5675
14 2630 5676
14 2631 5672
14 2631 5673
14 2631 5674
14 2631 5675
14 2632 5672
15 5214 11412
15 5214 11413
15 5214 11414
15 5214 11415
15 5214 11416
15 5214 11417
15 5214 11418
15 5214 11419
15 5214 11420
15 5215 11412
15 5215 11413
15 5215 11414
15 5215 11415
15 5215 11416
15 5215 11417
15 5215 11418
15 5215 11419
15 5215 11420
15 5216 11412
15 5216 11413
15 5216 11414
15 5216 11415
15 5216 11416
15 5216 11417
15 5216 11418
15 5216 11419
15 5216 11420
15 5216 11421
15 5217 11412
15 5217 11413
15 5217 11414
15 5217 11415
15 5217 11416
15 5217 11417
15 5217 11418
15 5217 11419
15 5217 11420
15 5218 11412
15 5218 11413
15 5218 11414
15 5218 11415
15 5218 11416
15 5218 11417
15 5218 11418
15 5218 11419
15 5218 11420
15 5218 11421
15 5219 11412
15 5219 11413
15 5219 11414
15 5219 11415
15 5219 11416
15 5219 11417
15 5219 11419
15 5219 11420
15 5219 11421
15 5220 11412
15 5220 11413
15 5220 11414
15 5220 11415
15 5220 11416
15 5220 11420
15 5220 11421
15 5221 11412
15 5221 11413
15 5221 11414
15 5221 11415
15 5237 11371
15 5237 11372
15 5238 11371
15 5238 11372
15 5238 11375
15 5238 11409
15 5238 11410
15 5239 11375
15 5239 11376
15 5239 11407
15 5239 11408
15 5239 11409
15 5239 11410
15 5240 11407
15 5240 11408
15 5240 11409
15 5240 11446
15 5243 11439
15 5244 11439
15 5245 11439
15 5246 11439
15 5247 11439
15 5248 11436
15 5248 11437
15 5248 11438
15 5248 11439
15 5249 11436
16 10435 22825
16 10435 22826
16 10436 22825
16 10436 22826
16 10478 22877
17 20872 45651
17 20872 45652
17 20873 45651
17 20873 45652
17 20930 45668
17 20930 45669
17 20930 45670
17 20930 45671
17 20930 45672
17 20931 45668
17 20931 45669
17 20931 45670
17 20931 45671
17 20931 45672
17 20932 45668
17 20932 45669
17 20932 45670
17 20932 45671
17 20932 45672
17 20933 45668
17 20933 45669
17 20933 45670
17 20933 45671
17 20933 45672
17 20934 45667
17 20934 45668
17 20934 45669
17 20934 45670
17 20934 45671
17 20934 45672
17 20935 45667
17 20935 45668
17 20935 45669
17 20935 45670
17 20935 45671
17 20935 45672
17 20936 45667
17 20936 45668
17 20936 45669
17 20936 45670
17 20936 45671
17 20936 45672
17 20937 45668
17 20937 45669
17 20937 45670
17 20937 45671
17 20937 45672
17 20938 45670
17 20963 45783
4 2 5
5 5 11
6 10 22
7 20 44
8 40 89
