12 1030 1688
12 1030 1688
12 1030 1689
12 1030 1689
12 1030 1690
12 1030 1690
12 1030 1691
12 1030 1691
12 1030 1692
12 1030 1692
12 1030 1693
12 1030 1693
12 1030 1694
12 1030 1694
12 1030 1695
12 1030 1695
12 1030 1696
12 1030 1696
12 1030 1697
12 1030 1697
12 1030 1698
12 1030 1698
12 1030 1699
12 1030 1699
12 1031 1688
12 1031 1688
12 1031 1699
12 1031 1699
12 1032 1688
12 1032 1688
12 1032 1699
12 1032 1699
12 1033 1688
12 1033 1688
12 1033 1699
12 1033 1699
12 1034 1688
12 1034 1688
12 1034 1699
12 1034 1699
12 1035 1688
12 1035 1688
12 1035 1699
12 1035 1699
12 1036 1688
12 1036 1688
12 1036 1699
12 1036 1699
12 1037 1688
12 1037 1688
12 1037 1699
12 1037 1699
12 1038 1688
12 1038 1688
12 1038 1699
12 1038 1699
12 1039 1688
12 1039 1688
12 1039 1699
12 1039 1699
13 2061 3376
13 2061 3376
13 2061 3377
13 2061 3377
13 2061 3378
13 2061 3378
13 2061 3379
13 2061 3379
13 2061 3380
13 2061 3380
13 2061 3381
13 2061 3381
13 2061 3382
13 2061 3382
13 2061 3383
13 2061 3383
13 2061 3384
13 2061 3384
13 2061 3385
13 2061 3385
13 2061 3386
13 2061 3386
13 2061 3387
13 2061 3387
13 2061 3388
13 2061 3388
13 2061 3389
13 2061 3389
13 2061 3390
13 2061 3390
13 2061 3391
13 2061 3391
13 2061 3392
13 2061 3392
13 2061 3393
13 2061 3393
13 2061 3394
13 2061 3394
13 2061 3395
13 2061 3395
13 2061 3396
13 2061 3396
13 2061 3397
13 2061 3397
13 2061 3398
13 2061 3398
13 2062 3376
13 2062 3376
13 2062 3377
13 2062 3377
13 2062 3398
13 2062 3398
13 2063 3376
13 2063 3376
13 2063 3377
13 2063 3377
13 2063 3398
13 2063 3398
13 2064 3376
13 2064 3376
13 2064 3377
13 2064 3377
13 2064 3398
13 2064 3398
13 2065 3376
13 2065 3376
13 2065 3377
13 2065 3377
13 2065 3398
13 2065 3398
13 2066 3376
13 2066 3376
13 2066 3377
13 2066 3377
13 2066 3398
13 2066 3398
13 2067 3376
13 2067 3376
13 2067 3377
13 2067 3377
13 2067 3398
13 2067 3398
13 2068 3376
13 2068 3376
13 2068 3377
13 2068 3377
13 2068 3398
13 2068 3398
13 2069 3376
13 2069 3376
13 2069 3377
13 2069 3377
13 2069 3398
13 2069 3398
13 2070 3376
13 2070 3376
13 2070 3377
13 2070 3377
13 2070 3398
13 2070 3398
13 2071 3376
13 2071 3376
13 2071 3377
13 2071 3377
13 2071 3398
13 2071 3398
13 2072 3376
13 2072 3376
13 2072 3377
13 2072 3377
13 2072 3398
13 2072 3398
13 2073 3376
13 2073 3376
13 2073 3377
13 2073 3377
13 2073 3398
13 2073 3398
13 2074 3376
13 2074 3376
13 2074 3377
13 2074 3377
13 2074 3398
13 2074 3398
13 2075 3376
13 2075 3376
13 2075 3377
13 2075 3377
13 2075 3398
13 2075 3398
13 2076 3376
13 2076 3376
13 2076 3377
13 2076 3377
13 2076 3398
13 2076 3398
13 2077 3376
13 2077 3376
13 2077 3377
13 2077 3377
13 2077 3398
13 2077 3398
13 2078 3376
13 2078 3376
13 2078 3377
13 2078 3377
13 2078 3398
13 2078 3398
14 4123 6753
14 4123 6754
14 4123 6755
14 4123 6756
14 4123 6757
14 4123 6758
14 4123 6759
14 4123 6760
14 4123 6761
14 4123 6762
14 4123 6763
14 4123 6764
14 4123 6765
14 4123 6766
14 4123 6767
14 4123 6768
14 4123 6769
14 4123 6770
14 4123 6771
14 4123 6772
14 4123 6773
14 4123 6774
14 4123 6775
14 4123 6776
14 4123 6777
14 4123 6778
14 4123 6779
14 4123 6780
14 4123 6781
14 4123 6782
14 4123 6783
14 4123 6784
14 4123 6785
14 4123 6786
14 4123 6787
14 4123 6788
14 4123 6789
14 4123 6790
14 4123 6791
14 4123 6792
14 4123 6793
14 4123 6794
14 4123 6795
14 4123 6796
15 8247 13507
15 8247 13508
15 8247 13509
15 8247 13510
15 8247 13511
15 8247 13512
15 8247 13513
15 8247 13514
15 8247 13515
15 8247 13516
15 8247 13517
15 8247 13518
15 8247 13519
15 8247 13520
15 8247 13521
15 8247 13522
15 8247 13523
15 8247 13524
15 8247 13525
15 8247 13526
15 8247 13527
15 8247 13528
15 8247 13529
15 8247 13530
15 8247 13531
15 8247 13532
15 8247 13533
15 8247 13534
15 8247 13535
15 8247 13536
15 8247 13537
15 8247 13538
15 8247 13539
15 8247 13540
15 8247 13541
15 8247 13542
15 8247 13543
15 8247 13544
15 8247 13545
15 8247 13546
15 8247 13547
15 8247 13548
15 8247 13549
15 8247 13550
15 8247 13551
15 8247 13552
15 8247 13553
15 8247 13554
15 8247 13555
15 8247 13556
15 8247 13557
15 8247 13558
15 8247 13559
15 8247 13560
15 8247 13561
15 8247 13562
15 8247 13563
15 8247 13564
15 8247 13565
15 8247 13566
15 8247 13567
15 8247 13568
15 8247 13569
15 8247 13570
15 8247 13571
15 8247 13572
15 8247 13573
15 8247 13574
15 8247 13575
15 8247 13576
15 8247 13577
15 8247 13578
15 8247 13579
15 8247 13580
15 8247 13581
15 8247 13582
15 8247 13583
15 8247 13584
15 8247 13585
15 8247 13586
15 8247 13587
15 8247 13588
15 8247 13589
15 8247 13590
15 8247 13591
15 8247 13592
15 8247 13593
16 16495 27015
16 16495 27016
16 16495 27017
16 16495 27018
16 16495 27019
16 16495 27020
16 16495 27021
16 16495 27022
16 16495 27023
16 16495 27024
16 16495 27025
16 16495 27026
16 16495 27027
16 16495 27028
16 16495 27029
16 16495 27030
16 16495 27031
16 16495 27032
16 16495 27033
16 16495 27034
16 16495 27035
16 16495 27036
16 16495 27037
16 16495 27038
16 16495 27039
16 16495 27040
16 16495 27041
16 16495 27042
16 16495 27043
16 16495 27044
16 16495 27045
16 16495 27046
16 16495 27047
16 16495 27048
16 16495 27049
16 16495 27050
16 16495 27051
16 16495 27052
16 16495 27053
16 16495 27054
16 16495 27055
16 16495 27056
16 16495 27057
16 16495 27058
16 16495 27059
16 16495 27060
16 16495 27061
16 16495 27062
16 16495 27063
16 16495 27064
16 16495 27065
16 16495 27066
16 16495 27067
16 16495 27068
16 16495 27069
16 16495 27070
16 16495 27071
16 16495 27072
16 16495 27073
16 16495 27074
16 16495 27075
16 16495 27076
16 16495 27077
16 16495 27078
16 16495 27079
16 16495 27080
16 16495 27081
16 16495 27082
16 16495 27083
16 16495 27084
16 16495 27085
16 16495 27086
16 16495 27087
16 16495 27088
16 16495 27089
16 16495 27090
16 16495 27091
16 16495 27092
16 16495 27093
16 16495 27094
16 16495 27095
16 16495 27096
16 16495 27097
16 16495 27098
16 16495 27099
16 16495 27100
16 16495 27101
16 16495 27102
16 16495 27103
16 16495 27104
16 16495 27105
16 16495 27106
16 16495 27107
16 16495 27108
16 16495 27109
16 16495 27110
16 16495 27111
16 16495 27112
16 16495 27113
16 16495 27114
16 16495 27115
16 16495 27116
16 16495 27117
16 16495 27118
16 16495 27119
16 16495 27120
16 16495 27121
16 16495 27122
16 16495 27123
16 16495 27124
16 16495 27125
16 16495 27126
16 16495 27127
16 16495 27128
16 16495 27129
16 16495 27130
16 16495 27131
16 16495 27132
16 16495 27133
16 16495 27134
16 16495 27135
16 16495 27136
16 16495 27137
16 16495 27138
16 16495 27139
16 16495 27140
16 16495 27141
16 16495 27142
16 16495 27143
16 16495 27144
16 16495 27145
16 16495 27146
16 16495 27147
16 16495 27148
16 16495 27149
16 16495 27150
16 16495 27151
16 16495 27152
16 16495 27153
16 16495 27154
16 16495 27155
16 16495 27156
16 16495 27157
16 16495 27158
16 16495 27159
16 16495 27160
16 16495 27161
16 16495 27162
16 16495 27163
16 16495 27164
16 16495 27165
16 16495 27166
16 16495 27167
16 16495 27168
16 16495 27169
16 16495 27170
16 16495 27171
16 16495 27172
16 16495 27173
16 16495 27174
16 16495 27175
16 16495 27176
16 16495 27177
16 16495 27178
16 16495 27179
16 16495 27180
16 16495 27181
16 16495 27182
16 16495 27183
16 16495 27184
16 16495 27185
16 16495 27186
16 16495 27187
17 32991 54031
17 32991 54032
17 32991 54033
17 32991 54034
17 32991 54035
17 32991 54036
17 32991 54037
17 32991 54038
17 32991 54039
17 32991 54040
17 32991 54041
17 32991 54042
17 32991 54043
17 32991 54044
17 32991 54045
17 32991 54046
17 32991 54047
17 32991 54048
17 32991 54049
17 32991 54050
17 32991 54051
17 32991 54052
17 32991 54053
17 32991 54054
17 32991 54055
17 32991 54056
17 32991 54057
17 32991 54058
17 32991 54059
17 32991 54060
17 32991 54061
17 32991 54062
17 32991 54063
17 32991 54064
17 32991 54065
17 32991 54066
17 32991 54067
17 32991 54068
17 32991 54069
17 32991 54070
17 32991 54071
17 32991 54072
17 32991 54073
17 32991 54074
17 32991 54075
17 32991 54076
17 32991 54077
17 32991 54078
17 32991 54079
17 32991 54080
17 32991 54081
17 32991 54082
17 32991 54083
17 32991 54084
17 32991 54085
17 32991 54086
17 32991 54087
17 32991 54088
17 32991 54089
17 32991 54090
17 32991 54091
17 32991 54092
17 32991 54093
17 32991 54094
17 32991 54095
17 32991 54096
17 32991 54097
17 32991 54098
17 32991 54099
17 32991 54100
17 32991 54101
17 32991 54102
17 32991 54103
17 32991 54104
17 32991 54105
17 32991 54106
17 32991 54107
17 32991 54108
17 32991 54109
17 32991 54110
17 32991 54111
17 32991 54112
17 32991 54113
17 32991 54114
17 32991 54115
17 32991 54116
17 32991 54117
17 32991 54118
17 32991 54119
17 32991 54120
17 32991 54121
17 32991 54122
17 32991 54123
17 32991 54124
17 32991 54125
17 32991 54126
17 32991 54127
17 32991 54128
17 32991 54129
17 32991 54130
17 32991 54131
17 32991 54132
17 32991 54133
17 32991 54134
17 32991 54135
17 32991 54136
17 32991 54137
17 32991 54138
17 32991 54139
17 32991 54140
17 32991 54141
17 32991 54142
17 32991 54143
17 32991 54144
17 32991 54145
17 32991 54146
17 32991 54147
17 32991 54148
17 32991 54149
17 32991 54150
17 32991 54151
17 32991 54152
17 32991 54153
17 32991 54154
17 32991 54155
17 32991 54156
17 32991 54157
17 32991 54158
17 32991 54159
17 32991 54160
17 32991 54161
17 32991 54162
17 32991 54163
17 32991 54164
17 32991 54165
17 32991 54166
17 32991 54167
17 32991 54168
17 32991 54169
17 32991 54170
17 32991 54171
17 32991 54172
17 32991 54173
17 32991 54174
17 32991 54175
17 32991 54176
17 32991 54177
17 32991 54178
17 32991 54179
17 32991 54180
17 32991 54181
17 32991 54182
17 32991 54183
17 32991 54184
17 32991 54185
17 32991 54186
17 32991 54187
17 32991 54188
17 32991 54189
17 32991 54190
17 32991 54191
17 32991 54192
17 32991 54193
17 32991 54194
17 32991 54195
17 32991 54196
17 32991 54197
17 32991 54198
17 32991 54199
17 32991 54200
17 32991 54201
17 32991 54202
17 32991 54203
17 32991 54204
17 32991 54205
17 32991 54206
17 32991 54207
17 32991 54208
17 32991 54209
17 32991 54210
17 32991 54211
17 32991 54212
17 32991 54213
17 32991 54214
17 32991 54215
17 32991 54216
17 32991 54217
17 32991 54218
17 32991 54219
17 32991 54220
17 32991 54221
17 32991 54222
17 32991 54223
17 32991 54224
17 32991 54225
17 32991 54226
17 32991 54227
17 32991 54228
17 32991 54229
17 32991 54230
17 32991 54231
17 32991 54232
17 32991 54233
17 32991 54234
17 32991 54235
17 32991 54236
17 32991 54237
17 32991 54238
17 32991 54239
17 32991 54240
17 32991 54241
17 32991 54242
17 32991 54243
17 32991 54244
17 32991 54245
17 32991 54246
17 32991 54247
17 32991 54248
17 32991 54249
17 32991 54250
17 32991 54251
17 32991 54252
17 32991 54253
17 32991 54254
17 32991 54255
17 32991 54256
17 32991 54257
17 32991 54258
17 32991 54259
17 32991 54260
17 32991 54261
17 32991 54262
17 32991 54263
17 32991 54264
17 32991 54265
17 32991 54266
17 32991 54267
17 32991 54268
17 32991 54269
17 32991 54270
17 32991 54271
17 32991 54272
17 32991 54273
17 32991 54274
17 32991 54275
17 32991 54276
17 32991 54277
17 32991 54278
17 32991 54279
17 32991 54280
17 32991 54281
17 32991 54282
17 32991 54283
17 32991 54284
17 32991 54285
17 32991 54286
17 32991 54287
17 32991 54288
17 32991 54289
17 32991 54290
17 32991 54291
17 32991 54292
17 32991 54293
17 32991 54294
17 32991 54295
17 32991 54296
17 32991 54297
17 32991 54298
17 32991 54299
17 32991 54300
17 32991 54301
17 32991 54302
17 32991 54303
17 32991 54304
17 32991 54305
17 32991 54306
17 32991 54307
17 32991 54308
17 32991 54309
17 32991 54310
17 32991 54311
17 32991 54312
17 32991 54313
17 32991 54314
17 32991 54315
17 32991 54316
17 32991 54317
17 32991 54318
17 32991 54319
17 32991 54320
17 32991 54321
17 32991 54322
17 32991 54323
17 32991 54324
17 32991 54325
17 32991 54326
17 32991 54327
17 32991 54328
17 32991 54329
17 32991 54330
17 32991 54331
17 32991 54332
17 32991 54333
17 32991 54334
17 32991 54335
17 32991 54336
17 32991 54337
17 32991 54338
17 32991 54339
17 32991 54340
17 32991 54341
17 32991 54342
17 32991 54343
17 32991 54344
17 32991 54345
17 32991 54346
17 32991 54347
17 32991 54348
17 32991 54349
17 32991 54350
17 32991 54351
17 32991 54352
17 32991 54353
17 32991 54354
17 32991 54355
17 32991 54356
17 32991 54357
17 32991 54358
17 32991 54359
17 32991 54360
17 32991 54361
17 32991 54362
17 32991 54363
17 32991 54364
17 32991 54365
17 32991 54366
17 32991 54367
17 32991 54368
17 32991 54369
17 32991 54370
17 32991 54371
17 32991 54372
17 32991 54373
17 32991 54374
18 65982 108062
3 2 3
4 4 6
4 4 6
5 8 13
5 8 13
6 16 26
6 16 26
7 32 52
7 32 52
7 32 53
7 32 53
