12 1129 1705
12 1129 1705
13 2257 3410
13 2257 3410
13 2258 3410
13 2258 3410
13 2258 3411
13 2258 3411
14 4512 6821
14 4512 6827
14 4512 6828
14 4512 6829
14 4515 6821
14 4515 6822
14 4516 6821
14 4516 6823
15 9024 13642
15 9024 13643
15 9024 13649
15 9024 13650
15 9024 13651
15 9024 13652
15 9024 13653
15 9024 13654
15 9024 13655
15 9024 13656
15 9024 13657
15 9024 13658
15 9029 13644
15 9029 13645
15 9030 13646
15 9031 13643
15 9031 13647
15 9033 13643
15 9035 13648
16 18048 27285
16 18048 27286
16 18048 27287
16 18048 27292
16 18048 27293
16 18048 27294
16 18048 27295
16 18048 27296
16 18048 27297
16 18048 27298
16 18048 27299
16 18048 27300
16 18048 27301
16 18048 27302
16 18048 27303
16 18048 27304
16 18048 27305
16 18048 27306
16 18048 27307
16 18048 27308
16 18048 27309
16 18048 27310
16 18048 27311
16 18048 27312
16 18048 27313
16 18048 27314
16 18048 27315
16 18048 27316
16 18056 27288
16 18057 27289
16 18058 27290
16 18058 27291
16 18063 27286
16 18063 27315
16 18067 27286
17 36096 54571
18 72192 109143
3 2 3
4 4 6
4 4 6
5 8 13
5 8 13
6 17 26
6 17 26
7 35 53
7 35 53
8 70 106
8 70 106
