12 1171 1566
12 1171 1566
13 2343 3132
13 2343 3132
13 2343 3133
13 2343 3133
13 2345 3134
13 2345 3134
14 4687 6265
14 4687 6266
14 4687 6267
14 4688 6265
14 4688 6266
14 4690 6268
14 4690 6269
14 4691 6266
15 9375 12530
15 9375 12531
15 9375 12532
15 9375 12533
15 9375 12534
15 9375 12535
15 9375 12536
15 9375 12539
15 9376 12530
15 9376 12531
15 9376 12532
15 9376 12533
15 9376 12534
15 9376 12535
15 9377 12531
15 9377 12532
15 9377 12533
15 9378 12531
15 9379 12537
15 9379 12538
15 9380 12535
15 9380 12536
15 9381 12535
15 9381 12536
16 18751 25060
16 18751 25061
16 18751 25062
16 18751 25063
16 18751 25064
16 18751 25065
16 18751 25066
16 18751 25067
16 18751 25068
16 18751 25069
16 18751 25070
16 18751 25071
16 18751 25072
16 18751 25073
16 18751 25074
16 18751 25075
16 18751 25076
16 18751 25077
16 18751 25078
16 18752 25060
16 18752 25064
16 18752 25065
16 18752 25066
16 18752 25069
16 18752 25072
16 18752 25074
16 18752 25076
16 18752 25077
16 18753 25062
16 18753 25065
16 18753 25067
16 18753 25068
16 18753 25071
16 18753 25073
16 18753 25074
16 18753 25075
16 18753 25076
16 18753 25077
16 18754 25063
16 18754 25065
16 18754 25066
16 18754 25070
16 18754 25071
16 18754 25072
16 18754 25073
16 18754 25075
16 18754 25076
16 18755 25062
16 18755 25063
16 18755 25064
16 18755 25065
16 18755 25069
16 18755 25073
16 18755 25074
16 18755 25075
16 18755 25076
16 18755 25077
16 18755 25078
16 18756 25063
16 18756 25064
16 18756 25067
16 18756 25069
16 18756 25072
16 18756 25074
16 18756 25076
16 18757 25062
16 18757 25064
16 18757 25065
16 18757 25069
16 18757 25070
16 18757 25071
16 18757 25072
16 18757 25074
16 18757 25075
16 18758 25062
16 18758 25064
16 18758 25066
16 18758 25067
16 18758 25068
16 18758 25069
16 18758 25070
16 18758 25071
16 18758 25072
16 18758 25073
16 18758 25074
16 18758 25076
16 18759 25069
16 18759 25070
16 18759 25071
16 18759 25074
16 18760 25065
16 18760 25067
16 18760 25070
16 18761 25066
16 18761 25068
16 18761 25070
16 18761 25072
16 18762 25067
16 18763 25070
16 18763 25071
16 18763 25072
17 37502 50120
17 37502 50121
17 37502 50122
17 37502 50123
17 37502 50124
17 37502 50125
17 37502 50126
17 37502 50127
17 37502 50128
17 37502 50129
17 37502 50130
17 37502 50131
17 37502 50132
17 37502 50133
17 37502 50134
17 37502 50135
17 37502 50136
17 37502 50137
17 37502 50138
17 37502 50139
17 37502 50140
17 37502 50141
17 37502 50142
17 37502 50143
17 37502 50144
17 37502 50145
17 37502 50146
17 37502 50147
17 37502 50148
17 37502 50149
17 37502 50150
17 37502 50151
17 37502 50152
17 37502 50153
17 37502 50154
17 37502 50155
17 37502 50156
17 37502 50157
18 75004 100240
18 75004 100241
18 75004 100242
18 75004 100243
18 75004 100244
18 75004 100245
18 75004 100246
18 75004 100247
18 75004 100248
18 75004 100249
18 75004 100250
18 75004 100251
18 75004 100252
18 75004 100253
18 75004 100254
18 75004 100255
18 75004 100256
18 75004 100257
18 75004 100258
18 75004 100259
18 75004 100260
18 75004 100261
18 75004 100262
18 75004 100263
18 75004 100264
18 75004 100265
18 75004 100266
18 75004 100267
18 75004 100268
18 75004 100269
18 75004 100270
18 75004 100271
18 75004 100272
18 75004 100273
18 75004 100274
18 75004 100275
18 75004 100276
18 75004 100277
18 75004 100278
18 75004 100279
18 75004 100280
18 75004 100281
18 75004 100282
18 75004 100283
18 75004 100284
18 75004 100285
18 75004 100286
18 75004 100287
18 75004 100288
18 75004 100289
18 75004 100290
18 75004 100291
18 75004 100292
18 75004 100293
18 75004 100294
18 75004 100295
18 75004 100296
18 75004 100297
18 75004 100298
18 75004 100299
18 75004 100300
18 75004 100301
18 75004 100302
18 75004 100303
18 75004 100304
18 75004 100305
18 75004 100306
18 75004 100307
18 75004 100308
18 75004 100309
18 75004 100310
18 75004 100311
18 75004 100312
18 75004 100313
18 75004 100314
18 75004 100315
3 2 3
4 4 6
4 4 6
5 9 12
5 9 12
6 18 24
6 18 24
7 36 48
7 36 48
