12 659 1428
12 659 1429
12 659 1430
12 659 1431
12 659 1432
12 659 1433
12 660 1430
12 660 1431
12 660 1432
12 660 1433
12 661 1431
12 661 1432
12 661 1433
12 662 1431
12 662 1432
12 662 1433
12 663 1431
12 663 1432
12 663 1433
12 664 1431
12 664 1432
12 664 1433
12 665 1430
12 665 1431
12 665 1432
12 666 1430
12 666 1431
12 666 1432
13 1317 2857
13 1317 2858
13 1317 2859
13 1317 2860
13 1317 2861
13 1318 2857
13 1318 2858
13 1318 2859
13 1318 2860
13 1318 2861
13 1318 2862
13 1319 2860
13 1319 2861
13 1319 2862
13 2304 3483
13 2305 3481
13 2305 3482
13 2305 3483
13 2306 3481
13 2306 3482
13 2306 3483
13 2307 3481
13 2307 3482
13 2307 3483
13 2307 3484
13 2308 3481
13 2308 3482
13 2308 3483
13 2308 3484
4 3 4
4 4 4
4 5 7
5 6 10
5 6 11
5 6 12
5 6 13
5 6 14
5 7 9
6 12 21
6 12 22
6 14 29
6 14 30
6 15 29
6 15 30
6 21 22
6 21 23
6 21 24
7 23 43
7 23 44
7 23 45
7 24 44
7 24 45
7 40 44
7 41 44
7 41 45
7 41 53
8 82 91
