12 1197 1561
12 1197 1561
13 2394 3117
13 2394 3117
13 2394 3120
13 2394 3120
13 2394 3121
13 2394 3121
13 2394 3122
13 2394 3122
13 2395 3122
13 2395 3122
13 2397 3117
13 2397 3117
13 2397 3118
13 2397 3118
13 2397 3119
13 2397 3119
13 2397 3122
13 2397 3122
14 4788 6234
14 4788 6235
14 4788 6236
14 4788 6237
14 4788 6238
14 4788 6239
14 4788 6240
14 4788 6241
14 4788 6242
14 4788 6243
14 4788 6244
14 4788 6245
15 9577 12469
15 9577 12470
15 9577 12471
15 9577 12472
15 9577 12473
15 9577 12474
15 9577 12475
15 9577 12476
15 9577 12477
15 9577 12478
15 9577 12479
15 9577 12480
15 9577 12481
15 9577 12482
15 9577 12483
15 9577 12484
15 9577 12485
15 9577 12486
15 9577 12487
15 9577 12488
15 9577 12489
15 9577 12490
15 9577 12491
16 19155 24938
16 19155 24939
16 19155 24940
16 19155 24941
16 19155 24942
16 19155 24943
16 19155 24944
16 19155 24945
16 19155 24946
16 19155 24947
16 19155 24948
16 19155 24949
16 19155 24950
16 19155 24951
16 19155 24952
16 19155 24953
16 19155 24954
16 19155 24955
16 19155 24956
16 19155 24957
16 19155 24958
16 19155 24959
16 19155 24960
16 19155 24961
16 19155 24962
16 19155 24963
16 19155 24964
16 19155 24965
16 19155 24966
16 19155 24967
16 19155 24968
16 19155 24969
16 19155 24970
16 19155 24971
16 19155 24972
16 19155 24973
16 19155 24974
16 19155 24975
16 19155 24976
16 19155 24977
16 19155 24978
16 19155 24979
16 19155 24980
16 19155 24981
16 19155 24982
16 19160 24953
17 38311 49876
18 76623 99753
3 2 3
4 4 6
4 4 6
5 9 12
5 9 12
6 18 24
6 18 24
7 37 48
7 37 48
