13 2248 3318
13 2248 3318
13 2248 3319
13 2248 3319
13 2250 3316
13 2250 3316
14 4497 6636
14 4497 6637
14 4497 6638
14 4497 6639
14 4500 6633
14 4500 6634
15 8995 13266
15 8995 13271
15 8995 13272
15 8995 13273
15 8995 13274
15 8995 13275
15 8995 13276
15 8995 13277
15 8995 13278
15 8999 13267
15 9000 13268
15 9000 13269
15 9000 13270
16 17990 26533
16 17990 26534
16 17990 26538
16 17990 26539
16 17990 26540
16 17990 26541
16 17990 26542
16 17990 26543
16 17990 26544
16 17990 26545
16 17990 26546
16 17990 26547
16 17990 26548
16 17990 26549
16 17990 26550
16 17990 26551
16 17990 26552
16 17990 26553
16 17990 26554
16 17990 26555
16 17990 26556
16 17998 26535
16 17999 26536
16 17999 26537
17 35980 53066
17 35980 53067
17 35980 53068
17 35980 53069
17 35980 53070
17 35980 53071
17 35980 53072
17 35980 53073
17 35980 53074
17 35980 53075
17 35980 53076
17 35980 53077
17 35980 53078
17 35980 53079
17 35980 53080
17 35980 53081
17 35980 53082
17 35980 53083
17 35980 53084
17 35980 53085
17 35980 53086
17 35980 53087
17 35980 53088
17 35980 53089
17 35980 53090
17 35980 53091
17 35980 53092
17 35980 53093
17 35980 53094
17 35980 53095
17 35980 53096
17 35980 53097
17 35980 53098
17 35980 53099
17 35980 53100
17 35980 53101
17 35980 53102
17 35980 53103
17 35980 53104
17 35980 53105
17 35980 53106
17 35980 53107
17 35980 53108
17 35980 53109
17 35980 53110
17 35980 53111
17 35980 53112
17 35980 53113
18 71960 106132
3 2 3
4 4 6
4 4 6
5 8 12
5 8 12
6 17 25
6 17 25
7 35 51
7 35 51
8 70 103
8 70 103
