12 1183 1600
12 1183 1600
13 2362 3203
13 2362 3203
13 2363 3203
13 2363 3203
13 2364 3200
13 2364 3200
13 2364 3203
13 2364 3203
13 2365 3200
13 2365 3200
13 2365 3203
13 2365 3203
13 2366 3200
13 2366 3200
13 2366 3201
13 2366 3201
13 2366 3203
13 2366 3203
14 4724 6400
14 4724 6401
14 4724 6402
14 4724 6404
14 4724 6405
14 4724 6406
14 4732 6403
15 9449 12801
15 9449 12802
15 9449 12803
15 9449 12804
15 9449 12805
15 9449 12806
15 9449 12807
15 9449 12808
15 9449 12809
15 9449 12810
15 9449 12811
15 9449 12812
15 9449 12813
16 18898 25603
17 37797 51207
18 75595 102415
3 2 3
4 4 6
4 4 6
5 9 12
5 9 12
6 18 25
6 18 25
