11 561 824
12 1120 1652
12 1120 1652
12 1121 1649
12 1121 1649
12 1122 1649
12 1122 1649
12 1122 1650
12 1122 1650
12 1122 1651
12 1122 1651
12 1122 1652
12 1122 1652
13 2240 3301
13 2240 3301
13 2240 3302
13 2240 3302
13 2240 3303
13 2240 3303
13 2240 3304
13 2240 3304
13 2240 3305
13 2240 3305
13 2241 3304
13 2241 3304
13 2241 3305
13 2241 3305
13 2242 3298
13 2242 3298
13 2242 3299
13 2242 3299
13 2243 3298
13 2243 3298
13 2243 3299
13 2243 3299
13 2243 3300
13 2243 3300
13 2243 3301
13 2243 3301
13 2243 3302
13 2243 3302
13 2244 3298
13 2244 3298
13 2244 3299
13 2244 3299
13 2244 3300
13 2244 3300
13 2244 3301
13 2244 3301
13 2244 3302
13 2244 3302
13 2244 3303
13 2244 3303
13 2244 3304
13 2244 3304
13 2244 3305
13 2244 3305
13 2245 3298
13 2245 3298
13 2245 3299
13 2245 3299
13 2245 3300
13 2245 3300
13 2245 3301
13 2245 3301
13 2245 3302
13 2245 3302
13 2245 3303
13 2245 3303
13 2245 3304
13 2245 3304
13 2245 3305
13 2245 3305
14 4480 6596
14 4480 6597
14 4480 6598
14 4480 6599
14 4480 6600
14 4480 6601
14 4480 6602
14 4480 6603
14 4480 6604
14 4480 6605
14 4480 6606
14 4480 6607
14 4480 6608
14 4480 6609
14 4480 6610
14 4480 6611
15 8961 13192
15 8961 13193
15 8961 13194
15 8961 13195
15 8961 13196
15 8961 13197
15 8961 13198
15 8961 13199
15 8961 13200
15 8961 13201
15 8961 13202
15 8961 13203
15 8961 13204
15 8961 13205
15 8961 13206
15 8961 13207
15 8961 13208
15 8961 13209
15 8961 13210
15 8961 13211
15 8961 13212
15 8961 13213
15 8961 13214
15 8961 13215
15 8961 13216
15 8961 13217
15 8961 13218
15 8961 13219
15 8961 13220
15 8961 13221
15 8961 13222
15 8961 13223
16 17922 26385
16 17922 26386
16 17922 26387
16 17922 26388
16 17922 26389
16 17922 26390
16 17922 26391
16 17922 26392
16 17922 26393
16 17922 26394
16 17922 26395
16 17922 26396
16 17922 26397
16 17922 26398
16 17922 26399
16 17922 26400
16 17922 26401
16 17922 26402
16 17922 26403
16 17922 26404
16 17922 26405
16 17922 26406
16 17922 26407
16 17922 26408
16 17922 26409
16 17922 26410
16 17922 26411
16 17922 26412
16 17922 26413
16 17922 26414
16 17922 26415
16 17922 26416
16 17922 26417
16 17922 26418
16 17922 26419
16 17922 26420
16 17922 26421
16 17922 26422
16 17922 26423
16 17922 26424
16 17922 26425
16 17922 26426
16 17922 26427
16 17922 26428
16 17922 26429
16 17922 26430
16 17922 26431
16 17922 26432
16 17922 26433
16 17922 26434
16 17922 26435
16 17922 26436
16 17922 26437
16 17922 26438
16 17922 26439
16 17922 26440
16 17922 26441
16 17922 26442
16 17922 26443
16 17922 26444
16 17922 26445
16 17922 26446
16 17922 26447
17 35845 52771
18 71690 105542
3 2 3
4 4 6
4 4 6
5 8 12
5 8 12
6 17 25
6 17 25
7 35 51
7 35 51
8 70 103
8 70 103
