13 2149 3383
13 2149 3399
13 2150 3383
13 2150 3399
13 2151 3383
13 2151 3399
13 2152 3383
13 2152 3399
13 2153 3383
13 2153 3399
13 2154 3383
13 2154 3399
13 2155 3383
13 2155 3399
13 2156 3383
13 2156 3399
13 2157 3383
13 2157 3399
13 2158 3383
13 2158 3399
13 2159 3383
13 2159 3399
13 2160 3383
13 2160 3399
13 2161 3383
13 2161 3399
13 2162 3383
13 2162 3399
13 2163 3383
13 2163 3399
13 2164 3383
13 2164 3399
13 2165 3383
13 2165 3399
13 2166 3383
13 2166 3399
13 2167 3383
13 2167 3399
13 2168 3383
13 2168 3399
13 2169 3383
13 2169 3384
13 2169 3385
13 2169 3386
13 2169 3387
13 2169 3388
13 2169 3389
13 2169 3390
13 2169 3391
13 2169 3393
13 2169 3394
13 2169 3395
13 2169 3396
13 2169 3397
13 2169 3398
13 2169 3399
