10 166 356
11 325 714
11 325 715
11 325 716
11 325 717
11 326 714
11 326 715
11 326 716
11 326 717
11 327 714
11 327 715
11 327 716
11 327 717
11 328 714
11 328 715
11 328 716
11 328 717
11 329 714
11 329 715
11 329 716
11 329 717
11 330 714
11 330 715
11 330 716
11 330 717
11 332 714
12 653 1430
12 653 1431
12 653 1432
12 654 1430
12 654 1431
12 654 1432
12 655 1430
12 655 1431
12 655 1432
12 656 1430
12 656 1431
12 656 1432
12 657 1430
12 657 1431
12 657 1432
12 658 1428
12 658 1430
12 658 1431
12 658 1432
13 1308 2862
13 1308 2863
13 1308 2864
13 1309 2862
13 1309 2863
13 1309 2864
13 1310 2862
13 1310 2863
13 1310 2864
13 1311 2862
13 1311 2863
13 1311 2864
13 1312 2862
13 1312 2863
13 1316 2858
14 2619 5725
14 2619 5726
14 2619 5727
14 2620 5725
14 2620 5726
14 2620 5727
14 2621 5716
14 2621 5717
14 2621 5725
14 2621 5726
14 2621 5727
14 2622 5725
14 2622 5726
14 2622 5727
14 2623 5725
14 2623 5726
14 2623 5727
14 2624 5725
14 2624 5726
14 2624 5727
3 0 0
3 0 4
3 1 4
3 2 1
3 2 2
3 2 3
3 2 4
3 3 1
3 3 2
3 3 3
3 3 4
3 4 1
3 4 2
3 4 3
3 4 4
3 5 2
3 5 3
3 5 4
3 6 1
3 6 2
3 6 3
3 6 4
3 7 1
3 7 2
3 7 3
3 7 4
4 3 4
5 6 10
6 12 21
7 23 43
8 41 88
9 83 177
