12 1169 1625
12 1169 1625
12 1169 1626
12 1169 1626
13 2331 3250
13 2331 3250
13 2331 3261
13 2331 3261
13 2332 3250
13 2332 3250
13 2332 3261
13 2332 3261
13 2333 3250
13 2333 3250
13 2333 3261
13 2333 3261
13 2334 3250
13 2334 3250
13 2334 3261
13 2334 3261
13 2335 3250
13 2335 3250
13 2335 3261
13 2335 3261
13 2336 3250
13 2336 3250
13 2336 3261
13 2336 3261
13 2337 3250
13 2337 3250
13 2337 3251
13 2337 3251
13 2337 3252
13 2337 3252
13 2337 3253
13 2337 3253
13 2337 3261
13 2337 3261
13 2338 3250
13 2338 3250
13 2338 3251
13 2338 3251
13 2338 3252
13 2338 3252
13 2338 3253
13 2338 3253
13 2338 3261
13 2338 3261
14 4662 6501
14 4662 6502
14 4662 6503
14 4662 6504
14 4662 6505
14 4662 6506
14 4662 6507
14 4662 6508
14 4662 6509
14 4662 6510
14 4662 6511
14 4662 6512
14 4662 6513
14 4662 6514
14 4662 6515
14 4662 6516
14 4662 6517
14 4662 6518
14 4662 6519
14 4662 6520
14 4662 6521
14 4662 6522
15 9325 13003
15 9325 13004
15 9325 13005
15 9325 13006
15 9325 13007
15 9325 13008
15 9325 13009
15 9325 13010
15 9325 13011
15 9325 13012
15 9325 13013
15 9325 13014
15 9325 13015
15 9325 13016
15 9325 13017
15 9325 13018
15 9325 13019
15 9325 13020
15 9325 13021
15 9325 13022
15 9325 13023
15 9325 13024
15 9325 13025
15 9325 13026
15 9325 13027
15 9325 13028
15 9325 13029
15 9325 13030
15 9325 13031
15 9325 13032
15 9325 13033
15 9325 13034
15 9325 13035
15 9325 13036
15 9325 13037
15 9325 13038
15 9325 13039
15 9325 13040
15 9325 13041
15 9325 13042
15 9325 13043
15 9325 13044
15 9325 13045
16 18651 26007
16 18691 26057
17 37303 52015
18 74607 104030
3 2 3
4 4 6
4 4 6
5 9 12
5 9 12
6 18 25
6 18 25
7 36 50
7 36 50
