13 2376 3117
13 2376 3118
13 2376 3119
13 2376 3120
13 2376 3121
13 2376 3122
13 2376 3123
13 2376 3124
13 2376 3125
13 2376 3126
13 2376 3127
13 2376 3128
13 2376 3129
13 2376 3130
13 2376 3131
13 2376 3132
13 2376 3133
13 2376 3134
13 2376 3135
13 2376 3136
13 2376 3137
13 2376 3138
13 2377 3117
13 2377 3138
13 2378 3117
13 2378 3138
13 2379 3117
13 2379 3138
13 2380 3117
13 2380 3138
13 2381 3117
13 2381 3138
13 2382 3117
13 2382 3138
13 2383 3117
13 2383 3138
13 2384 3117
13 2384 3138
13 2385 3117
13 2385 3138
13 2386 3117
13 2386 3138
13 2387 3117
13 2387 3138
13 2388 3117
13 2388 3138
13 2389 3117
13 2389 3138
13 2390 3117
13 2390 3138
13 2391 3117
13 2391 3138
13 2392 3117
13 2392 3138
13 2393 3117
13 2393 3138
