10 292 404
11 585 809
12 1170 1619
12 1170 1619
12 1170 1620
12 1170 1620
12 1170 1621
12 1170 1621
12 1170 1622
12 1170 1622
12 1170 1623
12 1170 1623
12 1170 1624
12 1170 1624
12 1171 1619
12 1171 1619
12 1171 1623
12 1171 1623
12 1171 1624
12 1171 1624
12 1172 1619
12 1172 1619
12 1173 1619
12 1173 1619
12 1174 1619
12 1174 1619
12 1175 1619
12 1175 1619
12 1176 1619
12 1176 1619
13 2341 3239
13 2341 3239
13 2341 3240
13 2341 3240
13 2341 3241
13 2341 3241
13 2341 3242
13 2341 3242
13 2341 3243
13 2341 3243
13 2341 3244
13 2341 3244
13 2341 3245
13 2341 3245
13 2341 3246
13 2341 3246
13 2341 3247
13 2341 3247
13 2341 3248
13 2341 3248
13 2342 3239
13 2342 3239
13 2342 3246
13 2342 3246
13 2342 3247
13 2342 3247
13 2342 3248
13 2342 3248
13 2343 3239
13 2343 3239
13 2343 3246
13 2343 3246
13 2343 3247
13 2343 3247
13 2343 3248
13 2343 3248
13 2344 3239
13 2344 3239
13 2344 3240
13 2344 3240
13 2345 3239
13 2345 3239
13 2345 3240
13 2345 3240
13 2346 3239
13 2346 3239
13 2347 3239
13 2347 3239
13 2348 3239
13 2348 3239
13 2349 3239
13 2349 3239
13 2350 3239
13 2350 3239
13 2351 3239
13 2351 3239
13 2352 3239
13 2352 3239
14 4683 6479
14 4683 6480
14 4683 6481
14 4683 6482
14 4683 6483
14 4683 6484
14 4683 6485
14 4683 6486
14 4683 6487
14 4683 6488
14 4683 6489
14 4683 6490
14 4683 6491
14 4683 6492
14 4683 6493
14 4683 6494
14 4683 6495
14 4683 6496
14 4683 6497
15 9367 12959
15 9367 12960
15 9367 12961
15 9367 12962
15 9367 12963
15 9367 12964
15 9367 12965
15 9367 12966
15 9367 12967
15 9367 12968
15 9367 12969
15 9367 12970
15 9367 12971
15 9367 12972
15 9367 12973
15 9367 12974
15 9367 12975
15 9367 12976
15 9367 12977
15 9367 12978
15 9367 12979
15 9367 12980
15 9367 12981
15 9367 12982
15 9367 12983
15 9367 12984
15 9367 12985
15 9367 12986
15 9367 12987
15 9367 12988
15 9367 12989
15 9367 12990
15 9367 12991
15 9367 12992
15 9367 12993
15 9367 12994
15 9367 12995
16 18735 25919
16 18735 25920
16 18735 25921
16 18735 25922
16 18735 25923
16 18735 25924
16 18735 25925
16 18735 25926
16 18735 25927
16 18735 25928
16 18735 25929
16 18735 25930
16 18735 25931
16 18735 25932
16 18735 25933
16 18735 25934
16 18735 25935
16 18735 25936
16 18735 25937
16 18735 25938
16 18735 25939
16 18735 25940
16 18735 25941
16 18735 25942
16 18735 25943
16 18735 25944
16 18735 25945
16 18735 25946
16 18735 25947
16 18735 25948
16 18735 25949
16 18735 25950
16 18735 25951
16 18735 25952
16 18735 25953
16 18735 25954
16 18735 25955
16 18735 25956
16 18735 25957
16 18735 25958
16 18735 25959
16 18735 25960
16 18735 25961
16 18735 25962
16 18735 25963
16 18735 25964
16 18735 25965
16 18735 25966
16 18735 25967
16 18735 25968
16 18735 25969
16 18735 25970
16 18735 25971
16 18735 25972
16 18735 25973
16 18735 25974
16 18735 25975
16 18735 25976
16 18735 25977
16 18735 25978
16 18735 25979
16 18735 25980
16 18735 25981
16 18735 25982
16 18735 25983
16 18735 25984
16 18735 25985
16 18735 25986
16 18735 25987
16 18735 25988
16 18735 25989
16 18735 25990
16 18735 25991
16 18739 25948
16 18741 25939
16 18774 25971
17 37471 51839
17 37471 51840
17 37471 51841
17 37471 51842
17 37471 51843
17 37471 51844
17 37471 51845
17 37471 51846
17 37471 51847
17 37471 51848
17 37471 51849
17 37471 51850
17 37471 51851
17 37471 51852
17 37471 51853
17 37471 51854
17 37471 51855
17 37471 51856
17 37471 51857
17 37471 51858
17 37471 51859
17 37471 51860
17 37471 51861
17 37471 51862
17 37471 51863
17 37471 51864
17 37471 51865
17 37471 51866
17 37471 51867
17 37471 51868
17 37471 51869
17 37471 51870
17 37471 51871
17 37471 51872
17 37471 51873
17 37471 51874
17 37471 51875
17 37471 51876
17 37471 51877
17 37471 51878
17 37471 51879
17 37471 51880
17 37471 51881
17 37471 51882
17 37471 51883
17 37471 51884
17 37471 51885
17 37471 51886
17 37471 51887
17 37471 51888
17 37471 51889
17 37471 51890
17 37471 51891
17 37471 51892
17 37471 51893
17 37471 51894
17 37471 51895
17 37471 51896
17 37471 51897
17 37471 51898
17 37471 51899
17 37471 51900
17 37471 51901
17 37471 51902
17 37471 51903
17 37471 51904
17 37471 51905
17 37471 51906
17 37471 51907
17 37471 51908
17 37471 51909
17 37471 51910
17 37471 51911
17 37471 51912
17 37471 51913
17 37471 51914
17 37471 51915
17 37471 51916
17 37471 51917
17 37471 51918
17 37471 51919
17 37471 51920
17 37471 51921
17 37471 51922
17 37471 51923
17 37471 51924
17 37471 51925
17 37471 51926
17 37471 51927
17 37471 51928
17 37471 51929
17 37471 51930
17 37471 51931
17 37471 51932
17 37471 51933
17 37471 51934
17 37471 51935
17 37471 51936
17 37471 51937
17 37471 51938
17 37471 51939
17 37471 51940
17 37471 51941
17 37471 51942
17 37471 51943
17 37471 51944
17 37471 51945
17 37471 51946
17 37471 51947
17 37471 51948
17 37471 51949
17 37471 51950
17 37471 51951
17 37471 51952
17 37471 51953
17 37471 51954
17 37471 51955
17 37471 51956
17 37471 51957
17 37471 51958
17 37471 51959
17 37471 51960
17 37471 51961
17 37471 51962
17 37471 51963
17 37471 51964
17 37471 51965
17 37471 51966
17 37471 51967
17 37471 51968
17 37471 51969
17 37471 51970
17 37471 51971
17 37471 51972
17 37471 51973
17 37471 51974
17 37471 51975
17 37471 51976
17 37471 51977
17 37471 51978
17 37471 51979
17 37471 51980
17 37471 51981
17 37471 51982
17 37548 51943
18 74943 103679
18 74943 103680
18 74943 103681
18 74943 103682
18 74943 103683
18 74943 103684
18 74943 103685
18 74943 103686
18 74943 103687
18 74943 103688
18 74943 103689
18 74943 103690
18 74943 103691
18 74943 103692
18 74943 103693
18 74943 103694
18 74943 103695
18 74943 103696
18 74943 103697
18 74943 103698
18 74943 103699
18 74943 103700
18 74943 103701
18 74943 103702
18 74943 103703
18 74943 103704
18 74943 103705
18 74943 103706
18 74943 103707
18 74943 103708
18 74943 103709
18 74943 103710
18 74943 103711
18 74943 103712
18 74943 103713
18 74943 103714
18 74943 103715
18 74943 103716
18 74943 103717
18 74943 103718
18 74943 103719
18 74943 103720
18 74943 103721
18 74943 103722
18 74943 103723
18 74943 103724
18 74943 103725
18 74943 103726
18 74943 103727
18 74943 103728
18 74943 103729
18 74943 103730
18 74943 103731
18 74943 103732
18 74943 103733
18 74943 103734
18 74943 103735
18 74943 103736
18 74943 103737
18 74943 103738
18 74943 103739
18 74943 103740
18 74943 103741
18 74943 103742
18 74943 103743
18 74943 103744
18 74943 103745
18 74943 103746
18 74943 103747
18 74943 103748
18 74943 103749
18 74943 103750
18 74943 103751
18 74943 103752
18 74943 103753
18 74943 103754
18 74943 103755
18 74943 103756
18 74943 103757
18 74943 103758
18 74943 103759
18 74943 103760
18 74943 103761
18 74943 103762
18 74943 103763
18 74943 103764
18 74943 103765
18 74943 103766
18 74943 103767
18 74943 103768
18 74943 103769
18 74943 103770
18 74943 103771
18 74943 103772
18 74943 103773
18 74943 103774
18 74943 103775
18 74943 103776
18 74943 103777
18 74943 103778
18 74943 103779
18 74943 103780
18 74943 103781
18 74943 103782
18 74943 103783
18 74943 103784
18 74943 103785
18 74943 103786
18 74943 103787
18 74943 103788
18 74943 103789
18 74943 103790
18 74943 103791
18 74943 103792
18 74943 103793
18 74943 103794
18 74943 103795
18 74943 103796
18 74943 103797
18 74943 103798
18 74943 103799
18 74943 103800
18 74943 103801
18 74943 103802
18 74943 103803
18 74943 103804
18 74943 103805
18 74943 103806
18 74943 103807
18 74943 103808
18 74943 103809
18 74943 103810
18 74943 103811
18 74943 103812
18 74943 103813
18 74943 103814
18 74943 103815
18 74943 103816
18 74943 103817
18 74943 103818
18 74943 103819
18 74943 103820
18 74943 103821
18 74943 103822
18 74943 103823
18 74943 103824
18 74943 103825
18 74943 103826
18 74943 103827
18 74943 103828
18 74943 103829
18 74943 103830
18 74943 103831
18 74943 103832
18 74943 103833
18 74943 103834
18 74943 103835
18 74943 103836
18 74943 103837
18 74943 103838
18 74943 103839
18 74943 103840
18 74943 103841
18 74943 103842
18 74943 103843
18 74943 103844
18 74943 103845
18 74943 103846
18 74943 103847
18 74943 103848
18 74943 103849
18 74943 103850
18 74943 103851
18 74943 103852
18 74943 103853
18 74943 103854
18 74943 103855
18 74943 103856
18 74943 103857
18 74943 103858
18 74943 103859
18 74943 103860
18 74943 103861
18 74943 103862
18 74943 103863
18 74943 103864
18 74943 103865
18 74943 103866
18 74943 103867
18 74943 103868
18 74943 103869
18 74943 103870
18 74943 103871
18 74943 103872
18 74943 103873
18 74943 103874
18 74943 103875
18 74943 103876
18 74943 103877
18 74943 103878
18 74943 103879
18 74943 103880
18 74943 103881
18 74943 103882
18 74943 103883
18 74943 103884
18 74943 103885
18 74943 103886
18 74943 103887
18 74943 103888
18 74943 103889
18 74943 103890
18 74943 103891
18 74943 103892
18 74943 103893
18 74943 103894
18 74943 103895
18 74943 103896
18 74943 103897
18 74943 103898
18 74943 103899
18 74943 103900
18 74943 103901
18 74943 103902
18 74943 103903
18 74943 103904
18 74943 103905
18 74943 103906
18 74943 103907
18 74943 103908
18 74943 103909
18 74943 103910
18 74943 103911
18 74943 103912
18 74943 103913
18 74943 103914
18 74943 103915
18 74943 103916
18 74943 103917
18 74943 103918
18 74943 103919
18 74943 103920
18 74943 103921
18 74943 103922
18 74943 103923
18 74943 103924
18 74943 103925
18 74943 103926
18 74943 103927
18 74943 103928
18 74943 103929
18 74943 103930
18 74943 103931
18 74943 103932
18 74943 103933
18 74943 103934
18 74943 103935
18 74943 103936
18 74943 103937
18 74943 103938
18 74943 103939
18 74943 103940
18 74943 103941
18 74943 103942
18 74943 103943
18 74943 103944
18 74943 103945
18 74943 103946
18 74943 103947
18 74943 103948
18 74943 103949
18 74943 103950
18 74943 103951
18 74943 103952
18 74943 103953
18 74943 103954
18 74943 103955
18 74943 103956
18 74943 103957
18 74943 103958
18 74943 103959
18 74943 103960
18 74943 103961
18 74943 103962
18 74943 103963
18 74943 103964
18 75097 103886
3 2 3
4 4 6
4 4 6
5 9 12
5 9 12
6 18 25
6 18 25
7 36 50
7 36 50
