12 1175 1627
12 1175 1627
13 2349 3254
13 2349 3254
13 2350 3254
13 2350 3254
13 2351 3252
13 2351 3252
13 2351 3254
13 2351 3254
14 4698 6508
14 4702 6504
14 4702 6505
14 4702 6506
15 9372 13008
15 9372 13009
15 9372 13010
15 9372 13011
15 9372 13012
15 9372 13013
15 9372 13014
15 9372 13015
15 9372 13016
15 9372 13017
16 18745 26016
16 18745 26017
16 18745 26018
16 18745 26019
16 18745 26020
16 18745 26021
16 18745 26022
16 18745 26023
16 18745 26024
16 18745 26025
16 18745 26026
16 18745 26027
16 18745 26028
16 18745 26029
16 18745 26030
16 18745 26031
16 18745 26032
16 18745 26033
16 18745 26034
17 37490 52032
18 74981 104065
3 2 3
4 4 6
4 4 6
5 9 12
5 9 12
6 18 25
6 18 25
7 36 50
7 36 50
