10 280 411
11 560 823
12 1117 1649
12 1117 1649
12 1118 1649
12 1118 1649
12 1119 1647
12 1119 1647
12 1120 1647
12 1120 1647
13 2234 3294
13 2234 3294
13 2234 3295
13 2234 3295
13 2234 3296
13 2234 3296
13 2234 3297
13 2234 3297
13 2234 3298
13 2234 3298
13 2234 3299
13 2234 3299
13 2235 3294
13 2235 3294
13 2235 3297
13 2235 3297
13 2235 3298
13 2235 3298
13 2235 3299
13 2235 3299
13 2236 3294
13 2236 3294
13 2236 3298
13 2236 3298
13 2236 3299
13 2236 3299
13 2237 3294
13 2237 3294
13 2237 3295
13 2237 3295
13 2237 3298
13 2237 3298
13 2237 3299
13 2237 3299
13 2238 3294
13 2238 3294
13 2238 3295
13 2238 3295
13 2238 3299
13 2238 3299
13 2239 3294
13 2239 3294
13 2239 3295
13 2239 3295
13 2239 3296
13 2239 3296
13 2239 3299
13 2239 3299
13 2240 3294
13 2240 3294
13 2240 3295
13 2240 3295
13 2240 3296
13 2240 3296
13 2241 3294
13 2241 3294
13 2241 3295
13 2241 3295
13 2241 3296
13 2241 3296
13 2241 3297
13 2241 3297
14 4469 6589
14 4469 6590
14 4469 6591
14 4469 6592
14 4469 6593
14 4469 6594
14 4469 6595
14 4469 6596
14 4469 6597
14 4469 6598
15 8939 13179
15 8939 13180
15 8939 13181
15 8939 13182
15 8939 13183
15 8939 13184
15 8939 13185
15 8939 13186
15 8939 13187
15 8939 13188
15 8939 13189
15 8939 13190
15 8939 13191
15 8939 13192
15 8939 13193
15 8939 13194
15 8939 13195
15 8939 13196
15 8939 13197
16 17878 26359
16 17878 26360
16 17878 26361
16 17878 26362
16 17878 26363
16 17878 26364
16 17878 26365
16 17878 26366
16 17878 26367
16 17878 26368
16 17878 26369
16 17878 26370
16 17878 26371
16 17878 26372
16 17878 26373
16 17878 26374
16 17878 26375
16 17878 26376
16 17878 26377
16 17878 26378
16 17878 26379
16 17878 26380
16 17878 26381
16 17878 26382
16 17878 26383
16 17878 26384
16 17878 26385
16 17878 26386
16 17878 26387
16 17878 26388
16 17878 26389
16 17878 26390
16 17878 26391
16 17878 26392
16 17878 26393
16 17878 26394
16 17878 26395
17 35757 52719
17 35757 52720
17 35757 52721
17 35757 52722
17 35757 52723
17 35757 52724
17 35757 52725
17 35757 52726
17 35757 52727
17 35757 52728
17 35757 52729
17 35757 52730
17 35757 52731
17 35757 52732
17 35757 52733
17 35757 52734
17 35757 52735
17 35757 52736
17 35757 52737
17 35757 52738
17 35757 52739
17 35757 52740
17 35757 52741
17 35757 52742
17 35757 52743
17 35757 52744
17 35757 52745
17 35757 52746
17 35757 52747
17 35757 52748
17 35757 52749
17 35757 52750
17 35757 52751
17 35757 52752
17 35757 52753
17 35757 52754
17 35757 52755
17 35757 52756
17 35757 52757
17 35757 52758
17 35757 52759
17 35757 52760
17 35757 52761
17 35757 52762
17 35757 52763
17 35757 52764
17 35757 52765
17 35757 52766
17 35757 52767
17 35757 52768
17 35757 52769
17 35757 52770
17 35757 52771
17 35757 52772
17 35757 52773
17 35757 52774
17 35757 52775
17 35757 52776
17 35757 52777
17 35757 52778
17 35757 52779
17 35757 52780
17 35757 52781
17 35757 52782
17 35757 52783
17 35757 52784
17 35757 52785
17 35757 52786
17 35757 52787
17 35757 52788
17 35757 52789
17 35757 52790
17 35757 52791
18 71515 105438
3 2 3
4 4 6
4 4 6
5 8 12
5 8 12
6 17 25
6 17 25
7 34 51
7 34 51
7 35 51
7 35 51
8 69 102
8 69 102
8 69 103
8 69 103
8 70 102
8 70 102
8 70 103
8 70 103
9 140 205
9 140 205
