11 564 854
11 564 855
11 564 856
12 1129 1709
12 1129 1710
12 1129 1711
12 1129 1712
13 2259 3419
13 2259 3420
13 2259 3421
13 2259 3422
13 2259 3423
13 2259 3424
14 4518 6839
14 4518 6840
14 4518 6841
14 4518 6842
14 4518 6843
14 4518 6844
14 4518 6845
14 4518 6846
14 4518 6847
14 4518 6848
14 4519 6840
14 4519 6842
14 4519 6844
14 4519 6846
14 4519 6848
15 9037 13678
15 9037 13679
15 9037 13680
15 9037 13681
15 9037 13682
15 9037 13683
15 9037 13684
15 9037 13685
15 9037 13686
15 9037 13687
15 9037 13688
15 9037 13689
15 9037 13690
15 9037 13691
15 9037 13692
15 9037 13693
15 9037 13694
15 9037 13695
15 9037 13696
15 9037 13697
15 9038 13681
15 9038 13688
15 9038 13696
15 9039 13685
15 9039 13692
15 9039 13693
15 9040 13685
15 9040 13690
15 9040 13694
15 9040 13697
15 9042 13697
15 9043 13678
15 9045 13697
15 9048 13678
15 9053 13678
16 18075 27356
16 18075 27357
16 18075 27358
16 18075 27359
16 18075 27360
16 18075 27361
16 18075 27362
16 18075 27363
16 18075 27364
16 18075 27365
16 18075 27366
16 18075 27367
16 18075 27368
16 18075 27369
16 18075 27370
16 18075 27371
16 18075 27372
16 18075 27373
16 18075 27374
16 18075 27375
16 18075 27376
16 18075 27377
16 18075 27378
16 18075 27379
16 18075 27380
16 18075 27381
16 18075 27382
16 18075 27383
16 18075 27384
16 18075 27385
16 18075 27386
16 18075 27387
16 18075 27388
16 18075 27389
16 18075 27390
16 18075 27391
16 18075 27392
16 18075 27393
16 18075 27394
16 18075 27395
16 18076 27376
16 18076 27392
16 18077 27363
16 18078 27371
16 18078 27386
16 18079 27384
16 18080 27370
16 18080 27380
16 18080 27389
16 18081 27380
16 18081 27394
16 18081 27395
16 18085 27394
16 18086 27356
16 18086 27357
16 18091 27394
16 18096 27356
16 18106 27357
17 36151 54713
17 36151 54714
17 36151 54715
17 36151 54716
17 36151 54717
17 36151 54718
17 36151 54719
17 36151 54720
17 36151 54721
17 36151 54722
17 36151 54723
17 36151 54724
17 36151 54725
17 36151 54726
17 36151 54727
17 36151 54728
17 36151 54729
17 36151 54730
17 36151 54731
17 36151 54732
17 36151 54733
17 36151 54734
17 36151 54735
17 36151 54736
17 36151 54737
17 36151 54738
17 36151 54739
17 36151 54740
17 36151 54741
17 36151 54742
17 36151 54743
17 36151 54744
17 36151 54745
17 36151 54746
17 36151 54747
17 36151 54748
17 36151 54749
17 36151 54750
17 36151 54751
17 36151 54752
17 36151 54753
17 36151 54754
17 36151 54755
17 36151 54756
17 36151 54757
17 36151 54758
17 36151 54759
17 36151 54760
17 36151 54761
17 36151 54762
17 36151 54763
17 36151 54764
17 36151 54765
17 36151 54766
17 36151 54767
17 36151 54768
17 36151 54769
17 36151 54770
17 36151 54771
17 36151 54772
17 36151 54773
17 36151 54774
17 36151 54775
17 36151 54776
17 36151 54777
17 36151 54778
17 36151 54779
17 36151 54780
17 36151 54781
17 36151 54782
17 36151 54783
17 36151 54784
17 36151 54785
17 36151 54786
17 36151 54787
17 36151 54788
17 36151 54789
17 36151 54790
17 36151 54791
17 36153 54752
17 36153 54785
17 36155 54726
17 36156 54743
17 36157 54773
17 36159 54768
17 36160 54760
17 36160 54779
17 36161 54741
17 36162 54760
17 36163 54788
17 36163 54790
17 36165 54771
17 36167 54743
17 36167 54755
17 36167 54756
17 36167 54762
17 36168 54729
17 36168 54767
17 36168 54776
17 36169 54786
17 36169 54787
17 36170 54788
17 36171 54718
17 36172 54715
17 36173 54713
17 36173 54762
17 36173 54783
17 36176 54769
17 36177 54741
17 36179 54738
17 36179 54741
17 36180 54737
17 36180 54739
17 36180 54776
17 36180 54783
17 36181 54740
17 36181 54766
17 36181 54769
17 36181 54772
17 36181 54786
17 36182 54737
17 36182 54740
17 36182 54760
17 36182 54775
17 36183 54736
17 36183 54747
17 36183 54789
17 36184 54739
17 36184 54740
17 36185 54740
17 36185 54755
17 36185 54766
17 36185 54785
17 36186 54745
17 36186 54762
17 36186 54775
17 36186 54778
17 36187 54737
17 36187 54739
17 36187 54777
17 36188 54740
17 36188 54742
17 36188 54746
17 36188 54747
17 36189 54750
17 36190 54719
17 36190 54740
17 36191 54716
17 36191 54719
17 36191 54730
17 36191 54736
17 36192 54713
17 36192 54737
17 36192 54742
17 36197 54718
17 36197 54724
17 36202 54716
17 36205 54729
17 36208 54778
17 36211 54719
17 36213 54714
17 36214 54720
17 36234 54732
18 72302 109426
18 72302 109427
18 72302 109428
18 72302 109429
18 72302 109430
18 72302 109431
18 72302 109432
18 72302 109433
18 72302 109434
18 72302 109435
18 72302 109436
18 72302 109437
18 72302 109438
18 72302 109439
18 72302 109440
18 72302 109441
18 72302 109442
18 72302 109443
18 72302 109444
18 72302 109445
18 72302 109446
18 72302 109447
18 72302 109448
18 72302 109449
18 72302 109450
18 72302 109451
18 72302 109452
18 72302 109453
18 72302 109454
18 72302 109455
18 72302 109456
18 72302 109457
18 72302 109458
18 72302 109459
18 72302 109460
18 72302 109461
18 72302 109462
18 72302 109463
18 72302 109464
18 72302 109465
18 72302 109466
18 72302 109467
18 72302 109468
18 72302 109469
18 72302 109470
18 72302 109471
18 72302 109472
18 72302 109473
18 72302 109474
18 72302 109475
18 72302 109476
18 72302 109477
18 72302 109478
18 72302 109479
18 72302 109480
18 72302 109481
18 72302 109482
18 72302 109483
18 72302 109484
18 72302 109485
18 72302 109486
18 72302 109487
18 72302 109488
18 72302 109489
18 72302 109490
18 72302 109491
18 72302 109492
18 72302 109493
18 72302 109494
18 72302 109495
18 72302 109496
18 72302 109497
18 72302 109498
18 72302 109499
18 72302 109500
18 72302 109501
18 72302 109502
18 72302 109503
18 72302 109504
18 72302 109505
18 72302 109506
18 72302 109507
18 72302 109508
18 72302 109509
18 72302 109510
18 72302 109511
18 72302 109512
18 72302 109513
18 72302 109514
18 72302 109515
18 72302 109516
18 72302 109517
18 72302 109518
18 72302 109519
18 72302 109520
18 72302 109521
18 72302 109522
18 72302 109523
18 72302 109524
18 72302 109525
18 72302 109526
18 72302 109527
18 72302 109528
18 72302 109529
18 72302 109530
18 72302 109531
18 72302 109532
18 72302 109533
18 72302 109534
18 72302 109535
18 72302 109536
18 72302 109537
18 72302 109538
18 72302 109539
18 72302 109540
18 72302 109541
18 72302 109542
18 72302 109543
18 72302 109544
18 72302 109545
18 72302 109546
18 72302 109547
18 72302 109548
18 72302 109549
18 72302 109550
18 72302 109551
18 72302 109552
18 72302 109553
18 72302 109554
18 72302 109555
18 72302 109556
18 72302 109557
18 72302 109558
18 72302 109559
18 72302 109560
18 72302 109561
18 72302 109562
18 72302 109563
18 72302 109564
18 72302 109565
18 72302 109566
18 72302 109567
18 72302 109568
18 72302 109569
18 72302 109570
18 72302 109571
18 72302 109572
18 72302 109573
18 72302 109574
18 72302 109575
18 72302 109576
18 72302 109577
18 72302 109578
18 72302 109579
18 72302 109580
18 72302 109581
18 72302 109582
18 72302 109583
18 72303 109482
18 72307 109571
18 72311 109453
18 72314 109546
18 72324 109521
18 72326 109581
18 72334 109511
18 72335 109486
18 72336 109458
18 72336 109534
18 72337 109458
18 72337 109553
18 72339 109572
18 72339 109574
18 72340 109577
18 72342 109436
18 72345 109431
18 72346 109427
18 72346 109566
18 72352 109539
18 72361 109567
18 72362 109538
18 72364 109521
18 72364 109550
18 72370 109533
18 72371 109511
18 72373 109524
18 72373 109556
18 72374 109554
18 72375 109555
18 72377 109484
18 72380 109438
18 72382 109439
18 72382 109460
18 72382 109473
18 72384 109474
18 72384 109485
18 72385 109427
18 72395 109436
18 72395 109448
18 72410 109458
18 72422 109438
18 72426 109429
18 72429 109440
3 2 3
4 4 6
5 8 13
6 17 26
7 35 53
8 70 106
8 70 107
