10 235 426
11 471 852
11 471 852
12 943 1705
12 943 1705
12 943 1706
12 943 1706
12 943 1707
12 943 1707
12 943 1708
12 943 1708
12 943 1709
12 943 1709
12 943 1710
12 943 1710
12 943 1711
12 943 1711
12 943 1712
12 943 1712
12 944 1705
12 944 1705
12 944 1709
12 944 1709
12 944 1710
12 944 1710
12 944 1711
12 944 1711
12 944 1712
12 944 1712
12 945 1712
12 945 1712
12 946 1705
12 946 1705
12 947 1705
12 947 1705
12 947 1706
12 947 1706
12 947 1707
12 947 1707
12 947 1708
12 947 1708
12 948 1705
12 948 1705
12 948 1706
12 948 1706
12 948 1707
12 948 1707
12 948 1708
12 948 1708
12 948 1709
12 948 1709
12 948 1710
12 948 1710
13 1887 3411
13 1887 3411
13 1887 3412
13 1887 3412
13 1887 3413
13 1887 3413
13 1887 3414
13 1887 3414
13 1887 3415
13 1887 3415
13 1887 3416
13 1887 3416
13 1887 3417
13 1887 3417
13 1887 3418
13 1887 3418
13 1887 3419
13 1887 3419
13 1887 3420
13 1887 3420
13 1887 3421
13 1887 3421
13 1887 3422
13 1887 3422
13 1887 3423
13 1887 3423
13 1887 3424
13 1887 3424
13 1887 3425
13 1887 3425
13 1888 3411
13 1888 3411
13 1888 3416
13 1888 3416
13 1888 3417
13 1888 3417
13 1888 3418
13 1888 3418
13 1888 3419
13 1888 3419
13 1888 3420
13 1888 3420
13 1888 3421
13 1888 3421
13 1888 3422
13 1888 3422
13 1888 3423
13 1888 3423
13 1888 3424
13 1888 3424
13 1888 3425
13 1888 3425
13 1889 3411
13 1889 3411
13 1889 3418
13 1889 3418
13 1889 3419
13 1889 3419
13 1889 3420
13 1889 3420
13 1889 3421
13 1889 3421
13 1889 3422
13 1889 3422
13 1889 3423
13 1889 3423
13 1889 3424
13 1889 3424
13 1889 3425
13 1889 3425
13 1890 3420
13 1890 3420
13 1890 3421
13 1890 3421
13 1890 3422
13 1890 3422
13 1890 3423
13 1890 3423
13 1890 3424
13 1890 3424
13 1890 3425
13 1890 3425
13 1891 3423
13 1891 3423
13 1891 3424
13 1891 3424
13 1891 3425
13 1891 3425
13 1892 3411
13 1892 3411
13 1892 3412
13 1892 3412
13 1892 3425
13 1892 3425
13 1893 3411
13 1893 3411
13 1893 3412
13 1893 3412
13 1893 3413
13 1893 3413
13 1893 3414
13 1893 3414
13 1894 3411
13 1894 3411
13 1894 3412
13 1894 3412
13 1894 3413
13 1894 3413
13 1894 3414
13 1894 3414
13 1894 3415
13 1894 3415
13 1894 3416
13 1894 3416
13 1894 3417
13 1894 3417
13 1895 3411
13 1895 3411
13 1895 3412
13 1895 3412
13 1895 3413
13 1895 3413
13 1895 3414
13 1895 3414
13 1895 3415
13 1895 3415
13 1895 3416
13 1895 3416
13 1895 3417
13 1895 3417
13 1895 3418
13 1895 3418
13 1895 3419
13 1895 3419
13 1896 3411
13 1896 3411
13 1896 3412
13 1896 3412
13 1896 3413
13 1896 3413
13 1896 3414
13 1896 3414
13 1896 3415
13 1896 3415
13 1896 3416
13 1896 3416
13 1896 3417
13 1896 3417
13 1896 3418
13 1896 3418
13 1896 3419
13 1896 3419
13 1896 3420
13 1896 3420
13 1896 3421
13 1896 3421
13 1896 3425
13 1896 3425
14 3775 6823
14 3775 6824
14 3775 6825
14 3775 6826
14 3775 6827
14 3775 6828
14 3775 6829
14 3775 6830
14 3775 6831
14 3775 6832
14 3775 6833
14 3775 6834
14 3775 6835
14 3775 6836
14 3775 6837
14 3775 6838
14 3775 6839
14 3775 6840
14 3775 6841
14 3775 6842
14 3775 6843
14 3775 6844
14 3775 6845
14 3775 6846
14 3775 6847
14 3775 6848
14 3775 6849
14 3775 6850
14 3775 6851
15 7551 13647
15 7551 13648
15 7551 13649
15 7551 13650
15 7551 13651
15 7551 13652
15 7551 13653
15 7551 13654
15 7551 13655
15 7551 13656
15 7551 13657
15 7551 13658
15 7551 13659
15 7551 13660
15 7551 13661
15 7551 13662
15 7551 13663
15 7551 13664
15 7551 13665
15 7551 13666
15 7551 13667
15 7551 13668
15 7551 13669
15 7551 13670
15 7551 13671
15 7551 13672
15 7551 13673
15 7551 13674
15 7551 13675
15 7551 13676
15 7551 13677
15 7551 13678
15 7551 13679
15 7551 13680
15 7551 13681
15 7551 13682
15 7551 13683
15 7551 13684
15 7551 13685
15 7551 13686
15 7551 13687
15 7551 13688
15 7551 13689
15 7551 13690
15 7551 13691
15 7551 13692
15 7551 13693
15 7551 13694
15 7551 13695
15 7551 13696
15 7551 13697
15 7551 13698
15 7551 13699
15 7551 13700
15 7551 13701
15 7551 13702
15 7551 13703
16 15103 27294
16 15103 27295
16 15103 27296
16 15103 27297
16 15103 27298
16 15103 27299
16 15103 27300
16 15103 27301
16 15103 27302
16 15103 27303
16 15103 27304
16 15103 27305
16 15103 27306
16 15103 27307
16 15103 27308
16 15103 27309
16 15103 27310
16 15103 27311
16 15103 27312
16 15103 27313
16 15103 27314
16 15103 27315
16 15103 27316
16 15103 27317
16 15103 27318
16 15103 27319
16 15103 27320
16 15103 27321
16 15103 27322
16 15103 27323
16 15103 27324
16 15103 27325
16 15103 27326
16 15103 27327
16 15103 27328
16 15103 27329
16 15103 27330
16 15103 27331
16 15103 27332
16 15103 27333
16 15103 27334
16 15103 27335
16 15103 27336
16 15103 27337
16 15103 27338
16 15103 27339
16 15103 27340
16 15103 27341
16 15103 27342
16 15103 27343
16 15103 27344
16 15103 27345
16 15103 27346
16 15103 27347
16 15103 27348
16 15103 27349
16 15103 27350
16 15103 27351
16 15103 27352
16 15103 27353
16 15103 27354
16 15103 27355
16 15103 27356
16 15103 27357
16 15103 27358
16 15103 27359
16 15103 27360
16 15103 27361
16 15103 27362
16 15103 27363
16 15103 27364
16 15103 27365
16 15103 27366
16 15103 27367
16 15103 27368
16 15103 27369
16 15103 27370
16 15103 27371
16 15103 27372
16 15103 27373
16 15103 27374
16 15103 27375
16 15103 27376
16 15103 27377
16 15103 27378
16 15103 27379
16 15103 27380
16 15103 27381
16 15103 27382
16 15103 27383
16 15103 27384
16 15103 27385
16 15103 27386
16 15103 27387
16 15103 27388
16 15103 27389
16 15103 27390
16 15103 27391
16 15103 27392
16 15103 27393
16 15103 27394
16 15103 27395
16 15103 27396
16 15103 27397
16 15103 27398
16 15103 27399
16 15103 27400
16 15103 27401
16 15103 27402
16 15103 27403
16 15103 27404
16 15103 27405
16 15103 27406
16 15103 27407
17 30207 54588
18 60415 109177
3 1 3
4 3 6
4 3 6
5 7 13
5 7 13
6 14 26
6 14 26
7 29 53
7 29 53
8 58 106
8 58 106
8 58 107
8 58 107
8 59 106
8 59 106
8 59 107
8 59 107
9 117 213
9 117 213
9 117 214
9 117 214
