11 512 845
12 1024 1687
12 1024 1687
12 1024 1690
12 1024 1690
12 1025 1690
12 1025 1690
12 1026 1690
12 1026 1690
13 2048 3375
13 2048 3375
13 2048 3378
13 2048 3378
13 2048 3379
13 2048 3379
13 2048 3380
13 2048 3380
13 2049 3375
13 2049 3375
13 2049 3380
13 2049 3380
13 2050 3380
13 2050 3380
13 2051 3380
13 2051 3380
13 2052 3380
13 2052 3380
13 2053 3375
13 2053 3375
13 2053 3376
13 2053 3376
13 2053 3379
13 2053 3379
13 2053 3380
13 2053 3380
14 4097 6750
14 4097 6751
14 4097 6752
14 4097 6755
14 4097 6756
14 4097 6757
14 4097 6758
14 4097 6759
14 4097 6760
14 4106 6753
14 4106 6754
15 8195 13500
15 8195 13501
15 8195 13502
15 8195 13503
15 8195 13504
15 8195 13505
15 8195 13509
15 8195 13510
15 8195 13511
15 8195 13512
15 8195 13513
15 8195 13514
15 8195 13515
15 8195 13516
15 8195 13517
15 8195 13518
15 8195 13519
15 8195 13520
15 8211 13506
15 8211 13507
15 8211 13508
16 16390 27001
16 16390 27002
16 16390 27003
16 16390 27004
16 16390 27005
16 16390 27006
16 16390 27007
16 16390 27008
16 16390 27009
16 16390 27010
16 16390 27011
16 16390 27012
16 16390 27013
16 16390 27014
16 16390 27015
16 16390 27016
16 16390 27017
16 16390 27018
16 16390 27019
16 16390 27020
16 16390 27021
16 16390 27022
16 16390 27023
16 16390 27024
16 16390 27025
16 16390 27026
16 16390 27027
16 16390 27028
16 16390 27029
16 16390 27030
16 16390 27031
16 16390 27032
16 16390 27033
16 16390 27034
16 16390 27035
16 16390 27036
16 16390 27037
16 16390 27038
16 16390 27039
16 16390 27040
17 32780 54002
18 65561 108005
3 2 3
4 4 6
4 4 6
5 8 13
5 8 13
6 16 26
6 16 26
7 32 52
7 32 52
8 64 105
8 64 105
