12 1227 1529
12 1227 1529
12 1228 1529
12 1228 1529
13 2455 3058
13 2455 3058
13 2456 3058
13 2456 3058
14 4910 6116
15 9821 12227
15 9821 12228
15 9821 12232
15 9824 12225
16 19642 24454
16 19642 24455
16 19642 24456
16 19642 24457
16 19642 24458
16 19642 24464
16 19648 24450
16 19648 24451
16 19651 24448
16 19651 24449
16 19651 24452
16 19651 24453
16 19651 24459
16 19651 24460
16 19651 24461
16 19651 24462
16 19651 24463
17 39284 48896
18 78569 97792
3 2 2
4 4 5
4 4 5
5 9 11
5 9 11
6 19 23
6 19 23
7 38 47
7 38 47
8 76 95
8 76 95
