12 1118 1685
12 1118 1685
13 2236 3370
13 2236 3370
13 2237 3370
13 2237 3370
14 4473 6736
14 4473 6739
14 4473 6740
14 4477 6737
15 8946 13473
15 8946 13474
15 8946 13475
15 8946 13478
15 8946 13479
15 8946 13480
15 8949 13473
15 8954 13476
16 17893 26947
16 17893 26948
16 17893 26949
16 17893 26950
16 17893 26951
16 17893 26955
16 17893 26956
16 17893 26957
16 17893 26958
16 17893 26959
16 17893 26960
16 17893 26961
16 17898 26947
16 17907 26952
16 17908 26953
16 17909 26954
17 35786 53894
18 71572 107789
3 2 3
4 4 6
4 4 6
5 8 13
5 8 13
6 17 26
6 17 26
7 34 52
7 34 52
8 69 105
8 69 105
9 139 210
9 139 210
