13 2287 3290
13 2287 3291
13 2287 3292
13 2287 3293
13 2287 3294
13 2287 3295
13 2287 3296
13 2287 3297
13 2287 3298
13 2287 3299
13 2288 3290
13 2288 3291
13 2288 3292
13 2288 3293
13 2288 3294
13 2288 3295
13 2288 3297
13 2288 3298
13 2288 3299
13 2289 3290
13 2289 3291
13 2289 3292
13 2289 3293
13 2289 3294
13 2289 3298
13 2289 3299
13 2290 3290
13 2290 3291
13 2290 3292
13 2290 3298
13 2290 3299
13 2291 3290
13 2291 3297
13 2291 3298
13 2291 3299
13 2292 3296
13 2292 3297
13 2292 3298
13 2292 3299
13 2293 3294
13 2293 3295
13 2293 3296
13 2293 3297
13 2293 3298
13 2293 3299
13 2294 3290
13 2294 3292
13 2294 3293
13 2294 3294
13 2294 3295
13 2294 3296
13 2294 3297
13 2294 3298
13 2294 3299
