12 1126 1730
12 1126 1730
12 1127 1730
12 1127 1730
12 1128 1730
12 1128 1730
12 1129 1730
12 1129 1730
12 1130 1730
12 1130 1730
13 2253 3461
13 2253 3461
13 2254 3461
13 2254 3461
13 2255 3461
13 2255 3461
13 2256 3461
13 2256 3461
13 2257 3461
13 2257 3461
13 2258 3461
13 2258 3461
13 2259 3461
13 2259 3461
13 2260 3461
13 2260 3461
14 4507 6923
14 4521 6924
14 4521 6925
14 4521 6926
14 4521 6927
14 4521 6928
14 4521 6929
14 4521 6930
14 4521 6931
15 9014 13847
15 9014 13848
15 9014 13849
15 9014 13850
15 9014 13851
15 9014 13852
15 9014 13853
15 9014 13854
15 9014 13855
15 9014 13856
15 9014 13857
15 9014 13858
15 9014 13859
15 9014 13860
15 9014 13861
15 9014 13862
15 9014 13863
16 18029 27695
16 18029 27696
16 18029 27697
16 18029 27698
16 18029 27699
16 18029 27700
16 18029 27701
16 18029 27702
16 18029 27703
16 18029 27704
16 18029 27705
16 18029 27706
16 18029 27707
16 18029 27708
16 18029 27709
16 18029 27710
16 18029 27711
16 18029 27712
16 18029 27713
16 18029 27714
16 18029 27715
16 18029 27716
16 18029 27717
16 18029 27718
16 18029 27719
16 18029 27720
16 18029 27721
16 18029 27722
16 18029 27723
16 18029 27724
16 18029 27725
16 18029 27726
16 18029 27727
16 18030 27699
16 18031 27712
16 18031 27713
16 18034 27710
16 18039 27708
16 18065 27724
16 18066 27718
16 18074 27720
16 18074 27726
16 18077 27700
16 18077 27727
16 18082 27724
16 18083 27721
16 18083 27725
17 36059 55390
17 36059 55391
17 36059 55392
17 36059 55393
17 36059 55394
17 36059 55395
17 36059 55396
17 36059 55397
17 36059 55398
17 36059 55399
17 36059 55400
17 36059 55401
17 36059 55402
17 36059 55403
17 36059 55404
17 36059 55405
17 36059 55406
17 36059 55407
17 36059 55408
17 36059 55409
17 36059 55410
17 36059 55411
17 36059 55412
17 36059 55413
17 36059 55414
17 36059 55415
17 36059 55416
17 36059 55417
17 36059 55418
17 36059 55419
17 36059 55420
17 36059 55421
17 36059 55422
17 36059 55423
17 36059 55424
17 36059 55425
17 36059 55426
17 36059 55427
17 36059 55428
17 36059 55429
17 36059 55430
17 36059 55431
17 36059 55432
17 36059 55433
17 36059 55434
17 36059 55435
17 36059 55436
17 36059 55437
17 36059 55438
17 36059 55439
17 36059 55440
17 36059 55441
17 36059 55442
17 36059 55443
17 36059 55444
17 36059 55445
17 36059 55446
17 36059 55447
17 36059 55448
17 36059 55449
17 36059 55450
17 36059 55451
17 36059 55452
17 36059 55453
17 36059 55454
17 36059 55455
18 72119 110781
3 2 3
4 4 6
4 4 6
5 8 13
5 8 13
6 17 27
6 17 27
7 35 54
7 35 54
