10 256 423
11 512 846
12 1025 1692
12 1025 1692
12 1026 1692
12 1026 1692
12 1027 1692
12 1027 1692
12 1028 1692
12 1028 1692
12 1029 1692
12 1029 1692
12 1030 1692
12 1030 1692
12 1031 1692
12 1031 1692
12 1032 1692
12 1032 1692
12 1033 1692
12 1033 1692
12 1034 1692
12 1034 1692
13 2050 3368
13 2050 3368
13 2050 3384
13 2050 3384
13 2051 3368
13 2051 3368
13 2051 3384
13 2051 3384
13 2052 3368
13 2052 3368
13 2052 3384
13 2052 3384
13 2053 3368
13 2053 3368
13 2053 3384
13 2053 3384
13 2054 3368
13 2054 3368
13 2054 3384
13 2054 3384
13 2055 3368
13 2055 3368
13 2055 3384
13 2055 3384
13 2056 3368
13 2056 3368
13 2056 3384
13 2056 3384
13 2057 3368
13 2057 3368
13 2057 3384
13 2057 3384
13 2058 3368
13 2058 3368
13 2058 3384
13 2058 3384
13 2059 3368
13 2059 3368
13 2059 3384
13 2059 3384
13 2060 3368
13 2060 3368
13 2060 3384
13 2060 3384
13 2061 3368
13 2061 3368
13 2061 3384
13 2061 3384
13 2062 3368
13 2062 3368
13 2062 3384
13 2062 3384
13 2063 3368
13 2063 3368
13 2063 3384
13 2063 3384
13 2064 3368
13 2064 3368
13 2064 3384
13 2064 3384
13 2065 3368
13 2065 3368
13 2065 3384
13 2065 3384
13 2066 3368
13 2066 3368
13 2066 3384
13 2066 3384
13 2067 3368
13 2067 3368
13 2067 3384
13 2067 3384
13 2068 3368
13 2068 3368
13 2068 3384
13 2068 3384
13 2069 3368
13 2069 3368
13 2069 3384
13 2069 3384
14 4100 6736
14 4100 6737
14 4100 6738
14 4100 6739
14 4100 6740
14 4100 6741
14 4100 6742
14 4100 6743
14 4100 6744
14 4100 6745
14 4100 6746
14 4100 6747
14 4100 6748
14 4100 6749
14 4100 6750
14 4100 6751
14 4100 6752
14 4100 6753
14 4100 6754
14 4100 6755
14 4100 6756
14 4100 6757
14 4100 6758
14 4100 6759
14 4100 6760
14 4100 6761
14 4100 6762
14 4100 6763
14 4100 6764
14 4100 6765
14 4100 6766
14 4100 6767
14 4100 6768
15 8201 13473
15 8201 13474
15 8201 13475
15 8201 13476
15 8201 13477
15 8201 13478
15 8201 13479
15 8201 13480
15 8201 13481
15 8201 13482
15 8201 13483
15 8201 13484
15 8201 13485
15 8201 13486
15 8201 13487
15 8201 13488
15 8201 13489
15 8201 13490
15 8201 13491
15 8201 13492
15 8201 13493
15 8201 13494
15 8201 13495
15 8201 13496
15 8201 13497
15 8201 13498
15 8201 13499
15 8201 13500
15 8201 13501
15 8201 13502
15 8201 13503
15 8201 13504
15 8201 13505
15 8201 13506
15 8201 13507
15 8201 13508
15 8201 13509
15 8201 13510
15 8201 13511
15 8201 13512
15 8201 13513
15 8201 13514
15 8201 13515
15 8201 13516
15 8201 13517
15 8201 13518
15 8201 13519
15 8201 13520
15 8201 13521
15 8201 13522
15 8201 13523
15 8201 13524
15 8201 13525
15 8201 13526
15 8201 13527
15 8201 13528
15 8201 13529
15 8201 13530
15 8201 13531
15 8201 13532
15 8201 13533
15 8201 13534
15 8201 13535
15 8201 13536
16 16403 26947
16 16403 26948
16 16403 26949
16 16403 26950
16 16403 26951
16 16403 26952
16 16403 26953
16 16403 26954
16 16403 26955
16 16403 26956
16 16403 26957
16 16403 26958
16 16403 26959
16 16403 26960
16 16403 26961
16 16403 26962
16 16403 26963
16 16403 26964
16 16403 26965
16 16403 26966
16 16403 26967
16 16403 26968
16 16403 26969
16 16403 26970
16 16403 26971
16 16403 26972
16 16403 26973
16 16403 26974
16 16403 26975
16 16403 26976
16 16403 26977
16 16403 26978
16 16403 26979
16 16403 26980
16 16403 26981
16 16403 26982
16 16403 26983
16 16403 26984
16 16403 26985
16 16403 26986
16 16403 26987
16 16403 26988
16 16403 26989
16 16403 26990
16 16403 26991
16 16403 26992
16 16403 26993
16 16403 26994
16 16403 26995
16 16403 26996
16 16403 26997
16 16403 26998
16 16403 26999
16 16403 27000
16 16403 27001
16 16403 27002
16 16403 27003
16 16403 27004
16 16403 27005
16 16403 27006
16 16403 27007
16 16403 27008
16 16403 27009
16 16403 27010
16 16403 27011
16 16403 27012
16 16403 27013
16 16403 27014
16 16403 27015
16 16403 27016
16 16403 27017
16 16403 27018
16 16403 27019
16 16403 27020
16 16403 27021
16 16403 27022
16 16403 27023
16 16403 27024
16 16403 27025
16 16403 27026
16 16403 27027
16 16403 27028
16 16403 27029
16 16403 27030
16 16403 27031
16 16403 27032
16 16403 27033
16 16403 27034
16 16403 27035
16 16403 27036
16 16403 27037
16 16403 27038
16 16403 27039
16 16403 27040
16 16403 27041
16 16403 27042
16 16403 27043
16 16403 27044
16 16403 27045
16 16403 27046
16 16403 27047
16 16403 27048
16 16403 27049
16 16403 27050
16 16403 27051
16 16403 27052
16 16403 27053
16 16403 27054
16 16403 27055
16 16403 27056
16 16403 27057
16 16403 27058
16 16403 27059
16 16403 27060
16 16403 27061
16 16403 27062
16 16403 27063
16 16403 27064
16 16403 27065
16 16403 27066
16 16403 27067
16 16403 27068
16 16403 27069
16 16403 27070
16 16403 27071
16 16403 27072
16 16403 27073
16 16414 26974
16 16438 27009
16 16451 27002
16 16460 27067
17 32806 53894
18 65613 107789
3 2 3
4 4 6
4 4 6
5 8 13
5 8 13
6 16 26
6 16 26
7 32 52
7 32 52
