11 492 845
11 492 845
12 985 1690
12 985 1690
12 985 1691
12 985 1691
12 986 1691
12 986 1691
12 987 1691
12 987 1691
12 988 1688
12 988 1688
12 989 1688
12 989 1688
12 989 1689
12 989 1689
12 989 1691
12 989 1691
13 1971 3379
13 1971 3379
13 1971 3380
13 1971 3380
13 1971 3381
13 1971 3381
13 1971 3382
13 1971 3382
13 1972 3380
13 1972 3380
13 1972 3381
13 1972 3381
13 1972 3382
13 1972 3382
13 1973 3381
13 1973 3381
13 1973 3382
13 1973 3382
13 1974 3376
13 1974 3376
13 1974 3381
13 1974 3381
13 1974 3382
13 1974 3382
13 1975 3376
13 1975 3376
13 1975 3377
13 1975 3377
13 1975 3382
13 1975 3382
13 1976 3376
13 1976 3376
13 1976 3377
13 1976 3377
13 1976 3378
13 1976 3378
13 1977 3376
13 1977 3376
13 1977 3377
13 1977 3377
13 1977 3378
13 1977 3378
13 1977 3379
13 1977 3379
13 1978 3376
13 1978 3376
13 1978 3377
13 1978 3377
13 1978 3378
13 1978 3378
13 1978 3379
13 1978 3379
13 1978 3380
13 1978 3380
13 1978 3382
13 1978 3382
14 3942 6752
14 3942 6753
14 3942 6754
14 3942 6757
14 3942 6758
14 3942 6759
14 3942 6760
14 3942 6761
14 3942 6762
14 3942 6763
14 3942 6764
14 3942 6765
14 3949 6755
14 3950 6756
14 3951 6764
15 7884 13504
15 7884 13505
15 7884 13506
15 7884 13507
15 7884 13508
15 7884 13509
15 7884 13510
15 7884 13511
15 7884 13512
15 7884 13513
15 7884 13514
15 7884 13515
15 7884 13516
15 7884 13517
15 7884 13518
15 7884 13519
15 7884 13520
15 7884 13521
15 7884 13522
15 7884 13523
15 7884 13524
15 7884 13525
15 7884 13526
15 7884 13527
15 7884 13528
15 7884 13529
15 7884 13530
15 7884 13531
15 7903 13528
16 15769 27009
16 15806 27057
17 31539 54018
18 63078 108037
3 1 3
4 3 6
4 3 6
5 7 13
5 7 13
6 15 26
6 15 26
7 30 52
7 30 52
8 61 105
8 61 105
