10 277 431
11 554 863
12 1109 1727
12 1109 1727
12 1109 1728
12 1109 1728
12 1109 1729
12 1109 1729
12 1109 1730
12 1109 1730
12 1109 1731
12 1109 1731
12 1109 1732
12 1109 1732
12 1109 1733
12 1109 1733
12 1109 1734
12 1109 1734
12 1109 1735
12 1109 1735
12 1109 1736
12 1109 1736
12 1109 1737
12 1109 1737
12 1109 1738
12 1109 1738
12 1109 1739
12 1109 1739
12 1110 1727
12 1110 1727
12 1110 1739
12 1110 1739
12 1111 1727
12 1111 1727
12 1111 1739
12 1111 1739
12 1112 1727
12 1112 1727
12 1112 1739
12 1112 1739
12 1113 1727
12 1113 1727
12 1113 1739
12 1113 1739
12 1114 1727
12 1114 1727
12 1114 1739
12 1114 1739
12 1115 1727
12 1115 1727
12 1115 1739
12 1115 1739
12 1116 1727
12 1116 1727
12 1116 1739
12 1116 1739
12 1117 1727
12 1117 1727
12 1117 1739
12 1117 1739
13 2219 3455
13 2219 3455
13 2219 3456
13 2219 3456
13 2219 3457
13 2219 3457
13 2219 3458
13 2219 3458
13 2219 3459
13 2219 3459
13 2219 3460
13 2219 3460
13 2219 3461
13 2219 3461
13 2219 3462
13 2219 3462
13 2219 3463
13 2219 3463
13 2219 3464
13 2219 3464
13 2219 3465
13 2219 3465
13 2219 3466
13 2219 3466
13 2219 3467
13 2219 3467
13 2219 3468
13 2219 3468
13 2219 3469
13 2219 3469
13 2219 3470
13 2219 3470
13 2219 3471
13 2219 3471
13 2219 3472
13 2219 3472
13 2219 3473
13 2219 3473
13 2219 3474
13 2219 3474
13 2219 3475
13 2219 3475
13 2219 3476
13 2219 3476
13 2219 3477
13 2219 3477
13 2219 3478
13 2219 3478
13 2220 3455
13 2220 3455
13 2220 3478
13 2220 3478
13 2221 3455
13 2221 3455
13 2221 3478
13 2221 3478
13 2222 3455
13 2222 3455
13 2222 3478
13 2222 3478
13 2223 3455
13 2223 3455
13 2223 3478
13 2223 3478
13 2224 3455
13 2224 3455
13 2224 3478
13 2224 3478
13 2225 3455
13 2225 3455
13 2225 3478
13 2225 3478
13 2226 3455
13 2226 3455
13 2226 3478
13 2226 3478
13 2227 3455
13 2227 3455
13 2227 3478
13 2227 3478
13 2228 3455
13 2228 3455
13 2228 3478
13 2228 3478
13 2229 3455
13 2229 3455
13 2229 3478
13 2229 3478
13 2230 3455
13 2230 3455
13 2230 3478
13 2230 3478
13 2231 3455
13 2231 3455
13 2231 3478
13 2231 3478
13 2232 3455
13 2232 3455
13 2232 3478
13 2232 3478
13 2233 3455
13 2233 3455
13 2233 3478
13 2233 3478
13 2234 3455
13 2234 3455
13 2234 3478
13 2234 3478
13 2235 3455
13 2235 3455
13 2235 3456
13 2235 3456
13 2235 3457
13 2235 3457
13 2235 3458
13 2235 3458
13 2235 3459
13 2235 3459
13 2235 3460
13 2235 3460
13 2235 3461
13 2235 3461
13 2235 3462
13 2235 3462
13 2235 3463
13 2235 3463
13 2235 3464
13 2235 3464
13 2235 3465
13 2235 3465
13 2235 3466
13 2235 3466
13 2235 3467
13 2235 3467
13 2235 3468
13 2235 3468
13 2235 3469
13 2235 3469
13 2235 3470
13 2235 3470
13 2235 3471
13 2235 3471
13 2235 3472
13 2235 3472
13 2235 3473
13 2235 3473
13 2235 3474
13 2235 3474
13 2235 3475
13 2235 3475
13 2235 3476
13 2235 3476
13 2235 3477
13 2235 3477
13 2235 3478
13 2235 3478
14 4439 6911
15 8879 13823
15 8882 13824
15 8893 13824
15 8920 13824
16 17758 27647
16 17760 27650
16 17762 27651
16 17765 27648
16 17768 27661
16 17772 27662
16 17775 27669
16 17775 27676
16 17776 27667
16 17777 27663
16 17777 27672
16 17777 27673
16 17778 27672
16 17778 27675
16 17780 27673
16 17780 27677
16 17781 27686
16 17782 27682
16 17782 27687
16 17782 27688
16 17786 27649
16 17786 27690
16 17788 27698
16 17789 27697
16 17789 27699
16 17790 27692
16 17791 27654
16 17791 27706
16 17792 27711
16 17792 27712
16 17792 27716
16 17793 27695
16 17793 27710
16 17794 27697
16 17794 27701
16 17795 27696
16 17795 27726
16 17795 27727
16 17797 27706
16 17798 27727
16 17799 27726
16 17799 27730
16 17799 27735
16 17799 27737
16 17800 27672
16 17800 27697
16 17800 27701
16 17800 27705
16 17802 27666
16 17802 27667
16 17802 27705
16 17802 27744
16 17802 27745
16 17803 27706
16 17803 27726
16 17804 27726
16 17804 27731
16 17804 27756
16 17805 27704
16 17805 27740
16 17805 27753
16 17805 27754
16 17805 27757
16 17806 27663
16 17806 27666
16 17806 27673
16 17806 27706
16 17806 27733
16 17806 27760
16 17807 27668
16 17807 27699
16 17807 27728
16 17807 27738
16 17807 27761
16 17807 27765
16 17807 27766
16 17808 27653
16 17808 27678
16 17808 27688
16 17808 27731
16 17808 27766
16 17809 27720
16 17809 27767
16 17810 27704
16 17810 27720
16 17810 27725
16 17811 27689
16 17811 27720
16 17811 27734
16 17811 27737
16 17811 27766
16 17811 27769
16 17812 27703
16 17813 27704
16 17814 27705
16 17814 27767
16 17815 27726
16 17815 27727
16 17815 27735
16 17815 27766
16 17816 27743
16 17817 27743
16 17817 27744
16 17817 27746
16 17817 27761
16 17818 27747
16 17819 27668
16 17819 27760
16 17820 27758
16 17821 27747
16 17821 27761
16 17822 27669
16 17822 27677
16 17822 27678
16 17822 27732
16 17823 27732
16 17824 27726
16 17825 27761
16 17826 27723
16 17826 27729
16 17826 27776
16 17827 27735
16 17827 27770
16 17828 27668
16 17828 27693
16 17828 27702
16 17828 27703
16 17828 27727
16 17829 27671
16 17829 27674
16 17829 27684
16 17829 27693
16 17829 27698
16 17829 27745
16 17830 27671
16 17830 27673
16 17830 27678
16 17830 27687
16 17830 27692
16 17830 27699
16 17830 27759
16 17831 27679
16 17831 27708
16 17832 27666
16 17832 27754
16 17834 27659
16 17834 27758
16 17834 27759
16 17834 27762
16 17834 27771
16 17835 27763
16 17836 27670
16 17836 27682
16 17837 27656
16 17837 27667
16 17837 27683
16 17838 27757
16 17839 27661
16 17839 27754
16 17840 27677
16 17840 27754
16 17840 27755
16 17841 27648
16 17841 27654
16 17841 27763
16 17842 27650
16 17842 27741
16 17843 27667
16 17843 27744
16 17846 27749
16 17846 27763
16 17846 27766
16 17846 27769
16 17849 27680
16 17849 27715
16 17849 27749
16 17849 27771
16 17850 27733
16 17851 27733
16 17851 27749
16 17853 27758
16 17854 27753
16 17854 27774
16 17855 27738
16 17855 27739
16 17856 27740
16 17856 27768
16 17856 27772
16 17857 27717
16 17857 27753
16 17858 27754
16 17859 27705
16 17859 27729
16 17860 27757
16 17860 27781
16 17861 27740
16 17861 27745
16 17861 27779
16 17862 27763
16 17862 27764
16 17863 27729
16 17863 27730
16 17863 27735
16 17863 27783
16 17864 27751
16 17864 27779
16 17864 27780
16 17865 27725
16 17865 27782
16 17865 27784
16 17866 27731
16 17866 27735
16 17866 27776
16 17866 27788
16 17866 27792
16 17867 27752
16 17867 27778
16 17869 27666
16 17869 27733
16 17869 27737
16 17869 27782
16 17869 27794
16 17870 27767
16 17870 27775
16 17870 27803
16 17870 27804
16 17871 27722
16 17871 27796
16 17871 27806
16 17872 27718
16 17872 27767
16 17873 27768
16 17874 27722
16 17875 27721
16 17875 27774
16 17875 27804
16 17876 27787
17 35516 55295
18 71032 110591
3 2 3
4 4 6
4 4 6
5 8 13
5 8 13
6 17 26
6 17 26
6 17 27
6 17 27
7 34 53
7 34 53
7 34 54
7 34 54
8 69 107
8 69 107
9 138 215
9 138 215
9 139 215
9 139 215
14 4439 6912
14 4439 6913
14 4439 6914
14 4439 6915
14 4439 6916
14 4439 6917
14 4439 6918
14 4439 6919
14 4439 6920
14 4439 6921
14 4439 6922
14 4439 6923
14 4439 6924
14 4439 6925
14 4439 6926
14 4439 6927
14 4439 6928
14 4439 6929
14 4439 6930
14 4439 6931
14 4439 6932
14 4439 6933
14 4439 6934
14 4439 6935
14 4439 6936
14 4439 6937
14 4439 6938
14 4439 6939
14 4439 6940
14 4439 6941
14 4439 6942
14 4439 6943
14 4439 6944
14 4439 6945
14 4439 6946
14 4439 6947
14 4439 6948
14 4439 6949
14 4439 6950
14 4439 6951
14 4439 6952
14 4439 6953
14 4439 6954
14 4439 6955
14 4439 6956
15 8879 13824
15 8879 13825
15 8879 13826
15 8879 13827
15 8879 13828
15 8879 13829
15 8879 13830
15 8879 13831
15 8879 13832
15 8879 13833
15 8879 13834
15 8879 13835
15 8879 13836
15 8879 13837
15 8879 13838
15 8879 13839
15 8879 13840
15 8879 13841
15 8879 13842
15 8879 13843
15 8879 13844
15 8879 13845
15 8879 13846
15 8879 13847
15 8879 13848
15 8879 13849
15 8879 13850
15 8879 13851
15 8879 13852
15 8879 13853
15 8879 13854
15 8879 13855
15 8879 13856
15 8879 13857
15 8879 13858
15 8879 13859
15 8879 13860
15 8879 13861
15 8879 13862
15 8879 13863
15 8879 13864
15 8879 13865
15 8879 13866
15 8879 13867
15 8879 13868
15 8879 13869
15 8879 13870
15 8879 13871
15 8879 13872
15 8879 13873
15 8879 13874
15 8879 13875
15 8879 13876
15 8879 13877
15 8879 13878
15 8879 13879
15 8879 13880
15 8879 13881
15 8879 13882
15 8879 13883
15 8879 13884
15 8879 13885
15 8879 13886
15 8879 13887
15 8879 13888
15 8879 13889
15 8879 13890
15 8879 13891
15 8879 13892
15 8879 13893
15 8879 13894
15 8879 13895
15 8879 13896
15 8879 13897
15 8879 13898
15 8879 13899
15 8879 13900
15 8879 13901
15 8879 13902
15 8879 13903
15 8879 13904
15 8879 13905
15 8879 13906
15 8879 13907
15 8879 13908
15 8879 13909
15 8879 13910
15 8879 13911
15 8879 13912
