11 528 840
12 1056 1680
12 1056 1681
12 1057 1680
12 1057 1681
13 2110 3367
13 2110 3368
13 2112 3361
13 2112 3362
13 2112 3363
13 2113 3361
13 2113 3362
13 2113 3363
13 2114 3361
13 2114 3362
13 2114 3363
13 2114 3364
14 4220 6722
14 4220 6728
14 4220 6729
14 4220 6730
14 4220 6731
14 4220 6732
14 4220 6733
14 4220 6734
14 4220 6735
14 4220 6736
14 4220 6737
14 4221 6722
14 4221 6734
14 4221 6735
14 4221 6736
14 4221 6737
14 4223 6723
14 4223 6724
14 4224 6725
14 4224 6726
14 4224 6727
14 4226 6722
14 4226 6723
14 4226 6724
14 4227 6726
14 4227 6727
14 4228 6728
15 8440 13444
15 8440 13445
15 8440 13446
15 8440 13451
15 8440 13452
15 8440 13453
15 8440 13454
15 8440 13455
15 8440 13456
15 8440 13457
15 8440 13458
15 8440 13459
15 8440 13460
15 8440 13461
15 8440 13462
15 8440 13463
15 8440 13464
15 8440 13465
15 8440 13466
15 8440 13467
15 8440 13468
15 8440 13469
15 8440 13470
15 8440 13471
15 8440 13472
15 8440 13473
15 8440 13474
15 8440 13475
15 8441 13465
15 8441 13470
15 8441 13471
15 8441 13472
15 8442 13474
15 8443 13469
15 8443 13471
15 8443 13472
15 8443 13474
15 8443 13475
15 8444 13472
15 8444 13474
15 8446 13447
15 8446 13448
15 8446 13449
15 8446 13450
15 8447 13453
15 8449 13456
15 8450 13456
15 8452 13445
15 8453 13446
15 8453 13447
15 8453 13448
15 8454 13452
15 8454 13454
15 8457 13457
16 16880 26889
16 16880 26890
16 16880 26891
16 16880 26892
16 16880 26893
16 16880 26894
16 16880 26895
16 16880 26896
16 16880 26897
16 16880 26898
16 16880 26899
16 16880 26900
16 16880 26901
16 16880 26902
16 16880 26903
16 16880 26904
16 16880 26905
16 16880 26906
16 16880 26907
16 16880 26908
16 16880 26909
16 16880 26910
16 16880 26911
16 16880 26912
16 16880 26913
16 16880 26914
16 16880 26915
16 16880 26916
16 16880 26917
16 16880 26918
16 16880 26919
16 16880 26920
16 16880 26921
16 16880 26922
16 16880 26923
16 16880 26924
16 16880 26925
16 16880 26926
16 16880 26927
16 16880 26928
16 16880 26929
16 16880 26930
16 16880 26931
16 16880 26932
16 16880 26933
16 16880 26934
16 16880 26935
16 16880 26936
16 16880 26937
16 16880 26938
16 16880 26939
16 16880 26940
16 16880 26941
16 16880 26942
16 16880 26943
16 16880 26944
16 16880 26945
16 16880 26946
16 16880 26947
16 16880 26948
16 16880 26949
16 16880 26950
16 16880 26951
16 16881 26891
16 16881 26892
16 16881 26893
16 16881 26897
16 16881 26903
16 16881 26906
16 16881 26907
16 16881 26915
16 16882 26906
16 16882 26907
16 16882 26908
16 16882 26941
16 16882 26943
16 16883 26904
16 16883 26907
16 16883 26908
16 16883 26931
16 16883 26944
16 16884 26898
16 16884 26907
16 16884 26948
16 16885 26910
16 16885 26911
16 16886 26904
16 16886 26906
16 16886 26910
16 16886 26942
16 16886 26948
16 16887 26907
16 16887 26911
16 16887 26914
16 16887 26915
16 16887 26939
16 16887 26943
16 16887 26945
16 16887 26948
16 16887 26951
16 16888 26909
16 16888 26911
16 16888 26916
16 16888 26917
16 16888 26948
16 16889 26909
16 16889 26910
16 16889 26945
16 16890 26918
16 16890 26919
16 16890 26920
16 16890 26947
16 16890 26949
16 16891 26905
16 16891 26912
16 16891 26913
16 16891 26931
16 16892 26913
16 16892 26916
16 16892 26917
16 16892 26919
16 16892 26921
16 16892 26933
16 16892 26941
16 16893 26911
16 16893 26912
16 16893 26915
16 16893 26919
16 16893 26929
16 16893 26940
16 16893 26948
16 16893 26949
16 16893 26951
16 16894 26916
16 16894 26919
16 16894 26924
16 16894 26927
16 16894 26949
16 16894 26950
16 16895 26907
16 16895 26917
16 16895 26923
16 16895 26927
16 16895 26933
16 16895 26945
16 16896 26916
16 16896 26917
16 16896 26919
16 16896 26920
16 16896 26921
16 16896 26924
16 16896 26938
16 16896 26945
16 16897 26916
16 16897 26917
16 16897 26922
16 16897 26923
16 16897 26925
16 16897 26949
16 16898 26912
16 16898 26917
16 16898 26944
16 16899 26924
16 16899 26930
16 16900 26912
16 16900 26930
16 16900 26931
16 16900 26932
16 16900 26939
16 16901 26915
16 16901 26932
16 16901 26936
16 16902 26924
16 16902 26935
16 16904 26921
16 16905 26891
16 16906 26892
16 16906 26896
16 16906 26923
16 16906 26926
16 16907 26894
16 16907 26922
16 16909 26905
16 16909 26909
16 16910 26920
16 16910 26928
16 16911 26918
16 16911 26926
16 16911 26944
16 16912 26931
16 16912 26936
16 16913 26934
16 16913 26943
16 16913 26946
16 16915 26915
16 16917 26944
17 33760 53779
17 33760 53780
17 33760 53781
17 33760 53782
17 33760 53783
17 33760 53784
17 33760 53785
17 33760 53786
17 33760 53787
17 33760 53788
17 33760 53789
17 33760 53790
17 33760 53791
17 33760 53792
17 33760 53793
17 33760 53794
17 33760 53795
17 33760 53796
17 33760 53797
17 33760 53798
17 33760 53799
17 33760 53800
17 33760 53801
17 33760 53802
17 33760 53803
17 33760 53804
17 33760 53805
17 33760 53806
17 33760 53807
17 33760 53808
17 33760 53809
17 33760 53810
17 33760 53811
17 33760 53812
17 33760 53813
17 33760 53814
17 33760 53815
17 33760 53816
17 33760 53817
17 33760 53818
17 33760 53819
17 33760 53820
17 33760 53821
17 33760 53822
17 33760 53823
17 33760 53824
17 33760 53825
17 33760 53826
17 33760 53827
17 33760 53828
17 33760 53829
17 33760 53830
17 33760 53831
17 33760 53832
17 33760 53833
17 33760 53834
17 33760 53835
17 33760 53836
17 33760 53837
17 33760 53838
17 33760 53839
17 33760 53840
17 33760 53841
17 33760 53842
17 33760 53843
17 33760 53844
17 33760 53845
17 33760 53846
17 33760 53847
17 33760 53848
17 33760 53849
17 33760 53850
17 33760 53851
17 33760 53852
17 33760 53853
17 33760 53854
17 33760 53855
17 33760 53856
17 33760 53857
17 33760 53858
17 33760 53859
17 33760 53860
17 33760 53861
17 33760 53862
17 33760 53863
17 33760 53864
17 33760 53865
17 33760 53866
17 33760 53867
17 33760 53868
17 33760 53869
17 33760 53870
17 33760 53871
17 33760 53872
17 33760 53873
17 33760 53874
17 33760 53875
17 33760 53876
17 33760 53877
17 33760 53878
17 33760 53879
17 33760 53880
17 33760 53881
17 33760 53882
17 33760 53883
17 33760 53884
17 33760 53885
17 33760 53886
17 33760 53887
17 33760 53888
17 33760 53889
17 33760 53890
17 33760 53891
17 33760 53892
17 33760 53893
17 33760 53894
17 33760 53895
17 33760 53896
17 33760 53897
17 33760 53898
17 33760 53899
17 33760 53900
17 33760 53901
17 33760 53902
17 33760 53903
17 33761 53850
17 33761 53862
17 33762 53783
17 33762 53813
17 33762 53814
17 33762 53830
17 33763 53784
17 33763 53786
17 33763 53794
17 33763 53806
17 33763 53812
17 33764 53813
17 33764 53816
17 33764 53883
17 33764 53887
17 33765 53815
17 33766 53808
17 33766 53815
17 33766 53816
17 33766 53888
17 33767 53862
17 33767 53888
17 33768 53814
17 33768 53897
17 33769 53796
17 33770 53822
17 33771 53821
17 33772 53809
17 33772 53896
17 33773 53813
17 33773 53821
17 33773 53885
17 33774 53822
17 33774 53879
17 33774 53887
17 33774 53897
17 33775 53815
17 33775 53829
17 33775 53831
17 33775 53890
17 33775 53897
17 33775 53902
17 33776 53818
17 33776 53823
17 33776 53833
17 33776 53834
17 33776 53835
17 33776 53896
17 33778 53819
17 33779 53821
17 33779 53890
17 33780 53837
17 33780 53838
17 33780 53840
17 33780 53894
17 33781 53899
17 33782 53810
17 33782 53862
17 33783 53825
17 33783 53826
17 33784 53826
17 33784 53832
17 33784 53835
17 33784 53883
17 33785 53838
17 33785 53842
17 33785 53866
17 33786 53823
17 33786 53899
17 33787 53825
17 33787 53831
17 33787 53839
17 33787 53881
17 33787 53897
17 33787 53902
17 33788 53848
17 33788 53898
17 33789 53833
17 33789 53838
17 33789 53855
17 33789 53899
17 33789 53900
17 33789 53901
17 33790 53867
17 33791 53815
17 33791 53834
17 33791 53846
17 33791 53855
17 33791 53890
17 33792 53840
17 33792 53843
17 33792 53849
17 33792 53877
17 33792 53890
17 33793 53833
17 33793 53834
17 33793 53838
17 33793 53841
17 33794 53844
17 33794 53845
17 33794 53846
17 33794 53899
17 33795 53832
17 33795 53834
17 33795 53850
17 33796 53825
17 33796 53835
17 33797 53888
17 33798 53848
17 33799 53860
17 33801 53824
17 33801 53860
17 33801 53863
17 33801 53865
17 33801 53879
17 33802 53864
17 33802 53873
17 33803 53831
17 33803 53872
17 33804 53848
17 33804 53870
17 33808 53843
17 33810 53782
17 33812 53785
17 33813 53792
17 33813 53846
17 33813 53853
17 33814 53788
17 33815 53844
17 33818 53818
17 33819 53811
17 33820 53840
17 33821 53857
17 33823 53837
17 33823 53853
17 33823 53888
17 33824 53872
17 33825 53863
17 33826 53886
17 33826 53892
17 33827 53868
17 33831 53830
17 33835 53888
18 67521 107559
18 67521 107560
18 67521 107561
18 67521 107562
18 67521 107563
18 67521 107564
18 67521 107565
18 67521 107566
18 67521 107567
18 67521 107568
18 67521 107569
18 67521 107570
18 67521 107571
18 67521 107572
18 67521 107573
18 67521 107574
18 67521 107575
18 67521 107576
18 67521 107577
18 67521 107578
18 67521 107579
18 67521 107580
18 67521 107581
18 67521 107582
18 67521 107583
18 67521 107584
18 67521 107585
18 67521 107586
18 67521 107587
18 67521 107588
18 67521 107589
18 67521 107590
18 67521 107591
18 67521 107592
18 67521 107593
18 67521 107594
18 67521 107595
18 67521 107596
18 67521 107597
18 67521 107598
18 67521 107599
18 67521 107600
18 67521 107601
18 67521 107602
18 67521 107603
18 67521 107604
18 67521 107605
18 67521 107606
18 67521 107607
18 67521 107608
18 67521 107609
18 67521 107610
18 67521 107611
18 67521 107612
18 67521 107613
18 67521 107614
18 67521 107615
18 67521 107616
18 67521 107617
18 67521 107618
18 67521 107619
18 67521 107620
18 67521 107621
18 67521 107622
18 67521 107623
18 67521 107624
18 67521 107625
18 67521 107626
18 67521 107627
18 67521 107628
18 67521 107629
18 67521 107630
18 67521 107631
18 67521 107632
18 67521 107633
18 67521 107634
18 67521 107635
18 67521 107636
18 67521 107637
18 67521 107638
18 67521 107639
18 67521 107640
18 67521 107641
18 67521 107642
18 67521 107643
18 67521 107644
18 67521 107645
18 67521 107646
18 67521 107647
18 67521 107648
18 67521 107649
18 67521 107650
18 67521 107651
18 67521 107652
18 67521 107653
18 67521 107654
18 67521 107655
18 67521 107656
18 67521 107657
18 67521 107658
18 67521 107659
18 67521 107660
18 67521 107661
18 67521 107662
18 67521 107663
18 67521 107664
18 67521 107665
18 67521 107666
18 67521 107667
18 67521 107668
18 67521 107669
18 67521 107670
18 67521 107671
18 67521 107672
18 67521 107673
18 67521 107674
18 67521 107675
18 67521 107676
18 67521 107677
18 67521 107678
18 67521 107679
18 67521 107680
18 67521 107681
18 67521 107682
18 67521 107683
18 67521 107684
18 67521 107685
18 67521 107686
18 67521 107687
18 67521 107688
18 67521 107689
18 67521 107690
18 67521 107691
18 67521 107692
18 67521 107693
18 67521 107694
18 67521 107695
18 67521 107696
18 67521 107697
18 67521 107698
18 67521 107699
18 67521 107700
18 67521 107701
18 67521 107702
18 67521 107703
18 67521 107704
18 67521 107705
18 67521 107706
18 67521 107707
18 67521 107708
18 67521 107709
18 67521 107710
18 67521 107711
18 67521 107712
18 67521 107713
18 67521 107714
18 67521 107715
18 67521 107716
18 67521 107717
18 67521 107718
18 67521 107719
18 67521 107720
18 67521 107721
18 67521 107722
18 67521 107723
18 67521 107724
18 67521 107725
18 67521 107726
18 67521 107727
18 67521 107728
18 67521 107729
18 67521 107730
18 67521 107731
18 67521 107732
18 67521 107733
18 67521 107734
18 67521 107735
18 67521 107736
18 67521 107737
18 67521 107738
18 67521 107739
18 67521 107740
18 67521 107741
18 67521 107742
18 67521 107743
18 67521 107744
18 67521 107745
18 67521 107746
18 67521 107747
18 67521 107748
18 67521 107749
18 67521 107750
18 67521 107751
18 67521 107752
18 67521 107753
18 67521 107754
18 67521 107755
18 67521 107756
18 67521 107757
18 67521 107758
18 67521 107759
18 67521 107760
18 67521 107761
18 67521 107762
18 67521 107763
18 67521 107764
18 67521 107765
18 67521 107766
18 67521 107767
18 67521 107768
18 67521 107769
18 67521 107770
18 67521 107771
18 67521 107772
18 67521 107773
18 67521 107774
18 67521 107775
18 67521 107776
18 67521 107777
18 67521 107778
18 67521 107779
18 67521 107780
18 67521 107781
18 67521 107782
18 67521 107783
18 67521 107784
18 67521 107785
18 67521 107786
18 67521 107787
18 67521 107788
18 67521 107789
18 67521 107790
18 67521 107791
18 67521 107792
18 67521 107793
18 67521 107794
18 67521 107795
18 67521 107796
18 67521 107797
18 67521 107798
18 67521 107799
18 67521 107800
18 67521 107801
18 67521 107802
18 67521 107803
18 67521 107804
18 67521 107805
18 67521 107806
18 67521 107807
18 67522 107700
18 67523 107724
18 67524 107566
18 67525 107627
18 67525 107628
18 67526 107569
18 67527 107569
18 67527 107624
18 67528 107627
18 67532 107632
18 67533 107631
18 67537 107795
18 67540 107644
18 67542 107642
18 67545 107619
18 67547 107627
18 67547 107643
18 67548 107758
18 67548 107774
18 67549 107645
18 67550 107631
18 67550 107658
18 67550 107662
18 67550 107805
18 67552 107792
18 67553 107636
18 67553 107647
18 67553 107668
18 67556 107639
18 67558 107780
18 67560 107677
18 67565 107724
18 67567 107650
18 67568 107670
18 67568 107766
18 67573 107799
18 67578 107667
18 67581 107735
18 67582 107692
18 67582 107710
18 67583 107631
18 67583 107668
18 67584 107686
18 67584 107781
18 67586 107667
18 67587 107677
18 67587 107682
18 67588 107690
18 67588 107692
18 67588 107798
18 67591 107664
18 67593 107651
18 67593 107671
18 67597 107697
18 67599 107721
18 67602 107727
18 67603 107758
18 67604 107746
18 67607 107663
18 67608 107740
18 67609 107697
18 67616 107687
18 67621 107565
18 67625 107571
18 67626 107584
18 67636 107636
18 67641 107681
18 67643 107714
18 67646 107707
18 67646 107777
18 67649 107744
18 67652 107772
18 67653 107784
18 67655 107736
3 2 3
4 4 6
5 5 12
5 7 13
5 8 13
6 16 26
7 32 52
7 33 52
