12 1129 1660
12 1129 1660
13 2256 3321
13 2256 3321
13 2258 3321
13 2258 3321
13 2258 3323
13 2258 3323
14 4513 6643
14 4515 6646
14 4516 6645
15 9026 13287
15 9026 13288
15 9026 13289
15 9026 13292
15 9026 13293
15 9031 13291
15 9032 13290
16 18052 26574
16 18052 26575
16 18052 26576
16 18052 26577
16 18052 26578
16 18052 26579
16 18052 26580
16 18052 26581
16 18052 26582
16 18052 26583
16 18052 26584
16 18052 26585
16 18052 26586
17 36104 53148
17 36104 53149
17 36104 53150
17 36104 53151
17 36104 53152
17 36104 53153
17 36104 53154
17 36104 53155
17 36104 53156
17 36104 53157
17 36104 53158
17 36104 53159
17 36104 53160
17 36104 53161
17 36104 53162
17 36104 53163
17 36104 53164
17 36104 53165
17 36104 53166
17 36104 53167
17 36104 53168
17 36104 53169
17 36104 53170
17 36104 53171
17 36104 53172
18 72209 106297
3 2 3
4 4 6
4 4 6
5 8 12
5 8 12
6 17 25
6 17 25
7 35 51
7 35 51
