11 561 840
12 1122 1680
12 1122 1680
12 1122 1681
12 1122 1681
13 2240 3349
13 2240 3349
13 2240 3350
13 2240 3350
13 2240 3351
13 2240 3351
13 2240 3352
13 2240 3352
13 2244 3359
13 2244 3359
13 2244 3360
13 2244 3360
13 2244 3361
13 2244 3361
13 2244 3362
13 2244 3362
13 2244 3363
13 2244 3363
13 2245 3349
13 2245 3349
13 2245 3350
13 2245 3350
13 2245 3351
13 2245 3351
13 2245 3352
13 2245 3352
13 2245 3353
13 2245 3353
13 2245 3354
13 2245 3354
13 2245 3355
13 2245 3355
13 2245 3356
13 2245 3356
13 2245 3357
13 2245 3357
13 2245 3358
13 2245 3358
13 2245 3359
13 2245 3359
13 2245 3360
13 2245 3360
13 2245 3361
13 2245 3361
13 2245 3362
13 2245 3362
13 2245 3363
13 2245 3363
14 4480 6698
14 4480 6699
14 4480 6700
14 4480 6701
14 4480 6702
14 4480 6703
14 4480 6704
14 4480 6705
14 4480 6706
14 4480 6707
14 4480 6708
14 4480 6709
14 4480 6710
14 4480 6711
14 4480 6712
14 4480 6713
14 4480 6714
14 4480 6715
14 4480 6716
14 4480 6727
14 4483 6727
14 4484 6727
14 4488 6718
14 4488 6719
14 4488 6720
14 4488 6721
14 4488 6722
14 4488 6723
14 4488 6724
14 4488 6725
14 4488 6726
14 4489 6717
15 8960 13396
15 8960 13397
15 8960 13398
15 8960 13399
15 8960 13400
15 8960 13401
15 8960 13402
15 8960 13403
15 8960 13404
15 8960 13405
15 8960 13406
15 8960 13407
15 8960 13408
15 8960 13409
15 8960 13410
15 8960 13411
15 8960 13412
15 8960 13413
15 8960 13414
15 8960 13415
15 8960 13416
15 8960 13417
15 8960 13418
15 8960 13419
15 8960 13420
15 8960 13421
15 8960 13422
15 8960 13423
15 8960 13424
15 8960 13425
15 8960 13426
15 8960 13427
15 8960 13428
15 8960 13429
15 8960 13430
15 8960 13431
15 8960 13432
15 8960 13433
15 8960 13434
15 8960 13435
15 8960 13436
15 8960 13437
15 8960 13438
15 8960 13439
15 8960 13440
15 8960 13441
15 8960 13442
15 8960 13443
15 8960 13444
15 8960 13445
15 8960 13453
15 8960 13454
15 8966 13454
15 8969 13454
15 8975 13447
15 8975 13448
15 8975 13449
15 8975 13450
15 8975 13451
15 8975 13452
15 8976 13446
16 17920 26792
16 17920 26793
16 17920 26794
16 17920 26795
16 17920 26796
16 17920 26797
16 17920 26798
16 17920 26799
16 17920 26800
16 17920 26801
16 17920 26802
16 17920 26803
16 17920 26804
16 17920 26805
16 17920 26806
16 17920 26807
16 17920 26808
16 17920 26809
16 17920 26810
16 17920 26811
16 17920 26812
16 17920 26813
16 17920 26814
16 17920 26815
16 17920 26816
16 17920 26817
16 17920 26818
16 17920 26819
16 17920 26820
16 17920 26821
16 17920 26822
16 17920 26823
16 17920 26824
16 17920 26825
16 17920 26826
16 17920 26827
16 17920 26828
16 17920 26829
16 17920 26830
16 17920 26831
16 17920 26832
16 17920 26833
16 17920 26834
16 17920 26835
16 17920 26836
16 17920 26837
16 17920 26838
16 17920 26839
16 17920 26840
16 17920 26841
16 17920 26842
16 17920 26843
16 17920 26844
16 17920 26845
16 17920 26846
16 17920 26847
16 17920 26848
16 17920 26849
16 17920 26850
16 17920 26851
16 17920 26852
16 17920 26853
16 17920 26854
16 17920 26855
16 17920 26856
16 17920 26857
16 17920 26858
16 17920 26859
16 17920 26860
16 17920 26861
16 17920 26862
16 17920 26863
16 17920 26864
16 17920 26865
16 17920 26866
16 17920 26867
16 17920 26868
16 17920 26869
16 17920 26870
16 17920 26871
16 17920 26872
16 17920 26873
16 17920 26874
16 17920 26875
16 17920 26876
16 17920 26877
16 17920 26878
16 17920 26879
16 17920 26880
16 17920 26881
16 17920 26882
16 17920 26883
16 17920 26884
16 17920 26885
16 17920 26886
16 17920 26887
16 17920 26888
16 17920 26889
16 17920 26890
16 17920 26891
16 17920 26892
16 17920 26893
16 17920 26894
16 17920 26895
16 17920 26896
16 17920 26897
16 17920 26898
16 17920 26899
16 17920 26900
16 17920 26901
16 17920 26902
16 17920 26906
16 17920 26907
16 17920 26908
16 17920 26909
16 17933 26908
16 17938 26908
16 17949 26905
16 17950 26903
16 17950 26904
17 35840 53584
18 71680 107168
3 2 3
4 4 6
4 4 6
5 8 13
5 8 13
6 17 26
6 17 26
7 35 52
7 35 52
8 70 104
8 70 104
8 70 105
8 70 105
