11 491 844
11 491 844
12 976 1688
12 976 1688
12 976 1689
12 976 1689
12 976 1690
12 976 1690
12 982 1688
12 982 1688
12 982 1689
12 982 1689
12 982 1690
12 982 1690
13 1953 3376
13 1953 3376
13 1953 3377
13 1953 3377
13 1953 3378
13 1953 3378
13 1953 3379
13 1953 3379
13 1953 3380
13 1953 3380
13 1953 3381
13 1953 3381
13 1954 3376
13 1954 3376
13 1954 3381
13 1954 3381
13 1955 3376
13 1955 3376
13 1955 3381
13 1955 3381
13 1956 3376
13 1956 3376
13 1956 3381
13 1956 3381
13 1957 3376
13 1957 3376
13 1957 3381
13 1957 3381
13 1958 3376
13 1958 3376
13 1958 3381
13 1958 3381
13 1959 3376
13 1959 3376
13 1959 3381
13 1959 3381
13 1960 3376
13 1960 3376
13 1960 3381
13 1960 3381
13 1961 3376
13 1961 3376
13 1961 3381
13 1961 3381
13 1962 3376
13 1962 3376
13 1962 3381
13 1962 3381
13 1963 3376
13 1963 3376
13 1963 3381
13 1963 3381
13 1964 3376
13 1964 3376
13 1964 3377
13 1964 3377
13 1964 3378
13 1964 3378
13 1964 3379
13 1964 3379
13 1964 3380
13 1964 3380
13 1964 3381
13 1964 3381
14 3907 6753
14 3907 6754
14 3907 6755
14 3907 6756
14 3907 6757
14 3907 6758
14 3907 6759
14 3907 6760
14 3907 6761
14 3907 6762
15 7815 13507
15 7815 13508
15 7815 13509
15 7815 13510
15 7815 13511
15 7815 13512
15 7815 13513
15 7815 13514
15 7815 13515
15 7815 13516
15 7815 13517
15 7815 13518
15 7815 13519
15 7815 13520
15 7815 13521
15 7815 13522
15 7815 13523
15 7815 13524
16 15630 27014
16 15630 27015
16 15630 27016
16 15630 27017
16 15630 27018
16 15630 27019
16 15630 27020
16 15630 27021
16 15630 27022
16 15630 27023
16 15630 27024
16 15630 27025
16 15630 27026
16 15630 27027
16 15630 27028
16 15630 27029
16 15630 27030
16 15630 27031
16 15630 27032
16 15630 27033
16 15630 27034
16 15630 27035
16 15630 27036
16 15630 27037
16 15630 27038
16 15630 27039
16 15630 27040
16 15630 27041
16 15630 27042
16 15630 27043
16 15630 27044
16 15630 27045
16 15630 27046
16 15630 27047
16 15630 27048
16 15630 27049
17 31261 54028
17 31261 54029
17 31261 54030
17 31261 54031
17 31261 54032
17 31261 54033
17 31261 54034
17 31261 54035
17 31261 54036
17 31261 54037
17 31261 54038
17 31261 54039
17 31261 54040
17 31261 54041
17 31261 54042
17 31261 54043
17 31261 54044
17 31261 54045
17 31261 54046
17 31261 54047
17 31261 54048
17 31261 54049
17 31261 54050
17 31261 54051
17 31261 54052
17 31261 54053
17 31261 54054
17 31261 54055
17 31261 54056
17 31261 54057
17 31261 54058
17 31261 54059
17 31261 54060
17 31261 54061
17 31261 54062
17 31261 54063
17 31261 54064
17 31261 54065
17 31261 54066
17 31261 54067
17 31261 54068
17 31261 54069
17 31261 54070
17 31261 54071
17 31261 54072
17 31261 54073
17 31261 54074
17 31261 54075
17 31261 54076
17 31261 54077
17 31261 54078
17 31261 54079
17 31261 54080
17 31261 54081
17 31261 54082
17 31261 54083
17 31261 54084
17 31261 54085
17 31261 54086
17 31261 54087
17 31261 54088
17 31261 54089
17 31261 54090
17 31261 54091
17 31261 54092
17 31261 54093
17 31261 54094
17 31261 54095
17 31261 54096
17 31261 54097
17 31261 54098
17 31261 54099
18 62523 108057
3 1 3
4 3 6
4 3 6
5 7 13
5 7 13
6 15 26
6 15 26
7 30 52
7 30 52
8 61 105
8 61 105
