13 2013 3394
13 2013 3395
13 2013 3396
13 2013 3417
13 2014 3394
13 2014 3395
13 2014 3396
13 2014 3417
13 2015 3394
13 2015 3395
13 2015 3396
13 2015 3417
13 2016 3394
13 2016 3395
13 2016 3396
13 2016 3417
13 2017 3394
13 2017 3395
13 2017 3396
13 2017 3417
13 2018 3394
13 2018 3395
13 2018 3396
13 2018 3417
13 2019 3394
13 2019 3417
13 2020 3394
13 2020 3417
13 2021 3394
13 2021 3417
13 2022 3394
13 2022 3417
13 2023 3394
13 2023 3395
13 2023 3396
13 2023 3417
13 2024 3394
13 2024 3395
13 2024 3396
13 2024 3417
13 2025 3394
13 2025 3395
13 2025 3396
13 2025 3417
13 2026 3394
13 2026 3395
13 2026 3396
13 2026 3417
13 2027 3394
13 2027 3395
13 2027 3396
13 2027 3417
13 2028 3394
13 2028 3395
13 2028 3396
13 2028 3417
13 2029 3394
13 2029 3395
13 2029 3396
13 2029 3417
