10 301 383
11 603 767
12 1207 1534
12 1207 1534
12 1207 1535
12 1207 1535
12 1207 1536
12 1207 1536
12 1207 1539
12 1207 1539
12 1208 1534
12 1208 1534
12 1208 1535
12 1208 1535
12 1209 1534
12 1209 1534
12 1210 1534
12 1210 1534
12 1210 1539
12 1210 1539
12 1211 1534
12 1211 1534
12 1211 1538
12 1211 1538
12 1211 1539
12 1211 1539
13 2414 3069
13 2414 3069
13 2414 3070
13 2414 3070
13 2414 3071
13 2414 3071
13 2414 3072
13 2414 3072
13 2414 3073
13 2414 3073
13 2414 3074
13 2414 3074
13 2414 3075
13 2414 3075
13 2414 3077
13 2414 3077
13 2414 3078
13 2414 3078
13 2414 3079
13 2414 3079
13 2415 3069
13 2415 3069
13 2415 3070
13 2415 3070
13 2415 3071
13 2415 3071
13 2415 3072
13 2415 3072
13 2415 3073
13 2415 3073
13 2415 3078
13 2415 3078
13 2415 3079
13 2415 3079
13 2416 3069
13 2416 3069
13 2416 3070
13 2416 3070
13 2416 3071
13 2416 3071
13 2416 3072
13 2416 3072
13 2416 3079
13 2416 3079
13 2417 3069
13 2417 3069
13 2417 3070
13 2417 3070
13 2417 3071
13 2417 3071
13 2417 3079
13 2417 3079
13 2418 3069
13 2418 3069
13 2418 3070
13 2418 3070
13 2418 3079
13 2418 3079
13 2419 3069
13 2419 3069
13 2419 3078
13 2419 3078
13 2419 3079
13 2419 3079
13 2420 3069
13 2420 3069
13 2420 3077
13 2420 3077
13 2420 3078
13 2420 3078
13 2420 3079
13 2420 3079
13 2421 3069
13 2421 3069
13 2421 3076
13 2421 3076
13 2421 3077
13 2421 3077
13 2421 3078
13 2421 3078
13 2421 3079
13 2421 3079
13 2422 3069
13 2422 3069
13 2422 3070
13 2422 3070
13 2422 3075
13 2422 3075
13 2422 3076
13 2422 3076
13 2422 3077
13 2422 3077
13 2422 3078
13 2422 3078
13 2422 3079
13 2422 3079
13 2423 3069
13 2423 3069
13 2423 3070
13 2423 3070
13 2423 3071
13 2423 3071
13 2423 3074
13 2423 3074
13 2423 3075
13 2423 3075
13 2423 3076
13 2423 3076
13 2423 3077
13 2423 3077
13 2423 3078
13 2423 3078
13 2423 3079
13 2423 3079
14 4829 6139
14 4829 6140
14 4829 6141
14 4829 6142
14 4829 6143
14 4829 6144
14 4829 6145
14 4829 6146
14 4829 6147
14 4829 6148
14 4829 6149
14 4829 6150
14 4829 6151
14 4829 6154
14 4829 6155
14 4829 6156
14 4829 6157
14 4829 6158
14 4840 6153
14 4841 6152
15 9658 12279
15 9658 12280
15 9658 12281
15 9658 12282
15 9658 12283
15 9658 12284
15 9658 12285
15 9658 12286
15 9658 12287
15 9658 12288
15 9658 12289
15 9658 12290
15 9658 12291
15 9658 12292
15 9658 12293
15 9658 12294
15 9658 12295
15 9658 12296
15 9658 12297
15 9658 12298
15 9658 12299
15 9658 12300
15 9658 12301
15 9658 12302
15 9658 12303
15 9658 12304
15 9658 12306
15 9658 12307
15 9658 12308
15 9658 12309
15 9658 12310
15 9658 12311
15 9658 12312
15 9658 12313
15 9658 12314
15 9658 12315
15 9658 12316
15 9677 12305
16 19317 24559
16 19317 24560
16 19317 24561
16 19317 24562
16 19317 24563
16 19317 24564
16 19317 24565
16 19317 24566
16 19317 24567
16 19317 24568
16 19317 24569
16 19317 24570
16 19317 24571
16 19317 24572
16 19317 24573
16 19317 24574
16 19317 24575
16 19317 24576
16 19317 24577
16 19317 24578
16 19317 24579
16 19317 24580
16 19317 24581
16 19317 24582
16 19317 24583
16 19317 24584
16 19317 24585
16 19317 24586
16 19317 24587
16 19317 24588
16 19317 24589
16 19317 24590
16 19317 24591
16 19317 24592
16 19317 24593
16 19317 24594
16 19317 24595
16 19317 24596
16 19317 24597
16 19317 24598
16 19317 24599
16 19317 24600
16 19317 24601
16 19317 24602
16 19317 24603
16 19317 24604
16 19317 24605
16 19317 24606
16 19317 24607
16 19317 24608
16 19317 24609
16 19317 24610
16 19317 24611
16 19317 24612
16 19317 24613
16 19317 24614
16 19317 24615
16 19317 24616
16 19317 24617
16 19317 24618
16 19317 24619
16 19317 24620
16 19317 24621
16 19317 24622
16 19317 24623
16 19317 24624
16 19317 24625
16 19317 24626
16 19317 24627
16 19317 24628
16 19317 24629
16 19317 24630
16 19317 24631
16 19317 24632
17 38634 49118
17 38634 49119
17 38634 49120
17 38634 49121
17 38634 49122
17 38634 49123
17 38634 49124
17 38634 49125
17 38634 49126
17 38634 49127
17 38634 49128
17 38634 49129
17 38634 49130
17 38634 49131
17 38634 49132
17 38634 49133
17 38634 49134
17 38634 49135
17 38634 49136
17 38634 49137
17 38634 49138
17 38634 49139
17 38634 49140
17 38634 49141
17 38634 49142
17 38634 49143
17 38634 49144
17 38634 49145
17 38634 49146
17 38634 49147
17 38634 49148
17 38634 49149
17 38634 49150
17 38634 49151
17 38634 49152
17 38634 49153
17 38634 49154
17 38634 49155
17 38634 49156
17 38634 49157
17 38634 49158
17 38634 49159
17 38634 49160
17 38634 49161
17 38634 49162
17 38634 49163
17 38634 49164
17 38634 49165
17 38634 49166
17 38634 49167
17 38634 49168
17 38634 49169
17 38634 49170
17 38634 49171
17 38634 49172
17 38634 49173
17 38634 49174
17 38634 49175
17 38634 49176
17 38634 49177
17 38634 49178
17 38634 49179
17 38634 49180
17 38634 49181
17 38634 49182
17 38634 49183
17 38634 49184
17 38634 49185
17 38634 49186
17 38634 49187
17 38634 49188
17 38634 49189
17 38634 49190
17 38634 49191
17 38634 49192
17 38634 49193
17 38634 49194
17 38634 49195
17 38634 49196
17 38634 49197
17 38634 49198
17 38634 49199
17 38634 49200
17 38634 49201
17 38634 49202
17 38634 49203
17 38634 49204
17 38634 49205
17 38634 49206
17 38634 49207
17 38634 49208
17 38634 49209
17 38634 49210
17 38634 49211
17 38634 49212
17 38634 49213
17 38634 49214
17 38634 49215
17 38634 49216
17 38634 49217
17 38634 49218
17 38634 49219
17 38634 49220
17 38634 49221
17 38634 49222
17 38634 49223
17 38634 49224
17 38634 49225
17 38634 49226
17 38634 49227
17 38634 49228
17 38634 49229
17 38634 49230
17 38634 49231
17 38634 49232
17 38634 49233
17 38634 49234
17 38634 49235
17 38634 49236
17 38634 49237
17 38634 49238
17 38634 49239
17 38634 49240
17 38634 49241
17 38634 49242
17 38634 49243
17 38634 49244
17 38634 49245
17 38634 49246
17 38634 49247
17 38634 49248
17 38634 49249
17 38634 49250
17 38634 49251
17 38634 49252
17 38634 49253
17 38634 49254
17 38634 49255
17 38634 49256
17 38634 49257
17 38634 49258
17 38634 49259
17 38634 49260
17 38634 49261
17 38634 49262
17 38634 49263
17 38634 49264
18 77268 98237
3 2 2
4 4 5
4 4 5
4 4 6
4 4 6
5 9 11
5 9 11
5 9 12
5 9 12
6 18 23
6 18 23
6 18 24
6 18 24
7 37 47
7 37 47
7 37 48
7 37 48
9 150 191
9 150 191
