10 251 423
11 503 846
11 503 846
12 1006 1693
12 1006 1693
12 1006 1694
12 1006 1694
12 1006 1695
12 1006 1695
12 1006 1696
12 1006 1696
12 1006 1697
12 1006 1697
12 1007 1693
12 1007 1693
12 1007 1694
12 1007 1694
12 1007 1695
12 1007 1695
12 1008 1693
12 1008 1693
12 1009 1699
12 1009 1699
12 1009 1700
12 1009 1700
12 1010 1697
12 1010 1697
12 1010 1698
12 1010 1698
12 1010 1699
12 1010 1699
12 1010 1700
12 1010 1700
12 1011 1693
12 1011 1693
12 1011 1695
12 1011 1695
12 1011 1696
12 1011 1696
12 1011 1697
12 1011 1697
12 1011 1698
12 1011 1698
12 1011 1699
12 1011 1699
12 1011 1700
12 1011 1700
13 2012 3387
13 2012 3387
13 2012 3388
13 2012 3388
13 2012 3389
13 2012 3389
13 2012 3390
13 2012 3390
13 2012 3391
13 2012 3391
13 2012 3392
13 2012 3392
13 2012 3393
13 2012 3393
13 2012 3394
13 2012 3394
13 2012 3395
13 2012 3395
13 2012 3396
13 2012 3396
13 2012 3397
13 2012 3397
13 2012 3400
13 2012 3400
13 2012 3401
13 2012 3401
13 2013 3387
13 2013 3387
13 2013 3388
13 2013 3388
13 2013 3389
13 2013 3389
13 2013 3390
13 2013 3390
13 2013 3391
13 2013 3391
13 2013 3392
13 2013 3392
13 2013 3393
13 2013 3393
13 2013 3394
13 2013 3394
13 2013 3395
13 2013 3395
13 2013 3396
13 2013 3396
13 2013 3401
13 2013 3401
13 2014 3387
13 2014 3387
13 2014 3388
13 2014 3388
13 2014 3389
13 2014 3389
13 2014 3390
13 2014 3390
13 2014 3391
13 2014 3391
13 2014 3392
13 2014 3392
13 2014 3393
13 2014 3393
13 2014 3394
13 2014 3394
13 2014 3401
13 2014 3401
13 2015 3387
13 2015 3387
13 2015 3388
13 2015 3388
13 2015 3389
13 2015 3389
13 2015 3390
13 2015 3390
13 2015 3391
13 2015 3391
13 2015 3392
13 2015 3392
13 2016 3387
13 2016 3387
13 2016 3388
13 2016 3388
13 2016 3389
13 2016 3389
13 2016 3390
13 2016 3390
13 2016 3401
13 2016 3401
13 2017 3387
13 2017 3387
13 2017 3388
13 2017 3388
13 2017 3399
13 2017 3399
13 2017 3400
13 2017 3400
13 2017 3401
13 2017 3401
13 2018 3397
13 2018 3397
13 2018 3398
13 2018 3398
13 2018 3399
13 2018 3399
13 2018 3400
13 2018 3400
13 2018 3401
13 2018 3401
13 2019 3395
13 2019 3395
13 2019 3396
13 2019 3396
13 2019 3397
13 2019 3397
13 2019 3398
13 2019 3398
13 2019 3399
13 2019 3399
13 2019 3400
13 2019 3400
13 2019 3401
13 2019 3401
13 2020 3394
13 2020 3394
13 2020 3395
13 2020 3395
13 2020 3396
13 2020 3396
13 2020 3397
13 2020 3397
13 2020 3398
13 2020 3398
13 2020 3399
13 2020 3399
13 2020 3400
13 2020 3400
13 2020 3401
13 2020 3401
13 2021 3387
13 2021 3387
13 2021 3392
13 2021 3392
13 2021 3393
13 2021 3393
13 2021 3394
13 2021 3394
13 2021 3395
13 2021 3395
13 2021 3396
13 2021 3396
13 2021 3397
13 2021 3397
13 2021 3398
13 2021 3398
13 2021 3399
13 2021 3399
13 2021 3400
13 2021 3400
13 2021 3401
13 2021 3401
13 2022 3387
13 2022 3387
13 2022 3388
13 2022 3388
13 2022 3390
13 2022 3390
13 2022 3391
13 2022 3391
13 2022 3392
13 2022 3392
13 2022 3393
13 2022 3393
13 2022 3394
13 2022 3394
13 2022 3395
13 2022 3395
13 2022 3396
13 2022 3396
13 2022 3397
13 2022 3397
13 2022 3398
13 2022 3398
13 2022 3399
13 2022 3399
13 2022 3400
13 2022 3400
13 2022 3401
13 2022 3401
13 2023 3387
13 2023 3387
13 2023 3388
13 2023 3388
13 2023 3389
13 2023 3389
13 2023 3390
13 2023 3390
13 2023 3391
13 2023 3391
13 2023 3392
13 2023 3392
13 2023 3393
13 2023 3393
13 2023 3394
13 2023 3394
13 2023 3395
13 2023 3395
13 2023 3396
13 2023 3396
13 2023 3397
13 2023 3397
13 2023 3398
13 2023 3398
13 2023 3399
13 2023 3399
13 2023 3400
13 2023 3400
13 2023 3401
13 2023 3401
14 4024 6774
14 4024 6775
14 4024 6776
14 4024 6777
14 4024 6778
14 4024 6779
14 4024 6780
14 4024 6781
14 4024 6782
14 4024 6783
14 4024 6784
14 4024 6785
14 4024 6786
14 4024 6787
14 4024 6788
14 4024 6789
14 4024 6790
14 4024 6791
14 4024 6792
14 4024 6793
14 4024 6794
14 4024 6795
14 4024 6796
14 4024 6797
14 4024 6798
14 4024 6799
14 4024 6800
14 4024 6801
14 4024 6802
14 4024 6803
15 8049 13549
15 8049 13550
15 8049 13551
15 8049 13552
15 8049 13553
15 8049 13554
15 8049 13555
15 8049 13556
15 8049 13557
15 8049 13558
15 8049 13559
15 8049 13560
15 8049 13561
15 8049 13562
15 8049 13563
15 8049 13564
15 8049 13565
15 8049 13566
15 8049 13567
15 8049 13568
15 8049 13569
15 8049 13570
15 8049 13571
15 8049 13572
15 8049 13573
15 8049 13574
15 8049 13575
15 8049 13576
15 8049 13577
15 8049 13578
15 8049 13579
15 8049 13580
15 8049 13581
15 8049 13582
15 8049 13583
15 8049 13584
15 8049 13585
15 8049 13586
15 8049 13587
15 8049 13588
15 8049 13589
15 8049 13590
15 8049 13591
15 8049 13592
15 8049 13593
15 8049 13594
15 8049 13595
15 8049 13596
15 8049 13597
15 8049 13598
15 8049 13599
15 8049 13600
15 8049 13601
15 8049 13602
15 8049 13603
15 8049 13604
15 8049 13605
15 8049 13606
15 8049 13607
16 16099 27099
16 16099 27100
16 16099 27101
16 16099 27102
16 16099 27103
16 16099 27104
16 16099 27105
16 16099 27106
16 16099 27107
16 16099 27108
16 16099 27109
16 16099 27110
16 16099 27111
16 16099 27112
16 16099 27113
16 16099 27114
16 16099 27115
16 16099 27116
16 16099 27117
16 16099 27118
16 16099 27119
16 16099 27120
16 16099 27121
16 16099 27122
16 16099 27123
16 16099 27124
16 16099 27125
16 16099 27126
16 16099 27127
16 16099 27128
16 16099 27129
16 16099 27130
16 16099 27131
16 16099 27132
16 16099 27133
16 16099 27134
16 16099 27135
16 16099 27136
16 16099 27137
16 16099 27138
16 16099 27139
16 16099 27140
16 16099 27141
16 16099 27142
16 16099 27143
16 16099 27144
16 16099 27145
16 16099 27146
16 16099 27147
16 16099 27148
16 16099 27149
16 16099 27150
16 16099 27151
16 16099 27152
16 16099 27153
16 16099 27154
16 16099 27155
16 16099 27156
16 16099 27157
16 16099 27158
16 16099 27159
16 16099 27160
16 16099 27161
16 16099 27162
16 16099 27163
16 16099 27164
16 16099 27165
16 16099 27166
16 16099 27167
16 16099 27168
16 16099 27169
16 16099 27170
16 16099 27171
16 16099 27172
16 16099 27173
16 16099 27174
16 16099 27175
16 16099 27176
16 16099 27177
16 16099 27178
16 16099 27179
16 16099 27180
16 16099 27181
16 16099 27182
16 16099 27183
16 16099 27184
16 16099 27185
16 16099 27186
16 16099 27187
16 16099 27188
16 16099 27189
16 16099 27190
16 16099 27191
16 16099 27192
16 16099 27193
16 16099 27194
16 16099 27195
16 16099 27196
16 16099 27197
16 16099 27198
16 16099 27199
16 16099 27200
16 16099 27201
16 16099 27202
16 16099 27203
16 16099 27204
16 16099 27205
16 16099 27206
16 16099 27207
16 16099 27208
16 16099 27209
16 16099 27210
16 16099 27211
16 16099 27212
16 16099 27213
16 16099 27214
16 16099 27215
17 32199 54198
17 32199 54199
17 32199 54200
17 32199 54201
17 32199 54202
17 32199 54203
17 32199 54204
17 32199 54205
17 32199 54206
17 32199 54207
17 32199 54208
17 32199 54209
17 32199 54210
17 32199 54211
17 32199 54212
17 32199 54213
17 32199 54214
17 32199 54215
17 32199 54216
17 32199 54217
17 32199 54218
17 32199 54219
17 32199 54220
17 32199 54221
17 32199 54222
17 32199 54223
17 32199 54224
17 32199 54225
17 32199 54226
17 32199 54227
17 32199 54228
17 32199 54229
17 32199 54230
17 32199 54231
17 32199 54232
17 32199 54233
17 32199 54234
17 32199 54235
17 32199 54236
17 32199 54237
17 32199 54238
17 32199 54239
17 32199 54240
17 32199 54241
17 32199 54242
17 32199 54243
17 32199 54244
17 32199 54245
17 32199 54246
17 32199 54247
17 32199 54248
17 32199 54249
17 32199 54250
17 32199 54251
17 32199 54252
17 32199 54253
17 32199 54254
17 32199 54255
17 32199 54256
17 32199 54257
17 32199 54258
17 32199 54259
17 32199 54260
17 32199 54261
17 32199 54262
17 32199 54263
17 32199 54264
17 32199 54265
17 32199 54266
17 32199 54267
17 32199 54268
17 32199 54269
17 32199 54270
17 32199 54271
17 32199 54272
17 32199 54273
17 32199 54274
17 32199 54275
17 32199 54276
17 32199 54277
17 32199 54278
17 32199 54279
17 32199 54280
17 32199 54281
17 32199 54282
17 32199 54283
17 32199 54284
17 32199 54285
17 32199 54286
17 32199 54287
17 32199 54288
17 32199 54289
17 32199 54290
17 32199 54291
17 32199 54292
17 32199 54293
17 32199 54294
17 32199 54295
17 32199 54296
17 32199 54297
17 32199 54298
17 32199 54299
17 32199 54300
17 32199 54301
17 32199 54302
17 32199 54303
17 32199 54304
17 32199 54305
17 32199 54306
17 32199 54307
17 32199 54308
17 32199 54309
17 32199 54310
17 32199 54311
17 32199 54312
17 32199 54313
17 32199 54314
17 32199 54315
17 32199 54316
17 32199 54317
17 32199 54318
17 32199 54319
17 32199 54320
17 32199 54321
17 32199 54322
17 32199 54323
17 32199 54324
17 32199 54325
17 32199 54326
17 32199 54327
17 32199 54328
17 32199 54329
17 32199 54330
17 32199 54331
17 32199 54332
17 32199 54333
17 32199 54334
17 32199 54335
17 32199 54336
17 32199 54337
17 32199 54338
17 32199 54339
17 32199 54340
17 32199 54341
17 32199 54342
17 32199 54343
17 32199 54344
17 32199 54345
17 32199 54346
17 32199 54347
17 32199 54348
17 32199 54349
17 32199 54350
17 32199 54351
17 32199 54352
17 32199 54353
17 32199 54354
17 32199 54355
17 32199 54356
17 32199 54357
17 32199 54358
17 32199 54359
17 32199 54360
17 32199 54361
17 32199 54362
17 32199 54363
17 32199 54364
17 32199 54365
17 32199 54366
17 32199 54367
17 32199 54368
17 32199 54369
17 32199 54370
17 32199 54371
17 32199 54372
17 32199 54373
17 32199 54374
17 32199 54375
17 32199 54376
17 32199 54377
17 32199 54378
17 32199 54379
17 32199 54380
17 32199 54381
17 32199 54382
17 32199 54383
17 32199 54384
17 32199 54385
17 32199 54386
17 32199 54387
17 32199 54388
17 32199 54389
17 32199 54390
17 32199 54391
17 32199 54392
17 32199 54393
17 32199 54394
17 32199 54395
17 32199 54396
17 32199 54397
17 32199 54398
17 32199 54399
17 32199 54400
17 32199 54401
17 32199 54402
17 32199 54403
17 32199 54404
17 32199 54405
17 32199 54406
17 32199 54407
17 32199 54408
17 32199 54409
17 32199 54410
17 32199 54411
17 32199 54412
17 32199 54413
17 32199 54414
17 32199 54415
17 32199 54416
17 32199 54417
17 32199 54418
17 32199 54419
17 32199 54420
17 32199 54421
17 32199 54422
17 32199 54423
17 32199 54424
17 32199 54425
17 32199 54426
17 32199 54427
17 32199 54428
17 32199 54429
17 32199 54430
18 64398 108396
3 1 3
4 3 6
4 3 6
5 7 13
5 7 13
6 15 26
6 15 26
7 31 52
7 31 52
7 31 53
7 31 53
8 62 105
8 62 105
9 125 211
9 125 211
