11 559 822
12 1115 1646
12 1115 1646
12 1115 1647
12 1115 1647
12 1116 1647
12 1116 1647
12 1117 1644
12 1117 1644
12 1117 1645
12 1117 1645
12 1118 1644
12 1118 1644
12 1118 1645
12 1118 1645
12 1118 1646
12 1118 1646
13 2230 3291
13 2230 3291
13 2230 3292
13 2230 3292
13 2230 3293
13 2230 3293
13 2230 3294
13 2230 3294
13 2230 3295
13 2230 3295
13 2231 3292
13 2231 3292
13 2231 3293
13 2231 3293
13 2231 3294
13 2231 3294
13 2231 3295
13 2231 3295
13 2232 3293
13 2232 3293
13 2232 3294
13 2232 3294
13 2232 3295
13 2232 3295
13 2233 3289
13 2233 3289
13 2233 3290
13 2233 3290
13 2233 3294
13 2233 3294
13 2233 3295
13 2233 3295
13 2234 3289
13 2234 3289
13 2234 3290
13 2234 3290
13 2234 3291
13 2234 3291
13 2234 3295
13 2234 3295
13 2235 3289
13 2235 3289
13 2235 3290
13 2235 3290
13 2235 3291
13 2235 3291
13 2235 3292
13 2235 3292
13 2236 3289
13 2236 3289
13 2236 3290
13 2236 3290
13 2236 3291
13 2236 3291
13 2236 3292
13 2236 3292
13 2236 3293
13 2236 3293
13 2236 3295
13 2236 3295
14 4461 6578
14 4461 6581
14 4461 6582
14 4461 6583
14 4461 6584
14 4461 6585
14 4461 6586
14 4461 6587
14 4461 6588
14 4461 6589
14 4461 6590
14 4461 6591
14 4465 6579
14 4465 6580
15 8922 13156
15 8922 13157
15 8922 13158
15 8922 13159
15 8922 13160
15 8922 13161
15 8922 13162
15 8922 13163
15 8922 13164
15 8922 13165
15 8922 13166
15 8922 13167
15 8922 13168
15 8922 13169
15 8922 13170
15 8922 13171
15 8922 13172
15 8922 13173
15 8922 13174
15 8922 13175
15 8922 13176
15 8922 13177
15 8922 13178
15 8922 13179
15 8922 13180
15 8922 13181
15 8922 13182
16 17845 26312
16 17845 26313
16 17845 26314
16 17845 26315
16 17845 26316
16 17845 26317
16 17845 26318
16 17845 26319
16 17845 26320
16 17845 26321
16 17845 26322
16 17845 26323
16 17845 26324
16 17845 26325
16 17845 26326
16 17845 26327
16 17845 26328
16 17845 26329
16 17845 26330
16 17845 26331
16 17845 26332
16 17845 26333
16 17845 26334
16 17845 26335
16 17845 26336
16 17845 26337
16 17845 26338
16 17845 26339
16 17845 26340
16 17845 26341
16 17845 26342
16 17845 26343
16 17845 26344
16 17845 26345
16 17845 26346
16 17845 26347
16 17845 26348
16 17845 26349
16 17845 26350
16 17845 26351
16 17845 26352
16 17845 26353
16 17845 26354
16 17845 26355
16 17845 26356
16 17845 26357
16 17845 26358
16 17845 26359
16 17845 26360
16 17845 26361
16 17845 26362
16 17845 26363
16 17845 26364
17 35691 52625
17 35691 52626
17 35691 52627
17 35691 52628
17 35691 52629
17 35691 52630
17 35691 52631
17 35691 52632
17 35691 52633
17 35691 52634
17 35691 52635
17 35691 52636
17 35691 52637
17 35691 52638
17 35691 52639
17 35691 52640
17 35691 52641
17 35691 52642
17 35691 52643
17 35691 52644
17 35691 52645
17 35691 52646
17 35691 52647
17 35691 52648
17 35691 52649
17 35691 52650
17 35691 52651
17 35691 52652
17 35691 52653
17 35691 52654
17 35691 52655
17 35691 52656
17 35691 52657
17 35691 52658
17 35691 52659
17 35691 52660
17 35691 52661
17 35691 52662
17 35691 52663
17 35691 52664
17 35691 52665
17 35691 52666
17 35691 52667
17 35691 52668
17 35691 52669
17 35691 52670
17 35691 52671
17 35691 52672
17 35691 52673
17 35691 52674
17 35691 52675
17 35691 52676
17 35691 52677
17 35691 52678
17 35691 52679
17 35691 52680
17 35691 52681
17 35691 52682
17 35691 52683
17 35691 52684
17 35691 52685
17 35691 52686
17 35691 52687
17 35691 52688
17 35691 52689
17 35691 52690
17 35691 52691
17 35691 52692
17 35691 52693
17 35691 52694
17 35691 52695
17 35691 52696
17 35691 52697
17 35691 52698
17 35691 52699
17 35691 52700
17 35691 52701
17 35691 52702
17 35691 52703
17 35691 52704
17 35691 52705
17 35691 52706
17 35691 52707
17 35691 52708
17 35691 52709
17 35691 52710
17 35691 52711
17 35691 52712
17 35691 52713
17 35691 52714
17 35691 52715
17 35691 52716
17 35691 52717
17 35691 52718
17 35691 52719
17 35691 52720
17 35691 52721
17 35691 52722
17 35691 52723
17 35691 52724
17 35691 52725
17 35691 52726
17 35691 52727
17 35691 52728
18 71383 105250
3 2 3
4 4 6
4 4 6
5 8 12
5 8 12
6 17 25
6 17 25
7 34 51
7 34 51
8 69 102
8 69 102
