10 281 414
11 563 829
12 1126 1658
12 1126 1658
12 1126 1659
12 1126 1659
12 1126 1660
12 1126 1660
12 1127 1658
12 1127 1658
12 1127 1659
12 1127 1659
12 1128 1658
12 1128 1658
12 1128 1662
12 1128 1662
12 1129 1661
12 1129 1661
12 1129 1662
12 1129 1662
12 1130 1660
12 1130 1660
12 1130 1661
12 1130 1661
12 1130 1662
12 1130 1662
12 1131 1659
12 1131 1659
12 1131 1660
12 1131 1660
12 1131 1661
12 1131 1661
12 1131 1662
12 1131 1662
13 2252 3316
13 2252 3316
13 2252 3317
13 2252 3317
13 2252 3318
13 2252 3318
13 2252 3319
13 2252 3319
13 2252 3320
13 2252 3320
13 2252 3321
13 2252 3321
13 2252 3322
13 2252 3322
13 2252 3323
13 2252 3323
13 2252 3325
13 2252 3325
13 2253 3316
13 2253 3316
13 2253 3317
13 2253 3317
13 2253 3318
13 2253 3318
13 2253 3319
13 2253 3319
13 2253 3320
13 2253 3320
13 2253 3321
13 2253 3321
13 2253 3322
13 2253 3322
13 2254 3316
13 2254 3316
13 2254 3317
13 2254 3317
13 2254 3318
13 2254 3318
13 2254 3319
13 2254 3319
13 2254 3320
13 2254 3320
13 2254 3321
13 2254 3321
13 2255 3316
13 2255 3316
13 2255 3317
13 2255 3317
13 2255 3318
13 2255 3318
13 2255 3319
13 2255 3319
13 2255 3320
13 2255 3320
13 2255 3325
13 2255 3325
13 2256 3316
13 2256 3316
13 2256 3317
13 2256 3317
13 2256 3318
13 2256 3318
13 2256 3319
13 2256 3319
13 2256 3324
13 2256 3324
13 2256 3325
13 2256 3325
13 2257 3316
13 2257 3316
13 2257 3317
13 2257 3317
13 2257 3318
13 2257 3318
13 2257 3323
13 2257 3323
13 2257 3324
13 2257 3324
13 2257 3325
13 2257 3325
13 2258 3316
13 2258 3316
13 2258 3317
13 2258 3317
13 2258 3322
13 2258 3322
13 2258 3323
13 2258 3323
13 2258 3324
13 2258 3324
13 2258 3325
13 2258 3325
13 2259 3316
13 2259 3316
13 2259 3321
13 2259 3321
13 2259 3322
13 2259 3322
13 2259 3323
13 2259 3323
13 2259 3324
13 2259 3324
13 2259 3325
13 2259 3325
13 2260 3320
13 2260 3320
13 2260 3321
13 2260 3321
13 2260 3322
13 2260 3322
13 2260 3323
13 2260 3323
13 2260 3324
13 2260 3324
13 2260 3325
13 2260 3325
13 2261 3319
13 2261 3319
13 2261 3320
13 2261 3320
13 2261 3321
13 2261 3321
13 2261 3322
13 2261 3322
13 2261 3323
13 2261 3323
13 2261 3324
13 2261 3324
13 2261 3325
13 2261 3325
13 2262 3316
13 2262 3316
13 2262 3318
13 2262 3318
13 2262 3319
13 2262 3319
13 2262 3320
13 2262 3320
13 2262 3321
13 2262 3321
13 2262 3322
13 2262 3322
13 2262 3323
13 2262 3323
13 2262 3324
13 2262 3324
13 2262 3325
13 2262 3325
14 4505 6632
14 4505 6633
14 4505 6634
14 4505 6635
14 4505 6636
14 4505 6637
14 4505 6638
14 4505 6639
14 4505 6640
14 4505 6641
14 4505 6642
14 4505 6643
14 4505 6644
14 4505 6645
14 4505 6646
14 4505 6647
14 4505 6650
14 4505 6651
14 4507 6634
14 4511 6649
14 4512 6648
14 4518 6643
15 9010 13264
15 9010 13265
15 9010 13266
15 9010 13267
15 9010 13268
15 9010 13269
15 9010 13270
15 9010 13271
15 9010 13272
15 9010 13273
15 9010 13274
15 9010 13275
15 9010 13276
15 9010 13277
15 9010 13278
15 9010 13279
15 9010 13280
15 9010 13281
15 9010 13282
15 9010 13283
15 9010 13284
15 9010 13285
15 9010 13286
15 9010 13287
15 9010 13288
15 9010 13289
15 9010 13290
15 9010 13291
15 9010 13292
15 9010 13293
15 9010 13294
15 9010 13295
15 9010 13296
15 9010 13297
15 9010 13298
15 9010 13299
15 9010 13300
15 9010 13301
15 9010 13302
15 9010 13303
15 9015 13269
15 9036 13281
15 9036 13287
16 18020 26529
16 18020 26530
16 18020 26531
16 18020 26532
16 18020 26533
16 18020 26534
16 18020 26535
16 18020 26536
16 18020 26537
16 18020 26538
16 18020 26539
16 18020 26540
16 18020 26541
16 18020 26542
16 18020 26543
16 18020 26544
16 18020 26545
16 18020 26546
16 18020 26547
16 18020 26548
16 18020 26549
16 18020 26550
16 18020 26551
16 18020 26552
16 18020 26553
16 18020 26554
16 18020 26555
16 18020 26556
16 18020 26557
16 18020 26558
16 18020 26559
16 18020 26560
16 18020 26561
16 18020 26562
16 18020 26563
16 18020 26564
16 18020 26565
16 18020 26566
16 18020 26567
16 18020 26568
16 18020 26569
16 18020 26570
16 18020 26571
16 18020 26572
16 18020 26573
16 18020 26574
16 18020 26575
16 18020 26576
16 18020 26577
16 18020 26578
16 18020 26579
16 18020 26580
16 18020 26581
16 18020 26582
16 18020 26583
16 18020 26584
16 18020 26585
16 18020 26586
16 18020 26587
16 18020 26588
16 18020 26589
16 18020 26590
16 18020 26591
16 18020 26592
16 18020 26593
16 18020 26594
16 18020 26595
16 18020 26596
16 18020 26597
16 18020 26598
16 18020 26599
16 18020 26600
16 18020 26601
16 18020 26602
16 18020 26603
16 18020 26604
16 18020 26605
16 18020 26606
16 18020 26607
16 18031 26539
16 18072 26574
16 18073 26563
17 36040 53059
18 72081 106119
3 2 3
4 4 6
4 4 6
5 8 12
5 8 12
6 17 25
6 17 25
7 35 51
7 35 51
