13 2237 3516
13 2237 3516
13 2237 3517
13 2237 3517
13 2237 3518
13 2237 3518
13 2237 3519
13 2237 3519
13 2237 3520
13 2237 3520
13 2237 3521
13 2237 3521
13 2237 3522
13 2237 3522
14 4459 7045
14 4474 7033
14 4474 7034
14 4474 7035
14 4474 7036
14 4474 7037
14 4474 7038
14 4474 7039
14 4474 7040
14 4474 7041
14 4474 7042
14 4474 7043
14 4474 7044
15 8918 14066
15 8918 14090
15 8948 14067
15 8948 14068
15 8948 14069
15 8948 14070
15 8948 14071
15 8948 14072
15 8948 14073
15 8948 14074
15 8948 14075
15 8948 14076
15 8948 14077
15 8948 14078
15 8948 14079
15 8948 14080
15 8948 14081
15 8948 14082
15 8948 14083
15 8948 14084
15 8948 14085
15 8948 14086
15 8948 14087
15 8948 14088
15 8948 14089
16 17836 28133
16 17836 28134
16 17836 28135
16 17836 28136
16 17836 28137
16 17836 28138
16 17836 28139
16 17836 28140
16 17836 28141
16 17836 28142
16 17836 28143
16 17836 28144
16 17836 28145
16 17836 28146
16 17836 28147
16 17836 28148
16 17836 28149
16 17836 28150
16 17836 28151
16 17836 28152
16 17836 28153
16 17836 28154
16 17836 28155
16 17836 28156
16 17836 28157
16 17836 28158
16 17836 28159
16 17836 28160
16 17836 28161
16 17836 28162
16 17836 28163
16 17836 28164
16 17836 28165
16 17836 28166
16 17836 28167
16 17836 28168
16 17836 28169
16 17836 28170
16 17836 28171
16 17836 28172
16 17836 28173
16 17836 28174
16 17836 28175
16 17836 28176
16 17836 28177
16 17836 28178
16 17836 28179
16 17836 28180
16 17836 28181
16 17895 28139
16 17896 28145
17 35672 56266
17 35672 56267
17 35672 56268
17 35672 56269
17 35672 56270
17 35672 56271
17 35672 56272
17 35672 56273
17 35672 56274
17 35672 56275
17 35672 56276
17 35672 56277
17 35672 56278
17 35672 56279
17 35672 56280
17 35672 56281
17 35672 56282
17 35672 56283
17 35672 56284
17 35672 56285
17 35672 56286
17 35672 56287
17 35672 56288
17 35672 56289
17 35672 56290
17 35672 56291
17 35672 56292
17 35672 56293
17 35672 56294
17 35672 56295
17 35672 56296
17 35672 56297
17 35672 56298
17 35672 56299
17 35672 56300
17 35672 56301
17 35672 56302
17 35672 56303
17 35672 56304
17 35672 56305
17 35672 56306
17 35672 56307
17 35672 56308
17 35672 56309
17 35672 56310
17 35672 56311
17 35672 56312
17 35672 56313
17 35672 56314
17 35672 56315
17 35672 56316
17 35672 56317
17 35672 56318
17 35672 56319
17 35672 56320
17 35672 56321
17 35672 56322
17 35672 56323
17 35672 56324
17 35672 56325
17 35672 56326
17 35672 56327
17 35672 56328
17 35672 56329
17 35672 56330
17 35672 56331
17 35672 56332
17 35672 56333
17 35672 56334
17 35672 56335
17 35672 56336
17 35672 56337
17 35672 56338
17 35672 56339
17 35672 56340
17 35672 56341
17 35672 56342
17 35672 56343
17 35672 56344
17 35672 56345
17 35672 56346
17 35672 56347
17 35672 56348
17 35672 56349
17 35672 56350
17 35672 56351
17 35672 56352
17 35672 56353
17 35672 56354
17 35672 56355
17 35672 56356
17 35672 56357
17 35672 56358
17 35672 56359
17 35672 56360
17 35672 56361
17 35672 56362
18 71345 112532
3 2 3
4 4 6
4 4 6
5 8 13
5 8 13
6 17 27
6 17 27
7 34 54
7 34 54
7 34 55
7 34 55
8 69 109
8 69 109
8 69 110
8 69 110
