11 586 792
12 1173 1585
12 1173 1585
12 1174 1585
12 1174 1585
12 1175 1585
12 1175 1585
12 1176 1585
12 1176 1585
12 1177 1585
12 1177 1585
13 2347 3171
13 2347 3171
13 2348 3171
13 2348 3171
13 2349 3171
13 2349 3171
13 2350 3171
13 2350 3171
13 2351 3171
13 2351 3171
13 2352 3171
13 2352 3171
13 2353 3171
13 2353 3171
13 2354 3171
13 2354 3171
13 2355 3171
13 2355 3171
14 4694 6343
14 4694 6344
14 4694 6345
14 4694 6346
14 4694 6347
14 4694 6348
14 4694 6349
14 4694 6350
14 4694 6351
14 4694 6352
14 4694 6353
14 4694 6354
14 4694 6355
14 4694 6356
14 4694 6357
14 4694 6358
14 4694 6359
14 4694 6360
14 4694 6361
14 4694 6362
14 4694 6363
14 4694 6364
14 4694 6365
15 9389 12687
15 9389 12688
15 9389 12689
15 9389 12690
15 9389 12691
15 9389 12692
15 9389 12693
15 9389 12694
15 9389 12695
15 9389 12696
15 9389 12697
15 9389 12698
15 9389 12699
15 9389 12700
15 9389 12701
15 9389 12702
15 9389 12703
15 9389 12704
15 9389 12705
15 9389 12706
15 9389 12707
15 9389 12708
15 9389 12709
15 9389 12710
15 9389 12711
15 9389 12712
15 9389 12713
15 9389 12714
15 9389 12715
15 9389 12716
15 9389 12717
15 9389 12718
15 9389 12719
15 9389 12720
15 9389 12721
15 9389 12722
15 9389 12723
15 9389 12724
15 9389 12725
15 9389 12726
15 9389 12727
15 9389 12728
15 9389 12729
15 9389 12730
16 18779 25374
16 18779 25375
16 18779 25376
16 18779 25377
16 18779 25378
16 18779 25379
16 18779 25380
16 18779 25381
16 18779 25382
16 18779 25383
16 18779 25384
16 18779 25385
16 18779 25386
16 18779 25387
16 18779 25388
16 18779 25389
16 18779 25390
16 18779 25391
16 18779 25392
16 18779 25393
16 18779 25394
16 18779 25395
16 18779 25396
16 18779 25397
16 18779 25398
16 18779 25399
16 18779 25400
16 18779 25401
16 18779 25402
16 18779 25403
16 18779 25404
16 18779 25405
16 18779 25406
16 18779 25407
16 18779 25408
16 18779 25409
16 18779 25410
16 18779 25411
16 18779 25412
16 18779 25413
16 18779 25414
16 18779 25415
16 18779 25416
16 18779 25417
16 18779 25418
16 18779 25419
16 18779 25420
16 18779 25421
16 18779 25422
16 18779 25423
16 18779 25424
16 18779 25425
16 18779 25426
16 18779 25427
16 18779 25428
16 18779 25429
16 18779 25430
16 18779 25431
16 18779 25432
16 18779 25433
16 18779 25434
16 18779 25435
16 18779 25436
16 18779 25437
16 18779 25438
16 18779 25439
16 18779 25440
16 18779 25441
16 18779 25442
16 18779 25443
16 18779 25444
16 18779 25445
16 18779 25446
16 18779 25447
16 18779 25448
16 18779 25449
16 18779 25450
16 18779 25451
16 18779 25452
16 18779 25453
16 18779 25454
16 18779 25455
16 18779 25456
16 18779 25457
16 18779 25458
16 18779 25459
16 18779 25460
16 18779 25461
16 18815 25407
16 18839 25454
17 37559 50748
18 75119 101496
3 2 3
4 4 6
4 4 6
5 9 12
5 9 12
6 18 24
6 18 24
7 36 49
7 36 49
