12 1176 1575
12 1176 1575
12 1177 1575
12 1177 1575
12 1178 1575
12 1178 1575
12 1179 1575
12 1179 1575
12 1180 1575
12 1180 1575
12 1181 1575
12 1181 1575
12 1182 1575
12 1182 1575
12 1183 1575
12 1183 1575
12 1184 1575
12 1184 1575
12 1185 1575
12 1185 1575
13 2352 3129
13 2352 3129
13 2352 3130
13 2352 3130
13 2352 3131
13 2352 3131
13 2352 3132
13 2352 3132
13 2352 3133
13 2352 3133
13 2352 3134
13 2352 3134
13 2352 3135
13 2352 3135
13 2352 3136
13 2352 3136
13 2352 3137
13 2352 3137
13 2352 3138
13 2352 3138
13 2352 3139
13 2352 3139
13 2352 3140
13 2352 3140
13 2352 3141
13 2352 3141
13 2352 3142
13 2352 3142
13 2352 3143
13 2352 3143
13 2352 3144
13 2352 3144
13 2352 3145
13 2352 3145
13 2352 3146
13 2352 3146
13 2352 3147
13 2352 3147
13 2352 3148
13 2352 3148
13 2352 3149
13 2352 3149
13 2352 3150
13 2352 3150
13 2353 3150
13 2353 3150
13 2354 3150
13 2354 3150
13 2355 3150
13 2355 3150
13 2356 3150
13 2356 3150
13 2357 3150
13 2357 3150
13 2358 3150
13 2358 3150
13 2359 3150
13 2359 3150
13 2360 3150
13 2360 3150
13 2361 3150
13 2361 3150
13 2362 3150
13 2362 3150
13 2363 3150
13 2363 3150
13 2364 3150
13 2364 3150
13 2365 3150
13 2365 3150
13 2366 3150
13 2366 3150
13 2367 3150
13 2367 3150
13 2368 3150
13 2368 3150
13 2369 3150
13 2369 3150
13 2370 3150
13 2370 3150
13 2371 3150
13 2371 3150
14 4705 6258
14 4705 6259
14 4705 6260
14 4705 6261
14 4705 6262
14 4705 6263
14 4705 6264
14 4705 6265
14 4705 6266
14 4705 6267
14 4705 6268
14 4705 6269
14 4705 6270
14 4705 6271
14 4705 6272
14 4705 6273
14 4705 6274
14 4705 6275
14 4705 6276
14 4705 6277
14 4705 6278
14 4705 6279
14 4705 6280
14 4705 6281
14 4705 6282
14 4705 6283
14 4705 6284
14 4705 6285
14 4705 6286
14 4705 6287
14 4705 6288
14 4705 6289
14 4705 6290
14 4705 6291
14 4705 6292
14 4705 6293
14 4705 6294
14 4705 6295
14 4705 6296
14 4705 6297
14 4705 6298
14 4705 6299
14 4705 6300
14 4723 6258
14 4729 6299
14 4743 6261
15 9411 12517
15 9411 12518
15 9411 12519
15 9411 12520
15 9411 12521
15 9411 12522
15 9411 12523
15 9411 12524
15 9411 12525
15 9411 12526
15 9411 12527
15 9411 12528
15 9411 12529
15 9411 12530
15 9411 12531
15 9411 12532
15 9411 12533
15 9411 12534
15 9411 12535
15 9411 12536
15 9411 12537
15 9411 12538
15 9411 12539
15 9411 12540
15 9411 12541
15 9411 12542
15 9411 12543
15 9411 12544
15 9411 12545
15 9411 12546
15 9411 12547
15 9411 12548
15 9411 12549
15 9411 12550
15 9411 12551
15 9411 12552
15 9411 12553
15 9411 12554
15 9411 12555
15 9411 12556
15 9411 12557
15 9411 12558
15 9411 12559
15 9411 12560
15 9411 12561
15 9411 12562
15 9411 12563
15 9411 12564
15 9411 12565
15 9411 12566
15 9411 12567
15 9411 12568
15 9411 12569
15 9411 12570
15 9411 12571
15 9411 12572
15 9411 12573
15 9411 12574
15 9411 12575
15 9411 12576
15 9411 12577
15 9411 12578
15 9411 12579
15 9411 12580
15 9411 12581
15 9411 12582
15 9411 12583
15 9411 12584
15 9411 12585
15 9411 12586
15 9411 12587
15 9411 12588
15 9411 12589
15 9411 12590
15 9411 12591
15 9411 12592
15 9411 12593
15 9411 12594
15 9411 12595
15 9411 12596
15 9411 12597
15 9411 12598
15 9411 12599
15 9411 12600
15 9418 12525
15 9418 12540
15 9419 12538
15 9436 12565
15 9440 12526
15 9441 12554
15 9444 12588
15 9446 12517
15 9450 12559
15 9458 12599
15 9485 12523
15 9486 12523
16 18823 25034
16 18823 25035
16 18823 25036
16 18823 25037
16 18823 25038
16 18823 25039
16 18823 25040
16 18823 25041
16 18823 25042
16 18823 25043
16 18823 25044
16 18823 25045
16 18823 25046
16 18823 25047
16 18823 25048
16 18823 25049
16 18823 25050
16 18823 25051
16 18823 25052
16 18823 25053
16 18823 25054
16 18823 25055
16 18823 25056
16 18823 25057
16 18823 25058
16 18823 25059
16 18823 25060
16 18823 25061
16 18823 25062
16 18823 25063
16 18823 25064
16 18823 25065
16 18823 25066
16 18823 25067
16 18823 25068
16 18823 25069
16 18823 25070
16 18823 25071
16 18823 25072
16 18823 25073
16 18823 25074
16 18823 25075
16 18823 25076
16 18823 25077
16 18823 25078
16 18823 25079
16 18823 25080
16 18823 25081
16 18823 25082
16 18823 25083
16 18823 25084
16 18823 25085
16 18823 25086
16 18823 25087
16 18823 25088
16 18823 25089
16 18823 25090
16 18823 25091
16 18823 25092
16 18823 25093
16 18823 25094
16 18823 25095
16 18823 25096
16 18823 25097
16 18823 25098
16 18823 25099
16 18823 25100
16 18823 25101
16 18823 25102
16 18823 25103
16 18823 25104
16 18823 25105
16 18823 25106
16 18823 25107
16 18823 25108
16 18823 25109
16 18823 25110
16 18823 25111
16 18823 25112
16 18823 25113
16 18823 25114
16 18823 25115
16 18823 25116
16 18823 25117
16 18823 25118
16 18823 25119
16 18823 25120
16 18823 25121
16 18823 25122
16 18823 25123
16 18823 25124
16 18823 25125
16 18823 25126
16 18823 25127
16 18823 25128
16 18823 25129
16 18823 25130
16 18823 25131
16 18823 25132
16 18823 25133
16 18823 25134
16 18823 25135
16 18823 25136
16 18823 25137
16 18823 25138
16 18823 25139
16 18823 25140
16 18823 25141
16 18823 25142
16 18823 25143
16 18823 25144
16 18823 25145
16 18823 25146
16 18823 25147
16 18823 25148
16 18823 25149
16 18823 25150
16 18823 25151
16 18823 25152
16 18823 25153
16 18823 25154
16 18823 25155
16 18823 25156
16 18823 25157
16 18823 25158
16 18823 25159
16 18823 25160
16 18823 25161
16 18823 25162
16 18823 25163
16 18823 25164
16 18823 25165
16 18823 25166
16 18823 25167
16 18823 25168
16 18823 25169
16 18823 25170
16 18823 25171
16 18823 25172
16 18823 25173
16 18823 25174
16 18823 25175
16 18823 25176
16 18823 25177
16 18823 25178
16 18823 25179
16 18823 25180
16 18823 25181
16 18823 25182
16 18823 25183
16 18823 25184
16 18823 25185
16 18823 25186
16 18823 25187
16 18823 25188
16 18823 25189
16 18823 25190
16 18823 25191
16 18823 25192
16 18823 25193
16 18823 25194
16 18823 25195
16 18823 25196
16 18823 25197
16 18823 25198
16 18823 25199
16 18823 25200
16 18837 25050
16 18837 25081
16 18838 25076
16 18873 25131
16 18880 25052
16 18883 25109
16 18888 25176
16 18893 25034
16 18901 25118
16 18917 25198
16 18971 25047
16 18972 25047
17 37647 50068
17 37647 50069
17 37647 50070
17 37647 50071
17 37647 50072
17 37647 50073
17 37647 50074
17 37647 50075
17 37647 50076
17 37647 50077
17 37647 50078
17 37647 50079
17 37647 50080
17 37647 50081
17 37647 50082
17 37647 50083
17 37647 50084
17 37647 50085
17 37647 50086
17 37647 50087
17 37647 50088
17 37647 50089
17 37647 50090
17 37647 50091
17 37647 50092
17 37647 50093
17 37647 50094
17 37647 50095
17 37647 50096
17 37647 50097
17 37647 50098
17 37647 50099
17 37647 50100
17 37647 50101
17 37647 50102
17 37647 50103
17 37647 50104
17 37647 50105
17 37647 50106
17 37647 50107
17 37647 50108
17 37647 50109
17 37647 50110
17 37647 50111
17 37647 50112
17 37647 50113
17 37647 50114
17 37647 50115
17 37647 50116
17 37647 50117
17 37647 50118
17 37647 50119
17 37647 50120
17 37647 50121
17 37647 50122
17 37647 50123
17 37647 50124
17 37647 50125
17 37647 50126
17 37647 50127
17 37647 50128
17 37647 50129
17 37647 50130
17 37647 50131
17 37647 50132
17 37647 50133
17 37647 50134
17 37647 50135
17 37647 50136
17 37647 50137
17 37647 50138
17 37647 50139
17 37647 50140
17 37647 50141
17 37647 50142
17 37647 50143
17 37647 50144
17 37647 50145
17 37647 50146
17 37647 50147
17 37647 50148
17 37647 50149
17 37647 50150
17 37647 50151
17 37647 50152
17 37647 50153
17 37647 50154
17 37647 50155
17 37647 50156
17 37647 50157
17 37647 50158
17 37647 50159
17 37647 50160
17 37647 50161
17 37647 50162
17 37647 50163
17 37647 50164
17 37647 50165
17 37647 50166
17 37647 50167
17 37647 50168
17 37647 50169
17 37647 50170
17 37647 50171
17 37647 50172
17 37647 50173
17 37647 50174
17 37647 50175
17 37647 50176
17 37647 50177
17 37647 50178
17 37647 50179
17 37647 50180
17 37647 50181
17 37647 50182
17 37647 50183
17 37647 50184
17 37647 50185
17 37647 50186
17 37647 50187
17 37647 50188
17 37647 50189
17 37647 50190
17 37647 50191
17 37647 50192
17 37647 50193
17 37647 50194
17 37647 50195
17 37647 50196
17 37647 50197
17 37647 50198
17 37647 50199
17 37647 50200
17 37647 50201
17 37647 50202
17 37647 50203
17 37647 50204
17 37647 50205
17 37647 50206
17 37647 50207
17 37647 50208
17 37647 50209
17 37647 50210
17 37647 50211
17 37647 50212
17 37647 50213
17 37647 50214
17 37647 50215
17 37647 50216
17 37647 50217
17 37647 50218
17 37647 50219
17 37647 50220
17 37647 50221
17 37647 50222
17 37647 50223
17 37647 50224
17 37647 50225
17 37647 50226
17 37647 50227
17 37647 50228
17 37647 50229
17 37647 50230
17 37647 50231
17 37647 50232
17 37647 50233
17 37647 50234
17 37647 50235
17 37647 50236
17 37647 50237
17 37647 50238
17 37647 50239
17 37647 50240
17 37647 50241
17 37647 50242
17 37647 50243
17 37647 50244
17 37647 50245
17 37647 50246
17 37647 50247
17 37647 50248
17 37647 50249
17 37647 50250
17 37647 50251
17 37647 50252
17 37647 50253
17 37647 50254
17 37647 50255
17 37647 50256
17 37647 50257
17 37647 50258
17 37647 50259
17 37647 50260
17 37647 50261
17 37647 50262
17 37647 50263
17 37647 50264
17 37647 50265
17 37647 50266
17 37647 50267
17 37647 50268
17 37647 50269
17 37647 50270
17 37647 50271
17 37647 50272
17 37647 50273
17 37647 50274
17 37647 50275
17 37647 50276
17 37647 50277
17 37647 50278
17 37647 50279
17 37647 50280
17 37647 50281
17 37647 50282
17 37647 50283
17 37647 50284
17 37647 50285
17 37647 50286
17 37647 50287
17 37647 50288
17 37647 50289
17 37647 50290
17 37647 50291
17 37647 50292
17 37647 50293
17 37647 50294
17 37647 50295
17 37647 50296
17 37647 50297
17 37647 50298
17 37647 50299
17 37647 50300
17 37647 50301
17 37647 50302
17 37647 50303
17 37647 50304
17 37647 50305
17 37647 50306
17 37647 50307
17 37647 50308
17 37647 50309
17 37647 50310
17 37647 50311
17 37647 50312
17 37647 50313
17 37647 50314
17 37647 50315
17 37647 50316
17 37647 50317
17 37647 50318
17 37647 50319
17 37647 50320
17 37647 50321
17 37647 50322
17 37647 50323
17 37647 50324
17 37647 50325
17 37647 50326
17 37647 50327
17 37647 50328
17 37647 50329
17 37647 50330
17 37647 50331
17 37647 50332
17 37647 50333
17 37647 50334
17 37647 50335
17 37647 50336
17 37647 50337
17 37647 50338
17 37647 50339
17 37647 50340
17 37647 50341
17 37647 50342
17 37647 50343
17 37647 50344
17 37647 50345
17 37647 50346
17 37647 50347
17 37647 50348
17 37647 50349
17 37647 50350
17 37647 50351
17 37647 50352
17 37647 50353
17 37647 50354
17 37647 50355
17 37647 50356
17 37647 50357
17 37647 50358
17 37647 50359
17 37647 50360
17 37647 50361
17 37647 50362
17 37647 50363
17 37647 50364
17 37647 50365
17 37647 50366
17 37647 50367
17 37647 50368
17 37647 50369
17 37647 50370
17 37647 50371
17 37647 50372
17 37647 50373
17 37647 50374
17 37647 50375
17 37647 50376
17 37647 50377
17 37647 50378
17 37647 50379
17 37647 50380
17 37647 50381
17 37647 50382
17 37647 50383
17 37647 50384
17 37647 50385
17 37647 50386
17 37647 50387
17 37647 50388
17 37647 50389
17 37647 50390
17 37647 50391
17 37647 50392
17 37647 50393
17 37647 50394
17 37647 50395
17 37647 50396
17 37647 50397
17 37647 50398
17 37647 50399
17 37647 50400
17 37675 50100
17 37675 50163
17 37676 50153
17 37746 50263
17 37767 50218
17 37776 50352
17 37787 50069
17 37834 50397
17 37943 50094
17 37945 50094
18 75295 100137
18 75295 100138
18 75295 100139
18 75295 100140
18 75295 100141
18 75295 100142
18 75295 100143
18 75295 100144
18 75295 100145
18 75295 100146
18 75295 100147
18 75295 100148
18 75295 100149
18 75295 100150
18 75295 100151
18 75295 100152
18 75295 100153
18 75295 100154
18 75295 100155
18 75295 100156
18 75295 100157
18 75295 100158
18 75295 100159
18 75295 100160
18 75295 100161
18 75295 100162
18 75295 100163
18 75295 100164
18 75295 100165
18 75295 100166
18 75295 100167
18 75295 100168
18 75295 100169
18 75295 100170
18 75295 100171
18 75295 100172
18 75295 100173
18 75295 100174
18 75295 100175
18 75295 100176
18 75295 100177
18 75295 100178
18 75295 100179
18 75295 100180
18 75295 100181
18 75295 100182
18 75295 100183
18 75295 100184
18 75295 100185
18 75295 100186
18 75295 100187
18 75295 100188
18 75295 100189
18 75295 100190
18 75295 100191
18 75295 100192
18 75295 100193
18 75295 100194
18 75295 100195
18 75295 100196
18 75295 100197
18 75295 100198
18 75295 100199
18 75295 100200
18 75295 100201
18 75295 100202
18 75295 100203
18 75295 100204
18 75295 100205
18 75295 100206
18 75295 100207
18 75295 100208
18 75295 100209
18 75295 100210
18 75295 100211
18 75295 100212
18 75295 100213
18 75295 100214
18 75295 100215
18 75295 100216
18 75295 100217
18 75295 100218
18 75295 100219
18 75295 100220
18 75295 100221
18 75295 100222
18 75295 100223
18 75295 100224
18 75295 100225
18 75295 100226
18 75295 100227
18 75295 100228
18 75295 100229
18 75295 100230
18 75295 100231
18 75295 100232
18 75295 100233
18 75295 100234
18 75295 100235
18 75295 100236
18 75295 100237
18 75295 100238
18 75295 100239
18 75295 100240
18 75295 100241
18 75295 100242
18 75295 100243
18 75295 100244
18 75295 100245
18 75295 100246
18 75295 100247
18 75295 100248
18 75295 100249
18 75295 100250
18 75295 100251
18 75295 100252
18 75295 100253
18 75295 100254
18 75295 100255
18 75295 100256
18 75295 100257
18 75295 100258
18 75295 100259
18 75295 100260
18 75295 100261
18 75295 100262
18 75295 100263
18 75295 100264
18 75295 100265
18 75295 100266
18 75295 100267
18 75295 100268
18 75295 100269
18 75295 100270
18 75295 100271
18 75295 100272
18 75295 100273
18 75295 100274
18 75295 100275
18 75295 100276
18 75295 100277
18 75295 100278
18 75295 100279
18 75295 100280
18 75295 100281
18 75295 100282
18 75295 100283
18 75295 100284
18 75295 100285
18 75295 100286
18 75295 100287
18 75295 100288
18 75295 100289
18 75295 100290
18 75295 100291
18 75295 100292
18 75295 100293
18 75295 100294
18 75295 100295
18 75295 100296
18 75295 100297
18 75295 100298
18 75295 100299
18 75295 100300
18 75295 100301
18 75295 100302
18 75295 100303
18 75295 100304
18 75295 100305
18 75295 100306
18 75295 100307
18 75295 100308
18 75295 100309
18 75295 100310
18 75295 100311
18 75295 100312
18 75295 100313
18 75295 100314
18 75295 100315
18 75295 100316
18 75295 100317
18 75295 100318
18 75295 100319
18 75295 100320
18 75295 100321
18 75295 100322
18 75295 100323
18 75295 100324
18 75295 100325
18 75295 100326
18 75295 100327
18 75295 100328
18 75295 100329
18 75295 100330
18 75295 100331
18 75295 100332
18 75295 100333
18 75295 100334
18 75295 100335
18 75295 100336
18 75295 100337
18 75295 100338
18 75295 100339
18 75295 100340
18 75295 100341
18 75295 100342
18 75295 100343
18 75295 100344
18 75295 100345
18 75295 100346
18 75295 100347
18 75295 100348
18 75295 100349
18 75295 100350
18 75295 100351
18 75295 100352
18 75295 100353
18 75295 100354
18 75295 100355
18 75295 100356
18 75295 100357
18 75295 100358
18 75295 100359
18 75295 100360
18 75295 100361
18 75295 100362
18 75295 100363
18 75295 100364
18 75295 100365
18 75295 100366
18 75295 100367
18 75295 100368
18 75295 100369
18 75295 100370
18 75295 100371
18 75295 100372
18 75295 100373
18 75295 100374
18 75295 100375
18 75295 100376
18 75295 100377
18 75295 100378
18 75295 100379
18 75295 100380
18 75295 100381
18 75295 100382
18 75295 100383
18 75295 100384
18 75295 100385
18 75295 100386
18 75295 100387
18 75295 100388
18 75295 100389
18 75295 100390
18 75295 100391
18 75295 100392
18 75295 100393
18 75295 100394
18 75295 100395
18 75295 100396
18 75295 100397
18 75295 100398
18 75295 100399
18 75295 100400
18 75295 100401
18 75295 100402
18 75295 100403
18 75295 100404
18 75295 100405
18 75295 100406
18 75295 100407
18 75295 100408
18 75295 100409
18 75295 100410
18 75295 100411
18 75295 100412
18 75295 100413
18 75295 100414
18 75295 100415
18 75295 100416
18 75295 100417
18 75295 100418
18 75295 100419
18 75295 100420
18 75295 100421
18 75295 100422
18 75295 100423
18 75295 100424
18 75295 100425
18 75295 100426
18 75295 100427
18 75295 100428
18 75295 100429
18 75295 100430
18 75295 100431
18 75295 100432
18 75295 100433
18 75295 100434
18 75295 100435
18 75295 100436
18 75295 100437
18 75295 100438
18 75295 100439
18 75295 100440
18 75295 100441
18 75295 100442
18 75295 100443
18 75295 100444
18 75295 100445
18 75295 100446
18 75295 100447
18 75295 100448
18 75295 100449
18 75295 100450
18 75295 100451
18 75295 100452
18 75295 100453
18 75295 100454
18 75295 100455
18 75295 100456
18 75295 100457
18 75295 100458
18 75295 100459
18 75295 100460
18 75295 100461
18 75295 100462
18 75295 100463
18 75295 100464
18 75295 100465
18 75295 100466
18 75295 100467
18 75295 100468
18 75295 100469
18 75295 100470
18 75295 100471
18 75295 100472
18 75295 100473
18 75295 100474
18 75295 100475
18 75295 100476
18 75295 100477
18 75295 100478
18 75295 100479
18 75295 100480
18 75295 100481
18 75295 100482
18 75295 100483
18 75295 100484
18 75295 100485
18 75295 100486
18 75295 100487
18 75295 100488
18 75295 100489
18 75295 100490
18 75295 100491
18 75295 100492
18 75295 100493
18 75295 100494
18 75295 100495
18 75295 100496
18 75295 100497
18 75295 100498
18 75295 100499
18 75295 100500
18 75295 100501
18 75295 100502
18 75295 100503
18 75295 100504
18 75295 100505
18 75295 100506
18 75295 100507
18 75295 100508
18 75295 100509
18 75295 100510
18 75295 100511
18 75295 100512
18 75295 100513
18 75295 100514
18 75295 100515
18 75295 100516
18 75295 100517
18 75295 100518
18 75295 100519
18 75295 100520
18 75295 100521
18 75295 100522
18 75295 100523
18 75295 100524
18 75295 100525
18 75295 100526
18 75295 100527
18 75295 100528
18 75295 100529
18 75295 100530
18 75295 100531
18 75295 100532
18 75295 100533
18 75295 100534
18 75295 100535
18 75295 100536
18 75295 100537
18 75295 100538
18 75295 100539
18 75295 100540
18 75295 100541
18 75295 100542
18 75295 100543
18 75295 100544
18 75295 100545
18 75295 100546
18 75295 100547
18 75295 100548
18 75295 100549
18 75295 100550
18 75295 100551
18 75295 100552
18 75295 100553
18 75295 100554
18 75295 100555
18 75295 100556
18 75295 100557
18 75295 100558
18 75295 100559
18 75295 100560
18 75295 100561
18 75295 100562
18 75295 100563
18 75295 100564
18 75295 100565
18 75295 100566
18 75295 100567
18 75295 100568
18 75295 100569
18 75295 100570
18 75295 100571
18 75295 100572
18 75295 100573
18 75295 100574
18 75295 100575
18 75295 100576
18 75295 100577
18 75295 100578
18 75295 100579
18 75295 100580
18 75295 100581
18 75295 100582
18 75295 100583
18 75295 100584
18 75295 100585
18 75295 100586
18 75295 100587
18 75295 100588
18 75295 100589
18 75295 100590
18 75295 100591
18 75295 100592
18 75295 100593
18 75295 100594
18 75295 100595
18 75295 100596
18 75295 100597
18 75295 100598
18 75295 100599
18 75295 100600
18 75295 100601
18 75295 100602
18 75295 100603
18 75295 100604
18 75295 100605
18 75295 100606
18 75295 100607
18 75295 100608
18 75295 100609
18 75295 100610
18 75295 100611
18 75295 100612
18 75295 100613
18 75295 100614
18 75295 100615
18 75295 100616
18 75295 100617
18 75295 100618
18 75295 100619
18 75295 100620
18 75295 100621
18 75295 100622
18 75295 100623
18 75295 100624
18 75295 100625
18 75295 100626
18 75295 100627
18 75295 100628
18 75295 100629
18 75295 100630
18 75295 100631
18 75295 100632
18 75295 100633
18 75295 100634
18 75295 100635
18 75295 100636
18 75295 100637
18 75295 100638
18 75295 100639
18 75295 100640
18 75295 100641
18 75295 100642
18 75295 100643
18 75295 100644
18 75295 100645
18 75295 100646
18 75295 100647
18 75295 100648
18 75295 100649
18 75295 100650
18 75295 100651
18 75295 100652
18 75295 100653
18 75295 100654
18 75295 100655
18 75295 100656
18 75295 100657
18 75295 100658
18 75295 100659
18 75295 100660
18 75295 100661
18 75295 100662
18 75295 100663
18 75295 100664
18 75295 100665
18 75295 100666
18 75295 100667
18 75295 100668
18 75295 100669
18 75295 100670
18 75295 100671
18 75295 100672
18 75295 100673
18 75295 100674
18 75295 100675
18 75295 100676
18 75295 100677
18 75295 100678
18 75295 100679
18 75295 100680
18 75295 100681
18 75295 100682
18 75295 100683
18 75295 100684
18 75295 100685
18 75295 100686
18 75295 100687
18 75295 100688
18 75295 100689
18 75295 100690
18 75295 100691
18 75295 100692
18 75295 100693
18 75295 100694
18 75295 100695
18 75295 100696
18 75295 100697
18 75295 100698
18 75295 100699
18 75295 100700
18 75295 100701
18 75295 100702
18 75295 100703
18 75295 100704
18 75295 100705
18 75295 100706
18 75295 100707
18 75295 100708
18 75295 100709
18 75295 100710
18 75295 100711
18 75295 100712
18 75295 100713
18 75295 100714
18 75295 100715
18 75295 100716
18 75295 100717
18 75295 100718
18 75295 100719
18 75295 100720
18 75295 100721
18 75295 100722
18 75295 100723
18 75295 100724
18 75295 100725
18 75295 100726
18 75295 100727
18 75295 100728
18 75295 100729
18 75295 100730
18 75295 100731
18 75295 100732
18 75295 100733
18 75295 100734
18 75295 100735
18 75295 100736
18 75295 100737
18 75295 100738
18 75295 100739
18 75295 100740
18 75295 100741
18 75295 100742
18 75295 100743
18 75295 100744
18 75295 100745
18 75295 100746
18 75295 100747
18 75295 100748
18 75295 100749
18 75295 100750
18 75295 100751
18 75295 100752
18 75295 100753
18 75295 100754
18 75295 100755
18 75295 100756
18 75295 100757
18 75295 100758
18 75295 100759
18 75295 100760
18 75295 100761
18 75295 100762
18 75295 100763
18 75295 100764
18 75295 100765
18 75295 100766
18 75295 100767
18 75295 100768
18 75295 100769
18 75295 100770
18 75295 100771
18 75295 100772
18 75295 100773
18 75295 100774
18 75295 100775
18 75295 100776
18 75295 100777
18 75295 100778
18 75295 100779
18 75295 100780
18 75295 100781
18 75295 100782
18 75295 100783
18 75295 100784
18 75295 100785
18 75295 100786
18 75295 100787
18 75295 100788
18 75295 100789
18 75295 100790
18 75295 100791
18 75295 100792
18 75295 100793
18 75295 100794
18 75295 100795
18 75295 100796
18 75295 100797
18 75295 100798
18 75295 100799
18 75295 100800
18 75350 100201
18 75351 100326
18 75352 100306
18 75492 100527
18 75534 100437
18 75553 100704
18 75575 100138
18 75669 100794
18 75887 100189
18 75891 100189
3 2 3
4 4 6
4 4 6
5 9 12
5 9 12
6 18 24
6 18 24
