12 1204 1544
12 1204 1544
12 1204 1545
12 1204 1545
12 1204 1546
12 1204 1546
13 2409 3088
13 2409 3088
13 2409 3089
13 2409 3089
13 2409 3090
13 2409 3090
13 2409 3091
13 2409 3091
13 2409 3092
13 2409 3092
14 4819 6176
14 4819 6177
14 4819 6178
14 4819 6179
14 4819 6180
14 4819 6181
14 4819 6182
14 4819 6183
14 4819 6184
15 9639 12353
15 9639 12354
15 9639 12355
15 9639 12356
15 9639 12357
15 9639 12358
15 9639 12359
15 9639 12360
15 9639 12361
15 9639 12362
15 9639 12363
15 9639 12364
15 9639 12365
15 9639 12366
15 9639 12367
15 9639 12368
15 9639 12369
16 19279 24706
16 19279 24707
16 19279 24708
16 19279 24709
16 19279 24710
16 19279 24711
16 19279 24712
16 19279 24713
16 19279 24714
16 19279 24715
16 19279 24716
16 19279 24717
16 19279 24718
16 19279 24719
16 19279 24720
16 19279 24721
16 19279 24722
16 19279 24723
16 19279 24724
16 19279 24725
16 19279 24726
16 19279 24727
16 19279 24728
16 19279 24729
16 19279 24730
16 19279 24731
16 19279 24732
16 19279 24733
16 19279 24734
16 19279 24735
16 19279 24736
16 19279 24737
16 19279 24738
16 19279 24739
17 38558 49412
17 38558 49413
17 38558 49414
17 38558 49415
17 38558 49416
17 38558 49417
17 38558 49418
17 38558 49419
17 38558 49420
17 38558 49421
17 38558 49422
17 38558 49423
17 38558 49424
17 38558 49425
17 38558 49426
17 38558 49427
17 38558 49428
17 38558 49429
17 38558 49430
17 38558 49431
17 38558 49432
17 38558 49433
17 38558 49434
17 38558 49435
17 38558 49436
17 38558 49437
17 38558 49438
17 38558 49439
17 38558 49440
17 38558 49441
17 38558 49442
17 38558 49443
17 38558 49444
17 38558 49445
17 38558 49446
17 38558 49447
17 38558 49448
17 38558 49449
17 38558 49450
17 38558 49451
17 38558 49452
17 38558 49453
17 38558 49454
17 38558 49455
17 38558 49456
17 38558 49457
17 38558 49458
17 38558 49459
17 38558 49460
17 38558 49461
17 38558 49462
17 38558 49463
17 38558 49464
17 38558 49465
17 38558 49466
17 38558 49467
17 38558 49468
17 38558 49469
17 38558 49470
17 38558 49471
17 38558 49472
17 38558 49473
17 38558 49474
17 38558 49475
17 38558 49476
17 38558 49477
17 38558 49478
17 38558 49479
18 77117 98825
3 2 3
4 4 6
4 4 6
5 9 12
5 9 12
6 18 24
6 18 24
7 37 48
7 37 48
8 75 96
8 75 96
9 150 193
9 150 193
