13 1888 3424
13 1888 3424
13 1888 3425
13 1888 3425
13 1888 3426
13 1888 3426
13 1888 3427
13 1888 3427
13 1891 3424
13 1891 3424
13 1891 3425
13 1891 3425
13 1891 3426
13 1891 3426
13 1891 3427
13 1891 3427
14 3777 6848
14 3777 6849
14 3777 6850
14 3777 6851
14 3777 6852
14 3777 6853
14 3777 6854
14 3777 6855
15 7555 13697
15 7555 13698
15 7555 13699
15 7555 13700
15 7555 13701
15 7555 13702
15 7555 13703
15 7555 13704
15 7555 13705
15 7555 13706
15 7555 13707
15 7555 13708
15 7555 13709
15 7555 13710
15 7555 13711
16 15110 27395
16 15110 27396
16 15110 27397
16 15110 27398
16 15110 27399
16 15110 27400
16 15110 27401
16 15110 27402
16 15110 27403
16 15110 27404
16 15110 27405
16 15110 27406
16 15110 27407
16 15110 27408
16 15110 27409
16 15110 27410
16 15110 27411
16 15110 27412
16 15110 27413
16 15110 27414
16 15110 27415
16 15110 27416
16 15110 27417
16 15110 27418
16 15110 27419
16 15110 27420
16 15110 27421
16 15110 27422
16 15110 27423
17 30221 54790
17 30221 54791
17 30221 54792
17 30221 54793
17 30221 54794
17 30221 54795
17 30221 54796
17 30221 54797
17 30221 54798
17 30221 54799
17 30221 54800
17 30221 54801
17 30221 54802
17 30221 54803
17 30221 54804
17 30221 54805
17 30221 54806
17 30221 54807
17 30221 54808
17 30221 54809
17 30221 54810
17 30221 54811
17 30221 54812
17 30221 54813
17 30221 54814
17 30221 54815
17 30221 54816
17 30221 54817
17 30221 54818
17 30221 54819
17 30221 54820
17 30221 54821
17 30221 54822
17 30221 54823
17 30221 54824
17 30221 54825
17 30221 54826
17 30221 54827
17 30221 54828
17 30221 54829
17 30221 54830
17 30221 54831
17 30221 54832
17 30221 54833
17 30221 54834
17 30221 54835
17 30221 54836
17 30221 54837
17 30221 54838
17 30221 54839
17 30221 54840
17 30221 54841
17 30221 54842
17 30221 54843
17 30221 54844
17 30221 54845
17 30221 54846
17 30221 54847
18 60443 109581
18 60443 109582
18 60443 109583
18 60443 109584
18 60443 109585
18 60443 109586
18 60443 109587
18 60443 109588
18 60443 109589
18 60443 109590
18 60443 109591
18 60443 109592
18 60443 109593
18 60443 109594
18 60443 109595
18 60443 109596
18 60443 109597
18 60443 109598
18 60443 109599
18 60443 109600
18 60443 109601
18 60443 109602
18 60443 109603
18 60443 109604
18 60443 109605
18 60443 109606
18 60443 109607
18 60443 109608
18 60443 109609
18 60443 109610
18 60443 109611
18 60443 109612
18 60443 109613
18 60443 109614
18 60443 109615
18 60443 109616
18 60443 109617
18 60443 109618
18 60443 109619
18 60443 109620
18 60443 109621
18 60443 109622
18 60443 109623
18 60443 109624
18 60443 109625
18 60443 109626
18 60443 109627
18 60443 109628
18 60443 109629
18 60443 109630
18 60443 109631
18 60443 109632
18 60443 109633
18 60443 109634
18 60443 109635
18 60443 109636
18 60443 109637
18 60443 109638
18 60443 109639
18 60443 109640
18 60443 109641
18 60443 109642
18 60443 109643
18 60443 109644
18 60443 109645
18 60443 109646
18 60443 109647
18 60443 109648
18 60443 109649
18 60443 109650
18 60443 109651
18 60443 109652
18 60443 109653
18 60443 109654
18 60443 109655
18 60443 109656
18 60443 109657
18 60443 109658
18 60443 109659
18 60443 109660
18 60443 109661
18 60443 109662
18 60443 109663
18 60443 109664
18 60443 109665
18 60443 109666
18 60443 109667
18 60443 109668
18 60443 109669
18 60443 109670
18 60443 109671
18 60443 109672
18 60443 109673
18 60443 109674
18 60443 109675
18 60443 109676
18 60443 109677
18 60443 109678
18 60443 109679
18 60443 109680
18 60443 109681
18 60443 109682
18 60443 109683
18 60443 109684
18 60443 109685
18 60443 109686
18 60443 109687
18 60443 109688
18 60443 109689
18 60443 109690
18 60443 109691
18 60443 109692
18 60443 109693
18 60443 109694
18 60443 109695
3 1 3
4 3 6
4 3 6
5 7 13
5 7 13
6 14 26
6 14 26
7 29 53
7 29 53
8 59 107
8 59 107
14 3777 6849
14 3777 6850
14 3777 6851
14 3777 6852
14 3777 6853
14 3777 6854
14 3777 6855
15 7555 13698
15 7555 13699
15 7555 13700
15 7555 13701
15 7555 13702
15 7555 13703
15 7555 13704
15 7555 13705
15 7555 13706
15 7555 13707
15 7555 13708
15 7555 13709
15 7555 13710
15 7555 13711
