13 2248 3513
13 2248 3513
13 2248 3515
13 2248 3515
13 2248 3516
13 2248 3516
13 2251 3513
13 2251 3513
13 2251 3514
13 2251 3514
14 4497 7027
14 4497 7030
14 4497 7031
14 4497 7032
14 4497 7033
14 4502 7028
14 4502 7029
14 4502 7033
15 8994 14054
15 8994 14055
15 8994 14056
15 8994 14057
15 8994 14058
15 8994 14059
15 8994 14060
15 8994 14061
15 8994 14062
15 8994 14063
15 8994 14064
15 8994 14065
15 8994 14066
15 9004 14066
16 17989 28108
16 17989 28109
16 17989 28110
16 17989 28111
16 17989 28112
16 17989 28113
16 17989 28114
16 17989 28115
16 17989 28116
16 17989 28117
16 17989 28118
16 17989 28119
16 17989 28120
16 17989 28121
16 17989 28122
16 17989 28123
16 17989 28124
16 17989 28125
16 17989 28126
16 17989 28127
16 17989 28128
16 17989 28129
16 17989 28130
16 17989 28131
16 17989 28132
16 17989 28133
16 18009 28132
17 35979 56217
18 71959 112435
3 2 3
4 4 6
4 4 6
5 8 13
5 8 13
6 17 27
6 17 27
7 35 54
7 35 54
8 70 109
8 70 109
