13 2409 3031
13 2409 3032
13 2409 3033
13 2409 3034
13 2409 3035
13 2409 3036
13 2409 3037
13 2409 3038
13 2409 3039
13 2409 3040
13 2409 3041
13 2409 3042
13 2409 3043
13 2410 3031
13 2410 3032
13 2410 3033
13 2410 3034
13 2410 3035
13 2410 3036
13 2410 3037
13 2410 3038
13 2410 3039
13 2410 3040
13 2410 3041
13 2410 3042
13 2410 3043
13 2411 3031
13 2411 3032
13 2411 3033
13 2411 3034
13 2411 3035
13 2411 3036
13 2411 3037
13 2411 3038
13 2411 3039
13 2411 3040
13 2411 3041
13 2411 3042
13 2411 3043
13 2418 3031
13 2418 3032
13 2418 3033
13 2418 3034
13 2418 3035
13 2418 3036
13 2418 3037
13 2418 3038
13 2418 3039
13 2418 3040
13 2418 3041
13 2418 3042
13 2418 3043
