10 284 411
10 285 411
10 286 410
10 287 410
10 287 411
10 287 412
11 569 823
12 1138 1646
12 1138 1646
12 1138 1647
12 1138 1647
12 1138 1648
12 1138 1648
12 1138 1649
12 1138 1649
12 1138 1650
12 1138 1650
12 1138 1651
12 1138 1651
12 1138 1652
12 1138 1652
12 1139 1646
12 1139 1646
12 1139 1647
12 1139 1647
12 1139 1648
12 1139 1648
12 1139 1649
12 1139 1649
12 1139 1650
12 1139 1650
12 1140 1646
12 1140 1646
12 1140 1647
12 1140 1647
12 1140 1648
12 1140 1648
12 1140 1649
12 1140 1649
12 1141 1646
12 1141 1646
12 1141 1647
12 1141 1647
12 1141 1648
12 1141 1648
12 1141 1649
12 1141 1649
12 1142 1646
12 1142 1646
12 1142 1647
12 1142 1647
12 1142 1648
12 1142 1648
12 1142 1652
12 1142 1652
12 1143 1646
12 1143 1646
12 1143 1647
12 1143 1647
12 1143 1651
12 1143 1651
12 1143 1652
12 1143 1652
12 1144 1646
12 1144 1646
12 1144 1650
12 1144 1650
12 1144 1651
12 1144 1651
12 1144 1652
12 1144 1652
12 1145 1646
12 1145 1646
12 1145 1647
12 1145 1647
12 1145 1648
12 1145 1648
12 1145 1649
12 1145 1649
12 1145 1650
12 1145 1650
12 1145 1651
12 1145 1651
12 1145 1652
12 1145 1652
12 1147 1644
12 1147 1645
12 1147 1646
12 1148 1642
12 1148 1643
12 1148 1644
12 1148 1645
12 1148 1646
12 1149 1640
12 1149 1641
12 1149 1642
12 1149 1643
12 1150 1640
12 1150 1641
12 1150 1642
12 1150 1643
13 2277 3293
13 2277 3293
13 2277 3294
13 2277 3294
13 2277 3295
13 2277 3295
13 2277 3296
13 2277 3296
13 2277 3297
13 2277 3297
13 2277 3298
13 2277 3298
13 2277 3299
13 2277 3299
13 2277 3300
13 2277 3300
13 2277 3301
13 2277 3301
13 2277 3302
13 2277 3302
13 2277 3303
13 2277 3303
13 2277 3304
13 2277 3304
13 2277 3305
13 2277 3305
13 2278 3293
13 2278 3293
13 2278 3294
13 2278 3294
13 2278 3295
13 2278 3295
13 2278 3296
13 2278 3296
13 2278 3297
13 2278 3297
13 2278 3298
13 2278 3298
13 2278 3299
13 2278 3299
13 2278 3300
13 2278 3300
13 2278 3301
13 2278 3301
13 2278 3302
13 2278 3302
13 2278 3303
13 2278 3303
13 2278 3304
13 2278 3304
13 2278 3305
13 2278 3305
13 2279 3293
13 2279 3293
13 2279 3294
13 2279 3294
13 2279 3295
13 2279 3295
13 2279 3296
13 2279 3296
13 2279 3297
13 2279 3297
13 2279 3298
13 2279 3298
13 2279 3299
13 2279 3299
13 2279 3300
13 2279 3300
13 2279 3301
13 2279 3301
13 2279 3302
13 2279 3302
13 2279 3305
13 2279 3305
13 2280 3293
13 2280 3293
13 2280 3294
13 2280 3294
13 2280 3295
13 2280 3295
13 2280 3296
13 2280 3296
13 2280 3297
13 2280 3297
13 2280 3298
13 2280 3298
13 2280 3299
13 2280 3299
13 2280 3300
13 2280 3300
13 2280 3301
13 2280 3301
13 2281 3293
13 2281 3293
13 2281 3294
13 2281 3294
13 2281 3295
13 2281 3295
13 2281 3296
13 2281 3296
13 2281 3297
13 2281 3297
13 2281 3298
13 2281 3298
13 2281 3299
13 2281 3299
13 2281 3300
13 2281 3300
13 2282 3293
13 2282 3293
13 2282 3294
13 2282 3294
13 2282 3295
13 2282 3295
13 2282 3296
13 2282 3296
13 2282 3297
13 2282 3297
13 2282 3298
13 2282 3298
13 2282 3299
13 2282 3299
13 2282 3305
13 2282 3305
13 2283 3293
13 2283 3293
13 2283 3294
13 2283 3294
13 2283 3295
13 2283 3295
13 2283 3296
13 2283 3296
13 2283 3297
13 2283 3297
13 2283 3298
13 2283 3298
13 2283 3304
13 2283 3304
13 2283 3305
13 2283 3305
13 2284 3293
13 2284 3293
13 2284 3294
13 2284 3294
13 2284 3295
13 2284 3295
13 2284 3296
13 2284 3296
13 2284 3297
13 2284 3297
13 2284 3298
13 2284 3298
13 2284 3303
13 2284 3303
13 2284 3304
13 2284 3304
13 2284 3305
13 2284 3305
13 2285 3293
13 2285 3293
13 2285 3294
13 2285 3294
13 2285 3295
13 2285 3295
13 2285 3296
13 2285 3296
13 2285 3297
13 2285 3297
13 2285 3302
13 2285 3302
13 2285 3303
13 2285 3303
13 2285 3304
13 2285 3304
13 2285 3305
13 2285 3305
13 2286 3293
13 2286 3293
13 2286 3294
13 2286 3294
13 2286 3295
13 2286 3295
13 2286 3296
13 2286 3296
13 2286 3301
13 2286 3301
13 2286 3302
13 2286 3302
13 2286 3303
13 2286 3303
13 2286 3304
13 2286 3304
13 2286 3305
13 2286 3305
13 2287 3293
13 2287 3293
13 2287 3294
13 2287 3294
13 2287 3295
13 2287 3295
13 2287 3300
13 2287 3300
13 2287 3301
13 2287 3301
13 2287 3302
13 2287 3302
13 2287 3303
13 2287 3303
13 2287 3304
13 2287 3304
13 2287 3305
13 2287 3305
13 2288 3293
13 2288 3293
13 2288 3294
13 2288 3294
13 2288 3299
13 2288 3299
13 2288 3300
13 2288 3300
13 2288 3301
13 2288 3301
13 2288 3302
13 2288 3302
13 2288 3303
13 2288 3303
13 2288 3304
13 2288 3304
13 2288 3305
13 2288 3305
13 2289 3293
13 2289 3293
13 2289 3294
13 2289 3294
13 2289 3295
13 2289 3295
13 2289 3298
13 2289 3298
13 2289 3299
13 2289 3299
13 2289 3300
13 2289 3300
13 2289 3301
13 2289 3301
13 2289 3302
13 2289 3302
13 2289 3303
13 2289 3303
13 2289 3304
13 2289 3304
13 2289 3305
13 2289 3305
13 2290 3293
13 2290 3293
13 2290 3294
13 2290 3294
13 2290 3295
13 2290 3295
13 2290 3296
13 2290 3296
13 2290 3297
13 2290 3297
13 2290 3298
13 2290 3298
13 2290 3299
13 2290 3299
13 2290 3300
13 2290 3300
13 2290 3301
13 2290 3301
13 2290 3302
13 2290 3302
13 2290 3303
13 2290 3303
13 2290 3304
13 2290 3304
13 2290 3305
13 2290 3305
13 2296 3285
13 2296 3286
13 2296 3287
13 2297 3285
13 2297 3286
13 2297 3287
13 2298 3285
13 2298 3286
14 4554 6586
14 4554 6587
14 4554 6588
14 4554 6589
14 4554 6590
14 4554 6591
14 4554 6592
14 4554 6593
14 4554 6594
14 4554 6595
14 4554 6596
14 4554 6597
14 4554 6598
14 4554 6599
14 4554 6600
14 4554 6601
14 4554 6602
14 4554 6603
14 4554 6604
14 4554 6605
14 4554 6606
14 4554 6607
14 4554 6608
14 4554 6609
14 4554 6610
14 4554 6611
14 4588 6580
14 4588 6581
14 4589 6579
14 4589 6580
14 4589 6581
14 4590 6577
14 4590 6578
14 4590 6579
14 4590 6580
14 4590 6581
14 4591 6572
14 4591 6573
14 4591 6574
14 4591 6575
14 4591 6576
14 4591 6577
14 4591 6578
14 4591 6579
14 4592 6572
14 4592 6573
14 4592 6574
14 4592 6575
14 4592 6576
14 4592 6577
14 4592 6578
14 4593 6571
14 4593 6572
14 4593 6573
14 4593 6574
14 4594 6571
14 4594 6572
14 4594 6573
15 9109 13172
15 9109 13173
15 9109 13174
15 9109 13175
15 9109 13176
15 9109 13177
15 9109 13178
15 9109 13179
15 9109 13180
15 9109 13181
15 9109 13182
15 9109 13183
15 9109 13184
15 9109 13185
15 9109 13186
15 9109 13187
15 9109 13188
15 9109 13189
15 9109 13190
15 9109 13191
15 9109 13192
15 9109 13193
15 9109 13194
15 9109 13195
15 9109 13196
15 9109 13197
15 9109 13198
15 9109 13199
15 9109 13200
15 9109 13201
15 9109 13202
15 9109 13203
15 9109 13204
15 9109 13205
15 9109 13206
15 9109 13207
15 9109 13208
15 9109 13209
15 9109 13210
15 9109 13211
15 9109 13212
15 9109 13213
15 9109 13214
15 9109 13215
15 9109 13216
15 9109 13217
15 9109 13218
15 9109 13219
15 9109 13220
15 9109 13221
15 9109 13222
16 18218 26345
16 18218 26346
16 18218 26347
16 18218 26348
16 18218 26349
16 18218 26350
16 18218 26351
16 18218 26352
16 18218 26353
16 18218 26354
16 18218 26355
16 18218 26356
16 18218 26357
16 18218 26358
16 18218 26359
16 18218 26360
16 18218 26361
16 18218 26362
16 18218 26363
16 18218 26364
16 18218 26365
16 18218 26366
16 18218 26367
16 18218 26368
16 18218 26369
16 18218 26370
16 18218 26371
16 18218 26372
16 18218 26373
16 18218 26374
16 18218 26375
16 18218 26376
16 18218 26377
16 18218 26378
16 18218 26379
16 18218 26380
16 18218 26381
16 18218 26382
16 18218 26383
16 18218 26384
16 18218 26385
16 18218 26386
16 18218 26387
16 18218 26388
16 18218 26389
16 18218 26390
16 18218 26391
16 18218 26392
16 18218 26393
16 18218 26394
16 18218 26395
16 18218 26396
16 18218 26397
16 18218 26398
16 18218 26399
16 18218 26400
16 18218 26401
16 18218 26402
16 18218 26403
16 18218 26404
16 18218 26405
16 18218 26406
16 18218 26407
16 18218 26408
16 18218 26409
16 18218 26410
16 18218 26411
16 18218 26412
16 18218 26413
16 18218 26414
16 18218 26415
16 18218 26416
16 18218 26417
16 18218 26418
16 18218 26419
16 18218 26420
16 18218 26421
16 18218 26422
16 18218 26423
16 18218 26424
16 18218 26425
16 18218 26426
16 18218 26427
16 18218 26428
16 18218 26429
16 18218 26430
16 18218 26431
16 18218 26432
16 18218 26433
16 18218 26434
16 18218 26435
16 18218 26436
16 18218 26437
16 18218 26438
16 18218 26439
16 18218 26440
16 18218 26441
16 18218 26442
16 18218 26443
16 18218 26444
17 36436 52691
18 72872 105383
3 2 3
4 4 6
4 4 6
5 8 12
5 8 12
6 17 25
6 17 25
7 35 51
7 35 51
9 142 205
9 142 205
