10 240 424
11 481 848
11 481 848
12 963 1696
12 963 1696
12 963 1697
12 963 1697
12 963 1698
12 963 1698
12 963 1699
12 963 1699
12 963 1700
12 963 1700
12 963 1703
12 963 1703
12 964 1696
12 964 1696
12 964 1697
12 964 1697
12 964 1698
12 964 1698
12 964 1699
12 964 1699
12 965 1696
12 965 1696
12 965 1697
12 965 1697
12 965 1698
12 965 1698
12 965 1703
12 965 1703
12 966 1696
12 966 1696
12 966 1697
12 966 1697
12 966 1702
12 966 1702
12 966 1703
12 966 1703
12 967 1696
12 967 1696
12 967 1697
12 967 1697
12 967 1702
12 967 1702
12 967 1703
12 967 1703
12 968 1696
12 968 1696
12 968 1701
12 968 1701
12 968 1702
12 968 1702
12 968 1703
12 968 1703
12 969 1696
12 969 1696
12 969 1700
12 969 1700
12 969 1701
12 969 1701
12 969 1702
12 969 1702
12 969 1703
12 969 1703
12 970 1696
12 970 1696
12 970 1697
12 970 1697
12 970 1698
12 970 1698
12 970 1699
12 970 1699
12 970 1700
12 970 1700
12 970 1701
12 970 1701
12 970 1702
12 970 1702
12 970 1703
12 970 1703
13 1926 3393
13 1926 3393
13 1926 3394
13 1926 3394
13 1926 3395
13 1926 3395
13 1926 3396
13 1926 3396
13 1926 3397
13 1926 3397
13 1926 3398
13 1926 3398
13 1926 3399
13 1926 3399
13 1926 3400
13 1926 3400
13 1926 3401
13 1926 3401
13 1926 3402
13 1926 3402
13 1926 3403
13 1926 3403
13 1926 3404
13 1926 3404
13 1926 3405
13 1926 3405
13 1926 3406
13 1926 3406
13 1927 3393
13 1927 3393
13 1927 3394
13 1927 3394
13 1927 3395
13 1927 3395
13 1927 3396
13 1927 3396
13 1927 3397
13 1927 3397
13 1927 3398
13 1927 3398
13 1927 3399
13 1927 3399
13 1927 3400
13 1927 3400
13 1927 3401
13 1927 3401
13 1927 3405
13 1927 3405
13 1927 3406
13 1927 3406
13 1928 3393
13 1928 3393
13 1928 3394
13 1928 3394
13 1928 3395
13 1928 3395
13 1928 3396
13 1928 3396
13 1928 3397
13 1928 3397
13 1928 3398
13 1928 3398
13 1928 3399
13 1928 3399
13 1928 3400
13 1928 3400
13 1928 3406
13 1928 3406
13 1929 3393
13 1929 3393
13 1929 3394
13 1929 3394
13 1929 3395
13 1929 3395
13 1929 3396
13 1929 3396
13 1929 3397
13 1929 3397
13 1929 3398
13 1929 3398
13 1929 3399
13 1929 3399
13 1929 3400
13 1929 3400
13 1930 3393
13 1930 3393
13 1930 3394
13 1930 3394
13 1930 3395
13 1930 3395
13 1930 3396
13 1930 3396
13 1930 3397
13 1930 3397
13 1930 3398
13 1930 3398
13 1930 3399
13 1930 3399
13 1930 3406
13 1930 3406
13 1931 3393
13 1931 3393
13 1931 3394
13 1931 3394
13 1931 3395
13 1931 3395
13 1931 3396
13 1931 3396
13 1931 3397
13 1931 3397
13 1931 3398
13 1931 3398
13 1931 3405
13 1931 3405
13 1931 3406
13 1931 3406
13 1932 3393
13 1932 3393
13 1932 3394
13 1932 3394
13 1932 3395
13 1932 3395
13 1932 3396
13 1932 3396
13 1932 3397
13 1932 3397
13 1932 3404
13 1932 3404
13 1932 3405
13 1932 3405
13 1932 3406
13 1932 3406
13 1933 3393
13 1933 3393
13 1933 3394
13 1933 3394
13 1933 3395
13 1933 3395
13 1933 3396
13 1933 3396
13 1933 3404
13 1933 3404
13 1933 3405
13 1933 3405
13 1933 3406
13 1933 3406
13 1934 3393
13 1934 3393
13 1934 3394
13 1934 3394
13 1934 3395
13 1934 3395
13 1934 3403
13 1934 3403
13 1934 3404
13 1934 3404
13 1934 3405
13 1934 3405
13 1934 3406
13 1934 3406
13 1935 3393
13 1935 3393
13 1935 3394
13 1935 3394
13 1935 3395
13 1935 3395
13 1935 3402
13 1935 3402
13 1935 3403
13 1935 3403
13 1935 3404
13 1935 3404
13 1935 3405
13 1935 3405
13 1935 3406
13 1935 3406
13 1936 3393
13 1936 3393
13 1936 3394
13 1936 3394
13 1936 3401
13 1936 3401
13 1936 3402
13 1936 3402
13 1936 3403
13 1936 3403
13 1936 3404
13 1936 3404
13 1936 3405
13 1936 3405
13 1936 3406
13 1936 3406
13 1937 3393
13 1937 3393
13 1937 3400
13 1937 3400
13 1937 3401
13 1937 3401
13 1937 3402
13 1937 3402
13 1937 3403
13 1937 3403
13 1937 3404
13 1937 3404
13 1937 3405
13 1937 3405
13 1937 3406
13 1937 3406
13 1938 3393
13 1938 3393
13 1938 3399
13 1938 3399
13 1938 3400
13 1938 3400
13 1938 3401
13 1938 3401
13 1938 3402
13 1938 3402
13 1938 3403
13 1938 3403
13 1938 3404
13 1938 3404
13 1938 3405
13 1938 3405
13 1938 3406
13 1938 3406
13 1939 3393
13 1939 3393
13 1939 3394
13 1939 3394
13 1939 3395
13 1939 3395
13 1939 3398
13 1939 3398
13 1939 3399
13 1939 3399
13 1939 3400
13 1939 3400
13 1939 3401
13 1939 3401
13 1939 3402
13 1939 3402
13 1939 3403
13 1939 3403
13 1939 3404
13 1939 3404
13 1939 3405
13 1939 3405
13 1939 3406
13 1939 3406
13 1940 3393
13 1940 3393
13 1940 3394
13 1940 3394
13 1940 3395
13 1940 3395
13 1940 3396
13 1940 3396
13 1940 3397
13 1940 3397
13 1940 3398
13 1940 3398
13 1940 3399
13 1940 3399
13 1940 3400
13 1940 3400
13 1940 3401
13 1940 3401
13 1940 3402
13 1940 3402
13 1940 3403
13 1940 3403
13 1940 3404
13 1940 3404
13 1940 3405
13 1940 3405
13 1940 3406
13 1940 3406
14 3852 6787
14 3852 6788
14 3852 6789
14 3852 6790
14 3852 6791
14 3852 6792
14 3852 6793
14 3852 6794
14 3852 6795
14 3852 6796
14 3852 6797
14 3852 6798
14 3852 6799
14 3852 6800
14 3852 6801
14 3852 6802
14 3852 6803
14 3852 6804
14 3852 6805
14 3852 6806
14 3852 6807
14 3852 6808
14 3852 6809
14 3852 6810
14 3852 6811
14 3852 6812
14 3866 6792
15 7705 13574
15 7705 13575
15 7705 13576
15 7705 13577
15 7705 13578
15 7705 13579
15 7705 13580
15 7705 13581
15 7705 13582
15 7705 13583
15 7705 13584
15 7705 13585
15 7705 13586
15 7705 13587
15 7705 13588
15 7705 13589
15 7705 13590
15 7705 13591
15 7705 13592
15 7705 13593
15 7705 13594
15 7705 13595
15 7705 13596
15 7705 13597
15 7705 13598
15 7705 13599
15 7705 13600
15 7705 13601
15 7705 13602
15 7705 13603
15 7705 13604
15 7705 13605
15 7705 13606
15 7705 13607
15 7705 13608
15 7705 13609
15 7705 13610
15 7705 13611
15 7705 13612
15 7705 13613
15 7705 13614
15 7705 13615
15 7705 13616
15 7705 13617
15 7705 13618
15 7705 13619
15 7705 13620
15 7705 13621
15 7705 13622
15 7705 13623
15 7705 13624
15 7732 13585
16 15410 27148
16 15410 27149
16 15410 27150
16 15410 27151
16 15410 27152
16 15410 27153
16 15410 27154
16 15410 27155
16 15410 27156
16 15410 27157
16 15410 27158
16 15410 27159
16 15410 27160
16 15410 27161
16 15410 27162
16 15410 27163
16 15410 27164
16 15410 27165
16 15410 27166
16 15410 27167
16 15410 27168
16 15410 27169
16 15410 27170
16 15410 27171
16 15410 27172
16 15410 27173
16 15410 27174
16 15410 27175
16 15410 27176
16 15410 27177
16 15410 27178
16 15410 27179
16 15410 27180
16 15410 27181
16 15410 27182
16 15410 27183
16 15410 27184
16 15410 27185
16 15410 27186
16 15410 27187
16 15410 27188
16 15410 27189
16 15410 27190
16 15410 27191
16 15410 27192
16 15410 27193
16 15410 27194
16 15410 27195
16 15410 27196
16 15410 27197
16 15410 27198
16 15410 27199
16 15410 27200
16 15410 27201
16 15410 27202
16 15410 27203
16 15410 27204
16 15410 27205
16 15410 27206
16 15410 27207
16 15410 27208
16 15410 27209
16 15410 27210
16 15410 27211
16 15410 27212
16 15410 27213
16 15410 27214
16 15410 27215
16 15410 27216
16 15410 27217
16 15410 27218
16 15410 27219
16 15410 27220
16 15410 27221
16 15410 27222
16 15410 27223
16 15410 27224
16 15410 27225
16 15410 27226
16 15410 27227
16 15410 27228
16 15410 27229
16 15410 27230
16 15410 27231
16 15410 27232
16 15410 27233
16 15410 27234
16 15410 27235
16 15410 27236
16 15410 27237
16 15410 27238
16 15410 27239
16 15410 27240
16 15410 27241
16 15410 27242
16 15410 27243
16 15410 27244
16 15410 27245
16 15410 27246
16 15410 27247
16 15410 27248
16 15410 27249
16 15464 27170
17 30820 54296
17 30820 54297
17 30820 54298
17 30820 54299
17 30820 54300
17 30820 54301
17 30820 54302
17 30820 54303
17 30820 54304
17 30820 54305
17 30820 54306
17 30820 54307
17 30820 54308
17 30820 54309
17 30820 54310
17 30820 54311
17 30820 54312
17 30820 54313
17 30820 54314
17 30820 54315
17 30820 54316
17 30820 54317
17 30820 54318
17 30820 54319
17 30820 54320
17 30820 54321
17 30820 54322
17 30820 54323
17 30820 54324
17 30820 54325
17 30820 54326
17 30820 54327
17 30820 54328
17 30820 54329
17 30820 54330
17 30820 54331
17 30820 54332
17 30820 54333
17 30820 54334
17 30820 54335
17 30820 54336
17 30820 54337
17 30820 54338
17 30820 54339
17 30820 54340
17 30820 54341
17 30820 54342
17 30820 54343
17 30820 54344
17 30820 54345
17 30820 54346
17 30820 54347
17 30820 54348
17 30820 54349
17 30820 54350
17 30820 54351
17 30820 54352
17 30820 54353
17 30820 54354
17 30820 54355
17 30820 54356
17 30820 54357
17 30820 54358
17 30820 54359
17 30820 54360
17 30820 54361
17 30820 54362
17 30820 54363
17 30820 54364
17 30820 54365
17 30820 54366
17 30820 54367
17 30820 54368
17 30820 54369
17 30820 54370
17 30820 54371
17 30820 54372
17 30820 54373
17 30820 54374
17 30820 54375
17 30820 54376
17 30820 54377
17 30820 54378
17 30820 54379
17 30820 54380
17 30820 54381
17 30820 54382
17 30820 54383
17 30820 54384
17 30820 54385
17 30820 54386
17 30820 54387
17 30820 54388
17 30820 54389
17 30820 54390
17 30820 54391
17 30820 54392
17 30820 54393
17 30820 54394
17 30820 54395
17 30820 54396
17 30820 54397
17 30820 54398
17 30820 54399
17 30820 54400
17 30820 54401
17 30820 54402
17 30820 54403
17 30820 54404
17 30820 54405
17 30820 54406
17 30820 54407
17 30820 54408
17 30820 54409
17 30820 54410
17 30820 54411
17 30820 54412
17 30820 54413
17 30820 54414
17 30820 54415
17 30820 54416
17 30820 54417
17 30820 54418
17 30820 54419
17 30820 54420
17 30820 54421
17 30820 54422
17 30820 54423
17 30820 54424
17 30820 54425
17 30820 54426
17 30820 54427
17 30820 54428
17 30820 54429
17 30820 54430
17 30820 54431
17 30820 54432
17 30820 54433
17 30820 54434
17 30820 54435
17 30820 54436
17 30820 54437
17 30820 54438
17 30820 54439
17 30820 54440
17 30820 54441
17 30820 54442
17 30820 54443
17 30820 54444
17 30820 54445
17 30820 54446
17 30820 54447
17 30820 54448
17 30820 54449
17 30820 54450
17 30820 54451
17 30820 54452
17 30820 54453
17 30820 54454
17 30820 54455
17 30820 54456
17 30820 54457
17 30820 54458
17 30820 54459
17 30820 54460
17 30820 54461
17 30820 54462
17 30820 54463
17 30820 54464
17 30820 54465
17 30820 54466
17 30820 54467
17 30820 54468
17 30820 54469
17 30820 54470
17 30820 54471
17 30820 54472
17 30820 54473
17 30820 54474
17 30820 54475
17 30820 54476
17 30820 54477
17 30820 54478
17 30820 54479
17 30820 54480
17 30820 54481
17 30820 54482
17 30820 54483
17 30820 54484
17 30820 54485
17 30820 54486
17 30820 54487
17 30820 54488
17 30820 54489
17 30820 54490
17 30820 54491
17 30820 54492
17 30820 54493
17 30820 54494
17 30820 54495
17 30820 54496
17 30820 54497
17 30820 54498
17 30820 54499
18 61641 108593
3 1 3
4 3 6
4 3 6
5 7 13
5 7 13
6 15 26
6 15 26
7 30 53
7 30 53
8 60 106
8 60 106
