13 2315 3272
13 2315 3272
13 2316 3272
13 2316 3272
14 4630 6545
14 4630 6548
14 4630 6549
14 4633 6546
14 4633 6547
15 9260 13091
15 9260 13092
15 9260 13094
15 9260 13095
15 9260 13096
15 9260 13097
15 9260 13098
15 9260 13099
15 9265 13093
16 18521 26183
16 18521 26184
16 18521 26185
16 18521 26186
16 18521 26187
16 18521 26188
16 18521 26189
16 18521 26190
16 18521 26191
16 18521 26192
16 18521 26193
16 18521 26194
16 18521 26195
16 18521 26196
16 18521 26197
16 18521 26198
17 37042 52367
17 37042 52368
17 37042 52369
17 37042 52370
17 37042 52371
17 37042 52372
17 37042 52373
17 37042 52374
17 37042 52375
17 37042 52376
17 37042 52377
17 37042 52378
17 37042 52379
17 37042 52380
17 37042 52381
17 37042 52382
17 37042 52383
17 37042 52384
17 37042 52385
17 37042 52386
17 37042 52387
17 37042 52388
17 37042 52389
17 37042 52390
17 37042 52391
17 37042 52392
17 37042 52393
17 37042 52394
17 37042 52395
17 37042 52396
18 74085 104735
3 2 3
4 4 6
4 4 6
5 9 12
5 9 12
6 18 25
6 18 25
7 36 51
7 36 51
