10 280 422
11 560 843
11 560 844
11 561 843
12 1120 1686
12 1120 1686
12 1120 1687
12 1120 1687
12 1120 1688
12 1120 1688
12 1121 1686
12 1121 1686
12 1121 1687
12 1121 1687
12 1121 1688
12 1121 1688
12 1122 1685
12 1122 1685
12 1122 1686
12 1122 1686
12 1122 1687
12 1122 1687
12 1122 1688
12 1122 1688
12 1123 1681
12 1123 1681
12 1123 1682
12 1123 1682
12 1123 1683
12 1123 1683
12 1123 1684
12 1123 1684
12 1123 1685
12 1123 1685
12 1123 1686
12 1123 1686
12 1123 1687
12 1123 1687
12 1123 1688
12 1123 1688
13 2240 3362
13 2240 3362
13 2240 3366
13 2240 3366
13 2240 3367
13 2240 3367
13 2240 3368
13 2240 3368
13 2240 3369
13 2240 3369
13 2240 3370
13 2240 3370
13 2240 3371
13 2240 3371
13 2240 3372
13 2240 3372
13 2240 3373
13 2240 3373
13 2240 3374
13 2240 3374
13 2240 3375
13 2240 3375
13 2240 3376
13 2240 3376
13 2240 3377
13 2240 3377
13 2241 3362
13 2241 3362
13 2241 3371
13 2241 3371
13 2241 3372
13 2241 3372
13 2241 3373
13 2241 3373
13 2241 3374
13 2241 3374
13 2241 3375
13 2241 3375
13 2241 3376
13 2241 3376
13 2241 3377
13 2241 3377
13 2242 3362
13 2242 3362
13 2242 3371
13 2242 3371
13 2242 3372
13 2242 3372
13 2242 3373
13 2242 3373
13 2242 3374
13 2242 3374
13 2242 3375
13 2242 3375
13 2242 3376
13 2242 3376
13 2242 3377
13 2242 3377
13 2243 3371
13 2243 3371
13 2243 3372
13 2243 3372
13 2243 3373
13 2243 3373
13 2243 3374
13 2243 3374
13 2243 3375
13 2243 3375
13 2243 3376
13 2243 3376
13 2243 3377
13 2243 3377
13 2244 3370
13 2244 3370
13 2244 3371
13 2244 3371
13 2244 3372
13 2244 3372
13 2244 3373
13 2244 3373
13 2244 3374
13 2244 3374
13 2244 3375
13 2244 3375
13 2244 3376
13 2244 3376
13 2244 3377
13 2244 3377
13 2245 3362
13 2245 3362
13 2245 3363
13 2245 3363
13 2245 3364
13 2245 3364
13 2245 3365
13 2245 3365
13 2245 3366
13 2245 3366
13 2245 3367
13 2245 3367
13 2245 3370
13 2245 3370
13 2245 3371
13 2245 3371
13 2245 3372
13 2245 3372
13 2245 3373
13 2245 3373
13 2245 3374
13 2245 3374
13 2245 3375
13 2245 3375
13 2245 3376
13 2245 3376
13 2245 3377
13 2245 3377
13 2246 3362
13 2246 3362
13 2246 3363
13 2246 3363
13 2246 3364
13 2246 3364
13 2246 3365
13 2246 3365
13 2246 3366
13 2246 3366
13 2246 3367
13 2246 3367
13 2246 3368
13 2246 3368
13 2246 3369
13 2246 3369
13 2246 3370
13 2246 3370
13 2246 3371
13 2246 3371
13 2246 3372
13 2246 3372
13 2246 3373
13 2246 3373
13 2246 3374
13 2246 3374
13 2246 3375
13 2246 3375
13 2246 3376
13 2246 3376
13 2246 3377
13 2246 3377
13 2247 3362
13 2247 3362
13 2247 3363
13 2247 3363
13 2247 3364
13 2247 3364
13 2247 3365
13 2247 3365
13 2247 3366
13 2247 3366
13 2247 3367
13 2247 3367
13 2247 3368
13 2247 3368
13 2247 3369
13 2247 3369
13 2247 3370
13 2247 3370
13 2247 3371
13 2247 3371
13 2247 3372
13 2247 3372
13 2247 3373
13 2247 3373
13 2247 3374
13 2247 3374
13 2247 3375
13 2247 3375
13 2247 3376
13 2247 3376
13 2247 3377
13 2247 3377
14 4481 6725
14 4481 6732
14 4481 6733
14 4481 6734
14 4481 6735
14 4481 6736
14 4481 6737
14 4481 6738
14 4481 6739
14 4481 6740
14 4481 6741
14 4481 6742
14 4481 6743
14 4481 6744
14 4481 6745
14 4481 6746
14 4481 6747
14 4481 6748
14 4481 6749
14 4481 6750
14 4481 6751
14 4481 6752
14 4481 6753
14 4481 6754
14 4482 6738
14 4482 6739
14 4482 6740
14 4482 6741
14 4482 6742
14 4482 6744
14 4482 6747
14 4482 6752
14 4483 6747
14 4483 6753
14 4484 6747
14 4485 6741
14 4485 6742
14 4485 6746
14 4485 6747
14 4485 6752
14 4486 6741
14 4486 6744
14 4486 6745
14 4486 6746
14 4487 6742
14 4487 6744
14 4487 6750
14 4487 6754
14 4488 6746
14 4488 6750
14 4489 6726
14 4489 6727
14 4489 6728
14 4489 6729
14 4490 6730
14 4490 6731
15 8962 13450
15 8962 13451
15 8962 13452
15 8962 13456
15 8962 13457
15 8962 13458
15 8962 13459
15 8962 13460
15 8962 13461
15 8962 13462
15 8962 13463
15 8962 13464
15 8962 13465
15 8962 13466
15 8962 13467
15 8962 13468
15 8962 13469
15 8962 13470
15 8962 13471
15 8962 13472
15 8962 13473
15 8962 13474
15 8962 13475
15 8962 13476
15 8962 13477
15 8962 13478
15 8962 13479
15 8962 13480
15 8962 13481
15 8962 13482
15 8962 13483
15 8962 13484
15 8962 13485
15 8962 13486
15 8962 13487
15 8962 13488
15 8962 13489
15 8962 13490
15 8962 13491
15 8962 13492
15 8962 13493
15 8962 13494
15 8962 13495
15 8962 13496
15 8962 13497
15 8962 13498
15 8962 13499
15 8962 13500
15 8962 13501
15 8962 13502
15 8962 13503
15 8962 13504
15 8962 13505
15 8962 13506
15 8962 13507
15 8962 13508
15 8962 13509
15 8963 13464
15 8963 13471
15 8963 13474
15 8963 13476
15 8963 13481
15 8964 13472
15 8964 13476
15 8964 13480
15 8964 13481
15 8964 13483
15 8964 13488
15 8964 13504
15 8965 13478
15 8965 13484
15 8965 13488
15 8965 13494
15 8967 13494
15 8967 13506
15 8968 13494
15 8969 13481
15 8970 13482
15 8970 13493
15 8970 13495
15 8970 13505
15 8971 13481
15 8971 13484
15 8972 13482
15 8972 13490
15 8972 13491
15 8972 13493
15 8973 13483
15 8973 13489
15 8974 13484
15 8974 13488
15 8974 13500
15 8974 13508
15 8976 13492
15 8977 13453
15 8977 13454
15 8977 13500
15 8978 13455
16 17924 26900
16 17924 26901
16 17924 26902
16 17924 26903
16 17924 26904
16 17924 26905
16 17924 26906
16 17924 26907
16 17924 26908
16 17924 26909
16 17924 26910
16 17924 26911
16 17924 26912
16 17924 26913
16 17924 26914
16 17924 26915
16 17924 26916
16 17924 26917
16 17924 26918
16 17924 26919
16 17924 26920
16 17924 26921
16 17924 26922
16 17924 26923
16 17924 26924
16 17924 26925
16 17924 26926
16 17924 26927
16 17924 26928
16 17924 26929
16 17924 26930
16 17924 26931
16 17924 26932
16 17924 26933
16 17924 26934
16 17924 26935
16 17924 26936
16 17924 26937
16 17924 26938
16 17924 26939
16 17924 26940
16 17924 26941
16 17924 26942
16 17924 26943
16 17924 26944
16 17924 26945
16 17924 26946
16 17924 26947
16 17924 26948
16 17924 26949
16 17924 26950
16 17924 26951
16 17924 26952
16 17924 26953
16 17924 26954
16 17924 26955
16 17924 26956
16 17924 26957
16 17924 26958
16 17924 26959
16 17924 26960
16 17924 26961
16 17924 26962
16 17924 26963
16 17924 26964
16 17924 26965
16 17924 26966
16 17924 26967
16 17924 26968
16 17924 26969
16 17924 26970
16 17924 26971
16 17924 26972
16 17924 26973
16 17924 26974
16 17924 26975
16 17924 26976
16 17924 26977
16 17924 26978
16 17924 26979
16 17924 26980
16 17924 26981
16 17924 26982
16 17924 26983
16 17924 26984
16 17924 26985
16 17924 26986
16 17924 26987
16 17924 26988
16 17924 26989
16 17924 26990
16 17924 26991
16 17924 26992
16 17924 26993
16 17924 26994
16 17924 26995
16 17924 26996
16 17924 26997
16 17924 26998
16 17924 26999
16 17924 27000
16 17924 27001
16 17924 27002
16 17924 27003
16 17924 27004
16 17924 27005
16 17924 27006
16 17924 27007
16 17924 27008
16 17924 27009
16 17924 27010
16 17924 27011
16 17924 27012
16 17924 27013
16 17924 27014
16 17924 27015
16 17924 27016
16 17924 27017
16 17924 27018
16 17924 27019
16 17925 26948
16 17925 26955
16 17925 26963
16 17925 26981
16 17925 26989
16 17925 27013
16 17926 26920
16 17926 26953
16 17926 26963
16 17927 26928
16 17927 26943
16 17927 26949
16 17928 26945
16 17928 26961
16 17928 26963
16 17928 26967
16 17928 26977
16 17929 26952
16 17929 26953
16 17929 27008
16 17930 26946
16 17930 26956
16 17930 26957
16 17930 26968
16 17930 26989
16 17931 26957
16 17931 26977
16 17934 26989
16 17934 27013
16 17935 26989
16 17936 26988
16 17938 26962
16 17940 26986
16 17940 26990
16 17941 26964
16 17941 27010
16 17942 26968
16 17943 26961
16 17943 26962
16 17943 26963
16 17944 26965
16 17944 26981
16 17944 26986
16 17945 26981
16 17945 26983
16 17946 26978
16 17946 26979
16 17947 26967
16 17948 27001
16 17948 27016
16 17949 26968
16 17949 26977
16 17952 26984
16 17954 27000
17 35849 53801
17 35849 53802
17 35849 53803
17 35849 53804
17 35849 53805
17 35849 53806
17 35849 53807
17 35849 53808
17 35849 53809
17 35849 53810
17 35849 53811
17 35849 53812
17 35849 53813
17 35849 53814
17 35849 53815
17 35849 53816
17 35849 53817
17 35849 53818
17 35849 53819
17 35849 53820
17 35849 53821
17 35849 53822
17 35849 53823
17 35849 53824
17 35849 53825
17 35849 53826
17 35849 53827
17 35849 53828
17 35849 53829
17 35849 53830
17 35849 53831
17 35849 53832
17 35849 53833
17 35849 53834
17 35849 53835
17 35849 53836
17 35849 53837
17 35849 53838
17 35849 53839
17 35849 53840
17 35849 53841
17 35849 53842
17 35849 53843
17 35849 53844
17 35849 53845
17 35849 53846
17 35849 53847
17 35849 53848
17 35849 53849
17 35849 53850
17 35849 53851
17 35849 53852
17 35849 53853
17 35849 53854
17 35849 53855
17 35849 53856
17 35849 53857
17 35849 53858
17 35849 53859
17 35849 53860
17 35849 53861
17 35849 53862
17 35849 53863
17 35849 53864
17 35849 53865
17 35849 53866
17 35849 53867
17 35849 53868
17 35849 53869
17 35849 53870
17 35849 53871
17 35849 53872
17 35849 53873
17 35849 53874
17 35849 53875
17 35849 53876
17 35849 53877
17 35849 53878
17 35849 53879
17 35849 53880
17 35849 53881
17 35849 53882
17 35849 53883
17 35849 53884
17 35849 53885
17 35849 53886
17 35849 53887
17 35849 53888
17 35849 53889
17 35849 53890
17 35849 53891
17 35849 53892
17 35849 53893
17 35849 53894
17 35849 53895
17 35849 53896
17 35849 53897
17 35849 53898
17 35849 53899
17 35849 53900
17 35849 53901
17 35849 53902
17 35849 53903
17 35849 53904
17 35849 53905
17 35849 53906
17 35849 53907
17 35849 53908
17 35849 53909
17 35849 53910
17 35849 53911
17 35849 53912
17 35849 53913
17 35849 53914
17 35849 53915
17 35849 53916
17 35849 53917
17 35849 53918
17 35849 53919
17 35849 53920
17 35849 53921
17 35849 53922
17 35849 53923
17 35849 53924
17 35849 53925
17 35849 53926
17 35849 53927
17 35849 53928
17 35849 53929
17 35849 53930
17 35849 53931
17 35849 53932
17 35849 53933
17 35849 53934
17 35849 53935
17 35849 53936
17 35849 53937
17 35849 53938
17 35849 53939
17 35849 53940
17 35849 53941
17 35849 53942
17 35849 53943
17 35849 53944
17 35849 53945
17 35849 53946
17 35849 53947
17 35849 53948
17 35849 53949
17 35849 53950
17 35849 53951
17 35849 53952
17 35849 53953
17 35849 53954
17 35849 53955
17 35849 53956
17 35849 53957
17 35849 53958
17 35849 53959
17 35849 53960
17 35849 53961
17 35849 53962
17 35849 53963
17 35849 53964
17 35849 53965
17 35849 53966
17 35849 53967
17 35849 53968
17 35849 53969
17 35849 53970
17 35849 53971
17 35849 53972
17 35849 53973
17 35849 53974
17 35849 53975
17 35849 53976
17 35849 53977
17 35849 53978
17 35849 53979
17 35849 53980
17 35849 53981
17 35849 53982
17 35849 53983
17 35849 53984
17 35849 53985
17 35849 53986
17 35849 53987
17 35849 53988
17 35849 53989
17 35849 53990
17 35849 53991
17 35849 53992
17 35849 53993
17 35849 53994
17 35849 53995
17 35849 53996
17 35849 53997
17 35849 53998
17 35849 53999
17 35849 54000
17 35849 54001
17 35849 54002
17 35849 54003
17 35849 54004
17 35849 54005
17 35849 54006
17 35849 54007
17 35849 54008
17 35849 54009
17 35849 54010
17 35849 54011
17 35849 54012
17 35849 54013
17 35849 54014
17 35849 54015
17 35849 54016
17 35849 54017
17 35849 54018
17 35849 54019
17 35849 54020
17 35849 54021
17 35849 54022
17 35849 54023
17 35849 54024
17 35849 54025
17 35849 54026
17 35849 54027
17 35849 54028
17 35849 54029
17 35849 54030
17 35849 54031
17 35849 54032
17 35849 54033
17 35849 54034
17 35849 54035
17 35849 54036
17 35849 54037
17 35849 54038
18 71698 107602
3 2 3
4 4 6
4 4 6
5 8 13
5 8 13
6 17 26
6 17 26
7 35 52
7 35 52
8 70 105
8 70 105
9 140 211
9 140 211
