13 2236 3395
13 2236 3396
13 2236 3398
13 2236 3399
13 2236 3400
13 2236 3401
13 2236 3402
13 2236 3403
13 2236 3404
13 2237 3395
13 2237 3400
13 2237 3401
13 2237 3402
13 2237 3403
13 2237 3404
13 2238 3395
13 2238 3402
13 2238 3403
13 2238 3404
13 2239 3404
13 2240 3395
13 2240 3404
13 2241 3395
13 2241 3396
13 2241 3397
13 2241 3404
13 2242 3395
13 2242 3396
13 2242 3397
13 2242 3398
13 2242 3399
13 2242 3404
13 2243 3395
13 2243 3396
13 2243 3397
13 2243 3398
13 2243 3399
13 2243 3400
13 2243 3401
13 2243 3402
13 2243 3403
13 2243 3404
