12 1048 1685
12 1048 1685
13 2096 3371
13 2096 3371
13 2096 3373
13 2096 3373
13 2097 3371
13 2097 3371
13 2100 3373
13 2100 3373
13 2101 3373
13 2101 3373
13 2102 3373
13 2102 3373
14 4193 6742
14 4193 6743
14 4193 6746
14 4199 6742
14 4200 6742
14 4200 6743
14 4200 6746
14 4202 6746
15 8387 13485
15 8387 13486
15 8387 13487
15 8387 13492
15 8387 13493
15 8393 13493
15 8394 13486
15 8396 13493
15 8398 13485
15 8398 13486
15 8399 13486
15 8400 13485
15 8400 13487
15 8400 13488
15 8401 13485
15 8401 13493
15 8404 13491
15 8405 13492
15 8406 13491
15 8408 13491
16 16774 26970
16 16774 26971
16 16774 26972
16 16774 26973
16 16774 26974
16 16774 26975
16 16774 26976
16 16774 26977
16 16774 26978
16 16774 26979
16 16774 26980
16 16774 26981
16 16774 26982
16 16774 26983
16 16774 26984
16 16774 26985
16 16774 26986
16 16774 26987
16 16775 26987
16 16786 26987
16 16789 26972
16 16790 26985
16 16792 26987
16 16797 26970
16 16797 26972
16 16799 26972
16 16800 26974
16 16801 26971
16 16802 26971
16 16802 26986
16 16807 26983
16 16809 26983
16 16810 26984
16 16813 26982
16 16815 26981
16 16816 26983
16 16817 26981
17 33549 53941
17 33549 53942
17 33549 53943
17 33549 53944
17 33549 53945
17 33549 53946
17 33549 53947
17 33549 53948
17 33549 53949
17 33549 53950
17 33549 53951
17 33549 53952
17 33549 53953
17 33549 53954
17 33549 53955
17 33549 53956
17 33549 53957
17 33549 53958
17 33549 53959
17 33549 53960
17 33549 53961
17 33549 53962
17 33549 53963
17 33549 53964
17 33549 53965
17 33549 53966
17 33549 53967
17 33549 53968
17 33549 53969
17 33549 53970
17 33549 53971
17 33549 53972
17 33549 53973
17 33549 53974
17 33549 53975
17 33551 53975
17 33554 53972
17 33554 53974
17 33556 53972
17 33559 53971
17 33561 53970
17 33568 53970
17 33573 53975
17 33578 53945
17 33579 53945
17 33581 53970
17 33582 53965
17 33585 53974
17 33586 53955
17 33588 53952
17 33589 53956
17 33592 53954
17 33594 53944
17 33594 53962
17 33595 53941
17 33597 53961
17 33598 53945
17 33600 53949
17 33600 53962
17 33602 53942
17 33603 53943
17 33604 53972
17 33605 53943
17 33605 53973
17 33607 53959
17 33610 53959
17 33613 53955
17 33615 53967
17 33618 53967
17 33620 53968
17 33626 53954
17 33626 53965
17 33629 53951
17 33630 53962
17 33633 53967
17 33634 53963
18 67099 107882
18 67099 107883
18 67099 107884
18 67099 107885
18 67099 107886
18 67099 107887
18 67099 107888
18 67099 107889
18 67099 107890
18 67099 107891
18 67099 107892
18 67099 107893
18 67099 107894
18 67099 107895
18 67099 107896
18 67099 107897
18 67099 107898
18 67099 107899
18 67099 107900
18 67099 107901
18 67099 107902
18 67099 107903
18 67099 107904
18 67099 107905
18 67099 107906
18 67099 107907
18 67099 107908
18 67099 107909
18 67099 107910
18 67099 107911
18 67099 107912
18 67099 107913
18 67099 107914
18 67099 107915
18 67099 107916
18 67099 107917
18 67099 107918
18 67099 107919
18 67099 107920
18 67099 107921
18 67099 107922
18 67099 107923
18 67099 107924
18 67099 107925
18 67099 107926
18 67099 107927
18 67099 107928
18 67099 107929
18 67099 107930
18 67099 107931
18 67099 107932
18 67099 107933
18 67099 107934
18 67099 107935
18 67099 107936
18 67099 107937
18 67099 107938
18 67099 107939
18 67099 107940
18 67099 107941
18 67099 107942
18 67099 107943
18 67099 107944
18 67099 107945
18 67099 107946
18 67099 107947
18 67099 107948
18 67099 107949
18 67099 107950
18 67102 107950
18 67109 107945
18 67109 107948
18 67112 107945
18 67118 107943
18 67123 107940
18 67137 107941
18 67146 107950
18 67157 107890
18 67158 107891
18 67162 107940
18 67164 107930
18 67170 107948
18 67172 107911
18 67176 107905
18 67179 107913
18 67184 107909
18 67188 107924
18 67189 107888
18 67190 107883
18 67195 107923
18 67196 107891
18 67200 107899
18 67200 107924
18 67205 107884
18 67206 107886
18 67208 107945
18 67210 107886
18 67210 107946
18 67215 107919
18 67220 107918
18 67226 107911
18 67230 107934
18 67237 107934
18 67241 107937
18 67253 107909
18 67253 107930
18 67259 107902
18 67260 107925
18 67267 107934
18 67268 107927
3 2 3
4 4 6
4 4 6
5 8 13
5 8 13
6 16 26
6 16 26
7 32 52
7 32 52
8 65 105
8 65 105
14 4193 6743
15 8387 13486
15 8387 13487
15 8400 13488
15 8387 13492
