10 294 392
11 588 784
12 1176 1569
12 1176 1569
12 1176 1570
12 1176 1570
12 1176 1571
12 1176 1571
12 1176 1572
12 1176 1572
13 2350 3138
13 2350 3138
13 2351 3138
13 2351 3138
13 2352 3138
13 2352 3138
13 2352 3139
13 2352 3139
13 2352 3140
13 2352 3140
13 2352 3141
13 2352 3141
13 2352 3142
13 2352 3142
13 2352 3143
13 2352 3143
13 2352 3144
13 2352 3144
14 4700 6277
14 4703 6283
15 9400 12555
15 9407 12567
16 18801 25111
16 18815 25135
17 37603 50223
18 75207 100446
3 2 3
4 4 6
4 4 6
5 9 12
5 9 12
6 18 24
6 18 24
7 36 49
7 36 49
9 147 196
9 147 196
14 4703 6278
14 4703 6279
14 4703 6280
14 4703 6281
14 4703 6282
14 4704 6284
14 4704 6285
14 4704 6286
14 4704 6287
14 4704 6288
15 9400 12556
15 9400 12557
15 9400 12558
15 9400 12559
15 9400 12560
15 9400 12561
15 9400 12562
15 9400 12563
15 9400 12564
15 9400 12565
15 9400 12566
15 9400 12567
15 9400 12568
15 9400 12569
15 9400 12570
15 9400 12571
15 9400 12572
15 9400 12573
15 9400 12574
15 9400 12575
15 9400 12576
15 9400 12577
