10 255 423
11 506 846
11 506 846
12 1013 1693
12 1013 1693
12 1013 1694
12 1013 1694
12 1013 1695
12 1013 1695
12 1013 1696
12 1013 1696
12 1014 1693
12 1014 1693
12 1015 1693
12 1015 1693
12 1016 1693
12 1016 1693
12 1017 1693
12 1017 1693
12 1017 1696
12 1017 1696
12 1018 1693
12 1018 1693
12 1018 1696
12 1018 1696
12 1019 1693
12 1019 1693
12 1019 1696
12 1019 1696
12 1020 1693
12 1020 1693
12 1020 1694
12 1020 1694
12 1020 1695
12 1020 1695
12 1020 1696
12 1020 1696
12 1021 1693
12 1021 1693
12 1021 1694
12 1021 1694
12 1021 1695
12 1021 1695
12 1021 1696
12 1021 1696
13 2027 3386
13 2027 3386
13 2027 3387
13 2027 3387
13 2027 3388
13 2027 3388
13 2027 3389
13 2027 3389
13 2027 3390
13 2027 3390
13 2027 3391
13 2027 3391
13 2027 3392
13 2027 3392
13 2028 3386
13 2028 3386
13 2028 3387
13 2028 3387
13 2028 3388
13 2028 3388
13 2029 3386
13 2029 3386
13 2029 3387
13 2029 3387
13 2029 3388
13 2029 3388
13 2030 3386
13 2030 3386
13 2030 3387
13 2030 3387
13 2030 3388
13 2030 3388
13 2031 3386
13 2031 3386
13 2031 3387
13 2031 3387
13 2031 3388
13 2031 3388
13 2032 3386
13 2032 3386
13 2032 3387
13 2032 3387
13 2032 3388
13 2032 3388
13 2033 3386
13 2033 3386
13 2033 3387
13 2033 3387
13 2033 3388
13 2033 3388
13 2034 3386
13 2034 3386
13 2034 3387
13 2034 3387
13 2034 3392
13 2034 3392
13 2035 3386
13 2035 3386
13 2035 3387
13 2035 3387
13 2035 3392
13 2035 3392
13 2036 3386
13 2036 3386
13 2036 3387
13 2036 3387
13 2036 3392
13 2036 3392
13 2037 3386
13 2037 3386
13 2037 3387
13 2037 3387
13 2037 3392
13 2037 3392
13 2038 3386
13 2038 3386
13 2038 3387
13 2038 3387
13 2038 3392
13 2038 3392
13 2039 3386
13 2039 3386
13 2039 3387
13 2039 3387
13 2039 3392
13 2039 3392
13 2040 3386
13 2040 3386
13 2040 3387
13 2040 3387
13 2040 3388
13 2040 3388
13 2040 3389
13 2040 3389
13 2040 3390
13 2040 3390
13 2040 3391
13 2040 3391
13 2040 3392
13 2040 3392
13 2041 3386
13 2041 3386
13 2041 3387
13 2041 3387
13 2041 3388
13 2041 3388
13 2041 3389
13 2041 3389
13 2041 3390
13 2041 3390
13 2041 3391
13 2041 3391
13 2041 3392
13 2041 3392
13 2042 3386
13 2042 3386
13 2042 3387
13 2042 3387
13 2042 3388
13 2042 3388
13 2042 3389
13 2042 3389
13 2042 3390
13 2042 3390
13 2042 3391
13 2042 3391
13 2042 3392
13 2042 3392
14 4055 6773
14 4055 6774
14 4055 6775
14 4055 6776
14 4055 6777
14 4055 6778
14 4055 6779
14 4055 6780
14 4055 6781
14 4055 6782
14 4055 6783
14 4055 6784
14 4058 6776
15 8111 13547
15 8111 13548
15 8111 13549
15 8111 13550
15 8111 13551
15 8111 13552
15 8111 13553
15 8111 13554
15 8111 13555
15 8111 13556
15 8111 13557
15 8111 13558
15 8111 13559
15 8111 13560
15 8111 13561
15 8111 13562
15 8111 13563
15 8111 13564
15 8111 13565
15 8111 13566
15 8111 13567
15 8111 13568
15 8111 13569
15 8117 13553
16 16223 27094
16 16223 27095
16 16223 27096
16 16223 27097
16 16223 27098
16 16223 27099
16 16223 27100
16 16223 27101
16 16223 27102
16 16223 27103
16 16223 27104
16 16223 27105
16 16223 27106
16 16223 27107
16 16223 27108
16 16223 27109
16 16223 27110
16 16223 27111
16 16223 27112
16 16223 27113
16 16223 27114
16 16223 27115
16 16223 27116
16 16223 27117
16 16223 27118
16 16223 27119
16 16223 27120
16 16223 27121
16 16223 27122
16 16223 27123
16 16223 27124
16 16223 27125
16 16223 27126
16 16223 27127
16 16223 27128
16 16223 27129
16 16223 27130
16 16223 27131
16 16223 27132
16 16223 27133
16 16223 27134
16 16223 27135
16 16223 27136
16 16223 27137
16 16223 27138
16 16235 27107
16 16246 27116
17 32446 54188
17 32446 54189
17 32446 54190
17 32446 54191
17 32446 54192
17 32446 54193
17 32446 54194
17 32446 54195
17 32446 54196
17 32446 54197
17 32446 54198
17 32446 54199
17 32446 54200
17 32446 54201
17 32446 54202
17 32446 54203
17 32446 54204
17 32446 54205
17 32446 54206
17 32446 54207
17 32446 54208
17 32446 54209
17 32446 54210
17 32446 54211
17 32446 54212
17 32446 54213
17 32446 54214
17 32446 54215
17 32446 54216
17 32446 54217
17 32446 54218
17 32446 54219
17 32446 54220
17 32446 54221
17 32446 54222
17 32446 54223
17 32446 54224
17 32446 54225
17 32446 54226
17 32446 54227
17 32446 54228
17 32446 54229
17 32446 54230
17 32446 54231
17 32446 54232
17 32446 54233
17 32446 54234
17 32446 54235
17 32446 54236
17 32446 54237
17 32446 54238
17 32446 54239
17 32446 54240
17 32446 54241
17 32446 54242
17 32446 54243
17 32446 54244
17 32446 54245
17 32446 54246
17 32446 54247
17 32446 54248
17 32446 54249
17 32446 54250
17 32446 54251
17 32446 54252
17 32446 54253
17 32446 54254
17 32446 54255
17 32446 54256
17 32446 54257
17 32446 54258
17 32446 54259
17 32446 54260
17 32446 54261
17 32446 54262
17 32446 54263
17 32446 54264
17 32446 54265
17 32446 54266
17 32446 54267
17 32446 54268
17 32446 54269
17 32446 54270
17 32446 54271
17 32446 54272
17 32446 54273
17 32446 54274
17 32446 54275
17 32446 54276
17 32446 54277
17 32471 54214
18 64893 108377
18 64942 108428
3 1 3
4 3 6
4 3 6
5 7 13
5 7 13
6 15 26
6 15 26
7 31 52
7 31 52
7 31 53
7 31 53
8 63 105
8 63 105
8 63 106
8 63 106
