13 2140 3371
13 2140 3371
13 2140 3372
13 2140 3372
13 2140 3373
13 2140 3373
13 2140 3374
13 2140 3374
13 2140 3375
13 2140 3375
13 2140 3376
13 2140 3376
13 2140 3377
13 2140 3377
13 2140 3378
13 2140 3378
14 4281 6742
14 4281 6743
14 4281 6744
14 4281 6745
14 4281 6746
14 4281 6747
14 4281 6748
14 4281 6749
14 4281 6750
14 4281 6751
14 4281 6752
14 4281 6753
14 4281 6754
14 4281 6755
14 4281 6756
14 4299 6742
14 4302 6742
15 8563 13485
15 8563 13486
15 8563 13487
15 8563 13488
15 8563 13489
15 8563 13490
15 8563 13491
15 8563 13492
15 8563 13493
15 8563 13494
15 8563 13495
15 8563 13496
15 8563 13497
15 8563 13498
15 8563 13499
15 8563 13500
15 8563 13501
15 8563 13502
15 8563 13503
15 8563 13504
15 8563 13505
15 8563 13506
15 8563 13507
15 8563 13508
15 8563 13509
15 8563 13510
15 8563 13511
15 8563 13512
15 8563 13513
15 8599 13485
15 8605 13485
16 17127 26970
16 17127 26971
16 17127 26972
16 17127 26973
16 17127 26974
16 17127 26975
16 17127 26976
16 17127 26977
16 17127 26978
16 17127 26979
16 17127 26980
16 17127 26981
16 17127 26982
16 17127 26983
16 17127 26984
16 17127 26985
16 17127 26986
16 17127 26987
16 17127 26988
16 17127 26989
16 17127 26990
16 17127 26991
16 17127 26992
16 17127 26993
16 17127 26994
16 17127 26995
16 17127 26996
16 17127 26997
16 17127 26998
16 17127 26999
16 17127 27000
16 17127 27001
16 17127 27002
16 17127 27003
16 17127 27004
16 17127 27005
16 17127 27006
16 17127 27007
16 17127 27008
16 17127 27009
16 17127 27010
16 17127 27011
16 17127 27012
16 17127 27013
16 17127 27014
16 17127 27015
16 17127 27016
16 17127 27017
16 17127 27018
16 17127 27019
16 17127 27020
16 17127 27021
16 17127 27022
16 17127 27023
16 17127 27024
16 17127 27025
16 17127 27026
16 17127 27027
16 17199 26971
16 17211 26971
16 17211 26987
17 34254 53941
17 34254 53942
17 34254 53943
17 34254 53944
17 34254 53945
17 34254 53946
17 34254 53947
17 34254 53948
17 34254 53949
17 34254 53950
17 34254 53951
17 34254 53952
17 34254 53953
17 34254 53954
17 34254 53955
17 34254 53956
17 34254 53957
17 34254 53958
17 34254 53959
17 34254 53960
17 34254 53961
17 34254 53962
17 34254 53963
17 34254 53964
17 34254 53965
17 34254 53966
17 34254 53967
17 34254 53968
17 34254 53969
17 34254 53970
17 34254 53971
17 34254 53972
17 34254 53973
17 34254 53974
17 34254 53975
17 34254 53976
17 34254 53977
17 34254 53978
17 34254 53979
17 34254 53980
17 34254 53981
17 34254 53982
17 34254 53983
17 34254 53984
17 34254 53985
17 34254 53986
17 34254 53987
17 34254 53988
17 34254 53989
17 34254 53990
17 34254 53991
17 34254 53992
17 34254 53993
17 34254 53994
17 34254 53995
17 34254 53996
17 34254 53997
17 34254 53998
17 34254 53999
17 34254 54000
17 34254 54001
17 34254 54002
17 34254 54003
17 34254 54004
17 34254 54005
17 34254 54006
17 34254 54007
17 34254 54008
17 34254 54009
17 34254 54010
17 34254 54011
17 34254 54012
17 34254 54013
17 34254 54014
17 34254 54015
17 34254 54016
17 34254 54017
17 34254 54018
17 34254 54019
17 34254 54020
17 34254 54021
17 34254 54022
17 34254 54023
17 34254 54024
17 34254 54025
17 34254 54026
17 34254 54027
17 34254 54028
17 34254 54029
17 34254 54030
17 34254 54031
17 34254 54032
17 34254 54033
17 34254 54034
17 34254 54035
17 34254 54036
17 34254 54037
17 34254 54038
17 34254 54039
17 34254 54040
17 34254 54041
17 34254 54042
17 34254 54043
17 34254 54044
17 34254 54045
17 34254 54046
17 34254 54047
17 34254 54048
17 34254 54049
17 34254 54050
17 34254 54051
17 34254 54052
17 34254 54053
17 34254 54054
17 34254 54055
17 34357 54028
17 34402 53958
18 68509 107883
18 68509 107884
18 68509 107885
18 68509 107886
18 68509 107887
18 68509 107888
18 68509 107889
18 68509 107890
18 68509 107891
18 68509 107892
18 68509 107893
18 68509 107894
18 68509 107895
18 68509 107896
18 68509 107897
18 68509 107898
18 68509 107899
18 68509 107900
18 68509 107901
18 68509 107902
18 68509 107903
18 68509 107904
18 68509 107905
18 68509 107906
18 68509 107907
18 68509 107908
18 68509 107909
18 68509 107910
18 68509 107911
18 68509 107912
18 68509 107913
18 68509 107914
18 68509 107915
18 68509 107916
18 68509 107917
18 68509 107918
18 68509 107919
18 68509 107920
18 68509 107921
18 68509 107922
18 68509 107923
18 68509 107924
18 68509 107925
18 68509 107926
18 68509 107927
18 68509 107928
18 68509 107929
18 68509 107930
18 68509 107931
18 68509 107932
18 68509 107933
18 68509 107934
18 68509 107935
18 68509 107936
18 68509 107937
18 68509 107938
18 68509 107939
18 68509 107940
18 68509 107941
18 68509 107942
18 68509 107943
18 68509 107944
18 68509 107945
18 68509 107946
18 68509 107947
18 68509 107948
18 68509 107949
18 68509 107950
18 68509 107951
18 68509 107952
18 68509 107953
18 68509 107954
18 68509 107955
18 68509 107956
18 68509 107957
18 68509 107958
18 68509 107959
18 68509 107960
18 68509 107961
18 68509 107962
18 68509 107963
18 68509 107964
18 68509 107965
18 68509 107966
18 68509 107967
18 68509 107968
18 68509 107969
18 68509 107970
18 68509 107971
18 68509 107972
18 68509 107973
18 68509 107974
18 68509 107975
18 68509 107976
18 68509 107977
18 68509 107978
18 68509 107979
18 68509 107980
18 68509 107981
18 68509 107982
18 68509 107983
18 68509 107984
18 68509 107985
18 68509 107986
18 68509 107987
18 68509 107988
18 68509 107989
18 68509 107990
18 68509 107991
18 68509 107992
18 68509 107993
18 68509 107994
18 68509 107995
18 68509 107996
18 68509 107997
18 68509 107998
18 68509 107999
18 68509 108000
18 68509 108001
18 68509 108002
18 68509 108003
18 68509 108004
18 68509 108005
18 68509 108006
18 68509 108007
18 68509 108008
18 68509 108009
18 68509 108010
18 68509 108011
18 68509 108012
18 68509 108013
18 68509 108014
18 68509 108015
18 68509 108016
18 68509 108017
18 68509 108018
18 68509 108019
18 68509 108020
18 68509 108021
18 68509 108022
18 68509 108023
18 68509 108024
18 68509 108025
18 68509 108026
18 68509 108027
18 68509 108028
18 68509 108029
18 68509 108030
18 68509 108031
18 68509 108032
18 68509 108033
18 68509 108034
18 68509 108035
18 68509 108036
18 68509 108037
18 68509 108038
18 68509 108039
18 68509 108040
18 68509 108041
18 68509 108042
18 68509 108043
18 68509 108044
18 68509 108045
18 68509 108046
18 68509 108047
18 68509 108048
18 68509 108049
18 68509 108050
18 68509 108051
18 68509 108052
18 68509 108053
18 68509 108054
18 68509 108055
18 68509 108056
18 68509 108057
18 68509 108058
18 68509 108059
18 68509 108060
18 68509 108061
18 68509 108062
18 68509 108063
18 68509 108064
18 68509 108065
18 68509 108066
18 68509 108067
18 68509 108068
18 68509 108069
18 68509 108070
18 68509 108071
18 68509 108072
18 68509 108073
18 68509 108074
18 68509 108075
18 68509 108076
18 68509 108077
18 68509 108078
18 68509 108079
18 68509 108080
18 68509 108081
18 68509 108082
18 68509 108083
18 68509 108084
18 68509 108085
18 68509 108086
18 68509 108087
18 68509 108088
18 68509 108089
18 68509 108090
18 68509 108091
18 68509 108092
18 68509 108093
18 68509 108094
18 68509 108095
18 68509 108096
18 68509 108097
18 68509 108098
18 68509 108099
18 68509 108100
18 68509 108101
18 68509 108102
18 68509 108103
18 68509 108104
18 68509 108105
18 68509 108106
18 68509 108107
18 68509 108108
18 68509 108109
18 68509 108110
18 68714 108056
18 68804 107917
3 2 3
4 4 6
4 4 6
5 8 13
5 8 13
6 16 26
6 16 26
7 33 52
7 33 52
8 66 105
8 66 105
8 67 105
8 67 105
