11 604 767
12 1209 1535
12 1209 1535
12 1209 1536
12 1209 1536
12 1209 1537
12 1209 1537
12 1209 1538
12 1209 1538
12 1210 1535
12 1210 1535
12 1210 1538
12 1210 1538
12 1212 1538
12 1212 1538
12 1213 1538
12 1213 1538
12 1214 1535
12 1214 1535
12 1214 1538
12 1214 1538
13 2418 3070
13 2418 3070
13 2418 3071
13 2418 3071
13 2418 3072
13 2418 3072
13 2418 3073
13 2418 3073
13 2418 3074
13 2418 3074
13 2418 3075
13 2418 3075
13 2418 3076
13 2418 3076
13 2418 3077
13 2418 3077
13 2419 3070
13 2419 3070
13 2419 3071
13 2419 3071
13 2419 3072
13 2419 3072
13 2419 3073
13 2419 3073
13 2419 3074
13 2419 3074
13 2419 3075
13 2419 3075
13 2419 3076
13 2419 3076
13 2419 3077
13 2419 3077
13 2420 3070
13 2420 3070
13 2420 3071
13 2420 3071
13 2420 3072
13 2420 3072
13 2420 3073
13 2420 3073
13 2420 3074
13 2420 3074
13 2420 3075
13 2420 3075
13 2420 3076
13 2420 3076
13 2420 3077
13 2420 3077
13 2421 3070
13 2421 3070
13 2421 3071
13 2421 3071
13 2421 3076
13 2421 3076
13 2421 3077
13 2421 3077
13 2422 3070
13 2422 3070
13 2422 3071
13 2422 3071
13 2422 3077
13 2422 3077
13 2423 3070
13 2423 3070
13 2423 3077
13 2423 3077
13 2424 3070
13 2424 3070
13 2424 3076
13 2424 3076
13 2424 3077
13 2424 3077
13 2425 3076
13 2425 3076
13 2425 3077
13 2425 3077
13 2426 3075
13 2426 3075
13 2426 3076
13 2426 3076
13 2426 3077
13 2426 3077
13 2427 3075
13 2427 3075
13 2427 3076
13 2427 3076
13 2427 3077
13 2427 3077
13 2428 3070
13 2428 3070
13 2428 3071
13 2428 3071
13 2428 3075
13 2428 3075
13 2428 3076
13 2428 3076
13 2428 3077
13 2428 3077
14 4837 6140
14 4837 6141
14 4837 6142
14 4837 6143
14 4837 6144
14 4837 6145
14 4837 6146
14 4837 6147
14 4837 6148
14 4837 6149
14 4837 6150
14 4837 6151
14 4837 6152
14 4837 6153
14 4837 6154
15 9675 12281
15 9675 12282
15 9675 12283
15 9675 12284
15 9675 12285
15 9675 12286
15 9675 12287
15 9675 12288
15 9675 12289
15 9675 12290
15 9675 12291
15 9675 12292
15 9675 12293
15 9675 12294
15 9675 12295
15 9675 12296
15 9675 12297
15 9675 12298
15 9675 12299
15 9675 12300
15 9675 12301
15 9675 12302
15 9675 12303
15 9675 12304
15 9675 12305
15 9675 12306
15 9675 12307
15 9675 12308
15 9675 12309
16 19351 24562
16 19351 24563
16 19351 24564
16 19351 24565
16 19351 24566
16 19351 24567
16 19351 24568
16 19351 24569
16 19351 24570
16 19351 24571
16 19351 24572
16 19351 24573
16 19351 24574
16 19351 24575
16 19351 24576
16 19351 24577
16 19351 24578
16 19351 24579
16 19351 24580
16 19351 24581
16 19351 24582
16 19351 24583
16 19351 24584
16 19351 24585
16 19351 24586
16 19351 24587
16 19351 24588
16 19351 24589
16 19351 24590
16 19351 24591
16 19351 24592
16 19351 24593
16 19351 24594
16 19351 24595
16 19351 24596
16 19351 24597
16 19351 24598
16 19351 24599
16 19351 24600
16 19351 24601
16 19351 24602
16 19351 24603
16 19351 24604
16 19351 24605
16 19351 24606
16 19351 24607
16 19351 24608
16 19351 24609
16 19351 24610
16 19351 24611
16 19351 24612
16 19351 24613
16 19351 24614
16 19351 24615
16 19351 24616
16 19351 24617
16 19351 24618
17 38702 49124
18 77404 98249
3 2 2
4 4 5
4 4 5
4 4 6
4 4 6
5 9 11
5 9 11
5 9 12
5 9 12
6 18 23
6 18 23
6 18 24
6 18 24
7 37 47
7 37 47
7 37 48
7 37 48
