13 2387 3105
13 2387 3105
14 4773 6211
14 4774 6210
15 9545 12421
15 9545 12422
15 9545 12423
15 9548 12420
15 9551 12406
15 9551 12407
15 9551 12408
15 9551 12409
15 9551 12410
15 9551 12411
15 9551 12412
15 9551 12413
15 9551 12414
15 9551 12415
15 9551 12416
15 9551 12417
15 9551 12418
15 9551 12419
16 19074 24812
16 19074 24847
16 19089 24842
16 19089 24843
16 19089 24844
16 19089 24845
16 19089 24846
16 19090 24841
16 19095 24840
16 19098 24839
16 19102 24813
16 19102 24814
16 19102 24815
16 19102 24816
16 19102 24817
16 19102 24818
16 19102 24819
16 19102 24820
16 19102 24821
16 19102 24822
16 19102 24823
16 19102 24824
16 19102 24825
16 19102 24826
16 19102 24827
16 19102 24828
16 19102 24829
16 19102 24830
16 19102 24831
16 19102 24832
16 19102 24833
16 19102 24834
16 19102 24835
16 19102 24836
16 19102 24837
16 19102 24838
17 38148 49625
17 38148 49626
17 38148 49627
17 38148 49628
17 38148 49629
17 38148 49630
17 38148 49631
17 38148 49632
17 38148 49633
17 38148 49634
17 38148 49635
17 38148 49636
17 38148 49637
17 38148 49638
17 38148 49639
17 38148 49640
17 38148 49641
17 38148 49642
17 38148 49643
17 38148 49644
17 38148 49645
17 38148 49646
17 38148 49647
17 38148 49648
17 38148 49649
17 38148 49650
17 38148 49651
17 38148 49652
17 38148 49653
17 38148 49654
17 38148 49655
17 38148 49656
17 38148 49657
17 38148 49658
17 38148 49659
17 38148 49660
17 38148 49661
17 38148 49662
17 38148 49663
17 38148 49664
17 38148 49665
17 38148 49666
17 38148 49667
17 38148 49668
17 38148 49669
17 38148 49670
17 38148 49671
17 38148 49672
17 38148 49673
17 38148 49674
17 38148 49675
17 38148 49676
17 38148 49677
17 38148 49678
17 38148 49679
17 38148 49680
17 38148 49681
17 38148 49682
17 38148 49683
17 38148 49684
17 38148 49685
17 38148 49686
17 38148 49687
17 38148 49688
17 38148 49689
17 38148 49690
17 38148 49691
17 38148 49692
17 38148 49693
17 38148 49694
18 76296 99251
3 2 3
4 4 6
4 4 6
5 9 12
5 9 12
6 18 24
6 18 24
7 37 48
7 37 48
8 74 96
8 74 96
8 74 97
8 74 97
9 149 193
9 149 193
9 149 194
9 149 194
