13 2356 3189
13 2356 3190
13 2356 3191
13 2356 3192
13 2356 3193
13 2356 3194
13 2356 3195
13 2356 3196
13 2356 3197
13 2356 3198
13 2356 3199
13 2356 3200
13 2356 3201
13 2356 3202
13 2356 3203
13 2356 3204
13 2356 3205
13 2356 3206
13 2356 3207
13 2357 3189
13 2357 3207
13 2358 3189
13 2358 3207
13 2359 3189
13 2359 3207
13 2360 3189
13 2360 3207
13 2361 3189
13 2361 3207
13 2362 3189
13 2362 3207
13 2363 3189
13 2363 3207
13 2364 3189
13 2364 3207
13 2365 3189
13 2365 3207
13 2366 3189
13 2366 3207
13 2367 3189
13 2367 3207
13 2368 3189
13 2368 3207
13 2369 3189
13 2369 3207
13 2370 3189
13 2370 3207
13 2371 3189
13 2371 3207
13 2372 3189
13 2372 3207
13 2373 3189
13 2373 3207
13 2374 3189
13 2374 3207
13 2375 3189
13 2375 3207
13 2376 3189
13 2376 3207
13 2377 3189
13 2377 3207
13 2378 3189
13 2378 3190
13 2378 3191
13 2378 3192
13 2378 3193
13 2378 3194
13 2378 3195
13 2378 3196
13 2378 3197
13 2378 3198
13 2378 3199
13 2378 3200
13 2378 3201
13 2378 3202
13 2378 3203
13 2378 3204
13 2378 3205
13 2378 3206
13 2378 3207
