12 985 1686
12 985 1686
12 987 1688
12 987 1688
13 1971 3372
13 1971 3372
13 1971 3373
13 1971 3373
13 1971 3374
13 1971 3374
13 1972 3372
13 1972 3372
13 1972 3373
13 1972 3373
13 1973 3372
13 1973 3372
13 1973 3376
13 1973 3376
13 1974 3375
13 1974 3375
13 1974 3376
13 1974 3376
13 1975 3374
13 1975 3374
13 1975 3375
13 1975 3375
13 1975 3376
13 1975 3376
14 3942 6744
14 3942 6745
14 3942 6746
14 3942 6747
14 3942 6748
14 3942 6749
14 3942 6750
14 3942 6751
14 3942 6753
14 3946 6752
15 7885 13488
15 7885 13489
15 7885 13490
15 7885 13491
15 7885 13492
15 7885 13493
15 7885 13494
15 7885 13495
15 7885 13496
15 7885 13497
15 7885 13498
15 7885 13499
15 7885 13500
15 7885 13501
15 7885 13502
15 7885 13505
15 7885 13506
15 7885 13507
15 7892 13504
15 7893 13503
16 15771 26976
16 15771 26977
16 15771 26978
16 15771 26979
16 15771 26980
16 15771 26981
16 15771 26982
16 15771 26983
16 15771 26984
16 15771 26985
16 15771 26986
16 15771 26987
16 15771 26988
16 15771 26989
16 15771 26990
16 15771 26991
16 15771 26992
16 15771 26993
16 15771 26994
16 15771 26995
16 15771 26996
16 15771 26997
16 15771 26998
16 15771 26999
16 15771 27000
16 15771 27001
16 15771 27002
16 15771 27003
16 15771 27004
16 15771 27005
16 15771 27006
16 15771 27009
16 15771 27010
16 15771 27011
16 15771 27012
16 15771 27013
16 15771 27014
16 15784 27008
16 15785 27007
17 31543 53952
17 31543 53953
17 31543 53954
17 31543 53955
17 31543 53956
17 31543 53957
17 31543 53958
17 31543 53959
17 31543 53960
17 31543 53961
17 31543 53962
17 31543 53963
17 31543 53964
17 31543 53965
17 31543 53966
17 31543 53967
17 31543 53968
17 31543 53969
17 31543 53970
17 31543 53971
17 31543 53972
17 31543 53973
17 31543 53974
17 31543 53975
17 31543 53976
17 31543 53977
17 31543 53978
17 31543 53979
17 31543 53980
17 31543 53981
17 31543 53982
17 31543 53983
17 31543 53984
17 31543 53985
17 31543 53986
17 31543 53987
17 31543 53988
17 31543 53989
17 31543 53990
17 31543 53991
17 31543 53992
17 31543 53993
17 31543 53994
17 31543 53995
17 31543 53996
17 31543 53997
17 31543 53998
17 31543 53999
17 31543 54000
17 31543 54001
17 31543 54002
17 31543 54003
17 31543 54004
17 31543 54005
17 31543 54006
17 31543 54007
17 31543 54008
17 31543 54009
17 31543 54010
17 31543 54011
17 31543 54012
17 31543 54013
17 31543 54014
17 31543 54017
17 31543 54018
17 31543 54019
17 31543 54020
17 31543 54021
17 31543 54022
17 31543 54023
17 31543 54024
17 31543 54025
17 31543 54026
17 31543 54027
17 31543 54028
17 31568 54015
17 31568 54016
18 63086 107905
3 1 3
4 3 6
4 3 6
5 7 13
5 7 13
6 15 26
6 15 26
7 30 52
7 30 52
8 61 105
8 61 105
9 123 210
9 123 210
9 123 211
9 123 211
