12 1093 1719
12 1108 1726
12 1108 1729
12 1108 1730
12 1108 1731
12 1108 1732
12 1108 1733
12 1109 1726
12 1109 1731
12 1109 1732
12 1109 1733
12 1110 1733
12 1111 1726
12 1111 1727
12 1112 1726
12 1112 1727
12 1112 1728
12 1112 1729
12 1112 1733
12 1113 1726
12 1113 1727
12 1113 1728
12 1113 1729
12 1113 1730
12 1113 1731
12 1113 1733
13 2187 3438
4 4 6
5 8 13
6 17 26
6 17 27
7 34 53
7 34 54
8 69 107
8 69 108
9 136 214
9 139 215
13 2216 3453
13 2216 3454
13 2216 3457
13 2216 3458
13 2216 3459
13 2216 3460
13 2216 3461
13 2216 3462
13 2216 3463
13 2216 3464
13 2216 3465
13 2216 3466
13 2216 3467
13 2217 3453
13 2217 3454
13 2217 3458
13 2217 3459
13 2217 3460
13 2217 3461
13 2217 3462
13 2217 3463
13 2217 3464
13 2217 3465
13 2217 3466
13 2217 3467
13 2218 3453
13 2218 3460
13 2218 3461
13 2218 3462
13 2218 3463
13 2218 3464
13 2218 3465
13 2218 3466
13 2218 3467
13 2219 3453
13 2219 3462
13 2219 3463
13 2219 3464
13 2219 3465
13 2219 3466
13 2219 3467
13 2220 3464
13 2220 3465
13 2220 3466
13 2220 3467
13 2221 3453
13 2221 3454
13 2221 3466
13 2221 3467
13 2222 3453
13 2222 3454
13 2222 3455
13 2222 3467
13 2223 3453
13 2223 3454
13 2223 3455
13 2223 3456
13 2223 3457
13 2223 3467
13 2224 3453
13 2224 3454
13 2224 3455
13 2224 3456
13 2224 3457
13 2224 3458
13 2224 3459
13 2224 3466
13 2224 3467
13 2225 3453
13 2225 3454
13 2225 3455
13 2225 3456
13 2225 3457
13 2225 3458
13 2225 3459
13 2225 3460
13 2225 3461
13 2225 3466
13 2225 3467
13 2226 3453
13 2226 3454
13 2226 3455
13 2226 3456
13 2226 3457
13 2226 3458
13 2226 3459
13 2226 3460
13 2226 3461
13 2226 3462
13 2226 3463
13 2226 3465
13 2226 3466
13 2226 3467
13 2227 3453
13 2227 3454
13 2227 3455
13 2227 3456
13 2227 3457
13 2227 3458
13 2227 3459
13 2227 3460
13 2227 3461
13 2227 3462
13 2227 3463
13 2227 3464
13 2227 3465
13 2227 3466
13 2227 3467
4 4 6
9 136 214
