11 482 847
11 482 847
12 965 1692
12 965 1692
12 965 1694
12 965 1694
12 967 1692
12 967 1692
13 1931 3385
13 1931 3385
13 1931 3387
13 1931 3387
13 1931 3388
13 1931 3388
13 1931 3389
13 1931 3389
13 1932 3388
13 1932 3388
13 1932 3389
13 1932 3389
13 1933 3389
13 1933 3389
13 1934 3385
13 1934 3385
13 1934 3389
13 1934 3389
13 1935 3385
13 1935 3385
13 1935 3386
13 1935 3386
13 1935 3389
13 1935 3389
14 3863 6770
14 3863 6771
14 3863 6773
14 3863 6774
14 3863 6775
14 3863 6776
14 3863 6777
14 3863 6778
14 3869 6772
15 7727 13540
15 7727 13541
15 7727 13542
15 7727 13543
15 7727 13545
15 7727 13546
15 7727 13547
15 7727 13548
15 7727 13549
15 7727 13550
15 7727 13551
15 7727 13552
15 7727 13553
15 7727 13554
15 7727 13555
15 7727 13556
15 7737 13544
16 15455 27081
16 15455 27082
16 15455 27083
16 15455 27084
16 15455 27085
16 15455 27086
16 15455 27087
16 15455 27090
16 15455 27091
16 15455 27092
16 15455 27093
16 15455 27094
16 15455 27095
16 15455 27096
16 15455 27097
16 15455 27098
16 15455 27099
16 15455 27100
16 15455 27101
16 15455 27102
16 15455 27103
16 15455 27104
16 15455 27105
16 15455 27106
16 15455 27107
16 15455 27108
16 15455 27109
16 15455 27110
16 15455 27111
16 15455 27112
16 15473 27088
16 15473 27089
17 30910 54162
17 30910 54163
17 30910 54164
17 30910 54165
17 30910 54166
17 30910 54167
17 30910 54168
17 30910 54169
17 30910 54170
17 30910 54171
17 30910 54172
17 30910 54173
17 30910 54174
17 30910 54175
17 30910 54176
17 30910 54177
17 30910 54178
17 30910 54179
17 30910 54180
17 30910 54181
17 30910 54182
17 30910 54183
17 30910 54184
17 30910 54185
17 30910 54186
17 30910 54187
17 30910 54188
17 30910 54189
17 30910 54190
17 30910 54191
17 30910 54192
17 30910 54193
17 30910 54194
17 30910 54195
17 30910 54196
17 30910 54197
17 30910 54198
17 30910 54199
17 30910 54200
17 30910 54201
17 30910 54202
17 30910 54203
17 30910 54204
17 30910 54205
17 30910 54206
17 30910 54207
17 30910 54208
17 30910 54209
17 30910 54210
17 30910 54211
17 30910 54212
17 30910 54213
17 30910 54214
17 30910 54215
17 30910 54216
17 30910 54217
17 30910 54218
17 30910 54219
17 30910 54220
17 30910 54221
17 30910 54222
17 30910 54223
17 30910 54224
18 61821 108324
3 1 3
4 3 6
4 3 6
5 7 13
5 7 13
6 15 26
6 15 26
7 30 52
7 30 52
8 60 105
8 60 105
