10 296 394
11 593 788
12 1187 1577
12 1187 1577
12 1187 1578
12 1187 1578
12 1187 1579
12 1187 1579
12 1188 1579
12 1188 1579
12 1189 1579
12 1189 1579
12 1190 1579
12 1190 1579
13 2375 3154
13 2375 3154
13 2375 3155
13 2375 3155
13 2375 3156
13 2375 3156
13 2375 3157
13 2375 3157
13 2375 3158
13 2375 3158
13 2376 3158
13 2376 3158
13 2377 3158
13 2377 3158
13 2378 3158
13 2378 3158
13 2379 3158
13 2379 3158
13 2380 3158
13 2380 3158
14 4751 6308
14 4751 6309
14 4751 6310
14 4751 6311
14 4751 6312
14 4751 6313
14 4751 6314
14 4751 6315
14 4751 6316
15 9503 12616
15 9503 12617
15 9503 12618
15 9503 12619
15 9503 12620
15 9503 12621
15 9503 12622
15 9503 12623
15 9503 12624
15 9503 12625
15 9503 12626
15 9503 12627
15 9503 12628
15 9503 12629
15 9503 12630
15 9503 12631
15 9503 12632
15 9503 12633
16 19006 25233
16 19006 25234
16 19006 25235
16 19006 25236
16 19006 25237
16 19006 25238
16 19006 25239
16 19006 25240
16 19006 25241
16 19006 25242
16 19006 25243
16 19006 25244
16 19006 25245
16 19006 25246
16 19006 25247
16 19006 25248
16 19006 25249
16 19006 25250
16 19006 25251
16 19006 25252
16 19006 25253
16 19006 25254
16 19006 25255
16 19006 25256
16 19006 25257
16 19006 25258
16 19006 25259
16 19006 25260
16 19006 25261
16 19006 25262
16 19006 25263
16 19006 25264
16 19006 25265
16 19006 25266
17 38012 50467
17 38012 50468
17 38012 50469
17 38012 50470
17 38012 50471
17 38012 50472
17 38012 50473
17 38012 50474
17 38012 50475
17 38012 50476
17 38012 50477
17 38012 50478
17 38012 50479
17 38012 50480
17 38012 50481
17 38012 50482
17 38012 50483
17 38012 50484
17 38012 50485
17 38012 50486
17 38012 50487
17 38012 50488
17 38012 50489
17 38012 50490
17 38012 50491
17 38012 50492
17 38012 50493
17 38012 50494
17 38012 50495
17 38012 50496
17 38012 50497
17 38012 50498
17 38012 50499
17 38012 50500
17 38012 50501
17 38012 50502
17 38012 50503
17 38012 50504
17 38012 50505
17 38012 50506
17 38012 50507
17 38012 50508
17 38012 50509
17 38012 50510
17 38012 50511
17 38012 50512
17 38012 50513
17 38012 50514
17 38012 50515
17 38012 50516
17 38012 50517
17 38012 50518
17 38012 50519
17 38012 50520
17 38012 50521
17 38012 50522
17 38012 50523
17 38012 50524
17 38012 50525
17 38012 50526
17 38012 50527
17 38012 50528
17 38012 50529
17 38012 50530
17 38012 50531
17 38012 50532
18 76024 100935
3 2 3
4 4 6
4 4 6
5 9 12
5 9 12
6 18 24
6 18 24
