12 1176 1564
12 1176 1564
12 1177 1564
12 1177 1564
12 1178 1564
12 1178 1564
12 1179 1564
12 1179 1564
12 1180 1564
12 1180 1564
12 1181 1564
12 1181 1564
12 1182 1564
12 1182 1564
13 2352 3129
13 2352 3129
13 2352 3139
13 2352 3139
13 2353 3129
13 2353 3129
13 2353 3139
13 2353 3139
13 2354 3129
13 2354 3129
13 2354 3139
13 2354 3139
13 2355 3129
13 2355 3129
13 2355 3139
13 2355 3139
13 2356 3129
13 2356 3129
13 2356 3139
13 2356 3139
13 2357 3129
13 2357 3129
13 2357 3139
13 2357 3139
13 2358 3129
13 2358 3129
13 2358 3139
13 2358 3139
13 2359 3129
13 2359 3129
13 2359 3139
13 2359 3139
13 2360 3129
13 2360 3129
13 2360 3139
13 2360 3139
13 2361 3129
13 2361 3129
13 2361 3139
13 2361 3139
13 2362 3129
13 2362 3129
13 2362 3139
13 2362 3139
13 2363 3129
13 2363 3129
13 2363 3139
13 2363 3139
13 2364 3129
13 2364 3129
13 2364 3139
13 2364 3139
13 2365 3129
13 2365 3129
13 2365 3139
13 2365 3139
14 4705 6259
14 4705 6267
14 4705 6268
14 4705 6278
14 4718 6259
14 4719 6259
14 4720 6259
14 4721 6259
14 4722 6259
14 4723 6259
15 9410 12519
15 9410 12520
15 9410 12521
15 9410 12522
15 9410 12523
15 9410 12527
15 9410 12528
15 9410 12529
15 9410 12530
15 9410 12531
15 9410 12532
15 9410 12533
15 9410 12534
15 9410 12535
15 9410 12536
15 9410 12537
15 9410 12538
15 9410 12539
15 9410 12540
15 9410 12541
15 9410 12542
15 9410 12543
15 9410 12544
15 9410 12545
15 9410 12546
15 9410 12547
15 9410 12548
15 9410 12549
15 9410 12550
15 9410 12551
15 9410 12552
15 9410 12553
15 9410 12554
15 9410 12555
15 9410 12556
16 18820 25039
16 18820 25040
16 18820 25041
16 18820 25042
16 18820 25043
16 18820 25044
16 18820 25045
16 18820 25046
16 18820 25047
16 18820 25048
16 18820 25049
16 18820 25050
16 18820 25051
16 18820 25052
16 18820 25053
16 18820 25054
16 18820 25055
16 18820 25056
16 18820 25057
16 18820 25058
16 18820 25059
16 18820 25060
16 18820 25061
16 18820 25062
16 18820 25063
16 18820 25064
16 18820 25065
16 18820 25066
16 18820 25067
16 18820 25068
16 18820 25069
16 18820 25070
16 18820 25071
16 18820 25072
16 18820 25073
16 18820 25074
16 18820 25075
16 18820 25076
16 18820 25077
16 18820 25078
16 18820 25079
16 18820 25080
16 18820 25081
16 18820 25082
16 18820 25083
16 18820 25084
16 18820 25085
16 18820 25086
16 18820 25087
16 18820 25088
16 18820 25089
16 18820 25090
16 18820 25091
16 18820 25092
16 18820 25093
16 18820 25094
16 18820 25095
16 18820 25096
16 18820 25097
16 18820 25098
16 18820 25099
16 18820 25100
16 18820 25101
16 18820 25102
16 18820 25103
16 18820 25104
16 18820 25105
16 18820 25106
16 18820 25107
16 18820 25108
16 18820 25109
16 18820 25110
16 18820 25111
16 18820 25112
16 18820 25113
16 18837 25050
16 18837 25081
16 18838 25076
16 18880 25052
16 18883 25109
17 37641 50078
17 37641 50079
17 37641 50080
17 37641 50081
17 37641 50082
17 37641 50083
17 37641 50084
17 37641 50085
17 37641 50086
17 37641 50087
17 37641 50088
17 37641 50089
17 37641 50090
17 37641 50091
17 37641 50092
17 37641 50093
17 37641 50094
17 37641 50095
17 37641 50096
17 37641 50097
17 37641 50098
17 37641 50099
17 37641 50100
17 37641 50101
17 37641 50102
17 37641 50103
17 37641 50104
17 37641 50105
17 37641 50106
17 37641 50107
17 37641 50108
17 37641 50109
17 37641 50110
17 37641 50111
17 37641 50112
17 37641 50113
17 37641 50114
17 37641 50115
17 37641 50116
17 37641 50117
17 37641 50118
17 37641 50119
17 37641 50120
17 37641 50121
17 37641 50122
17 37641 50123
17 37641 50124
17 37641 50125
17 37641 50126
17 37641 50127
17 37641 50128
17 37641 50129
17 37641 50130
17 37641 50131
17 37641 50132
17 37641 50133
17 37641 50134
17 37641 50135
17 37641 50136
17 37641 50137
17 37641 50138
17 37641 50139
17 37641 50140
17 37641 50141
17 37641 50142
17 37641 50143
17 37641 50144
17 37641 50145
17 37641 50146
17 37641 50147
17 37641 50148
17 37641 50149
17 37641 50150
17 37641 50151
17 37641 50152
17 37641 50153
17 37641 50154
17 37641 50155
17 37641 50156
17 37641 50157
17 37641 50158
17 37641 50159
17 37641 50160
17 37641 50161
17 37641 50162
17 37641 50163
17 37641 50164
17 37641 50165
17 37641 50166
17 37641 50167
17 37641 50168
17 37641 50169
17 37641 50170
17 37641 50171
17 37641 50172
17 37641 50173
17 37641 50174
17 37641 50175
17 37641 50176
17 37641 50177
17 37641 50178
17 37641 50179
17 37641 50180
17 37641 50181
17 37641 50182
17 37641 50183
17 37641 50184
17 37641 50185
17 37641 50186
17 37641 50187
17 37641 50188
17 37641 50189
17 37641 50190
17 37641 50191
17 37641 50192
17 37641 50193
17 37641 50194
17 37641 50195
17 37641 50196
17 37641 50197
17 37641 50198
17 37641 50199
17 37641 50200
17 37641 50201
17 37641 50202
17 37641 50203
17 37641 50204
17 37641 50205
17 37641 50206
17 37641 50207
17 37641 50208
17 37641 50209
17 37641 50210
17 37641 50211
17 37641 50212
17 37641 50213
17 37641 50214
17 37641 50215
17 37641 50216
17 37641 50217
17 37641 50218
17 37641 50219
17 37641 50220
17 37641 50221
17 37641 50222
17 37641 50223
17 37641 50224
17 37641 50225
17 37641 50226
17 37675 50100
17 37675 50163
17 37676 50153
17 37767 50218
18 75282 100156
18 75350 100201
18 75351 100326
18 75352 100306
18 75534 100437
3 2 3
4 4 6
4 4 6
5 9 12
5 9 12
6 18 24
6 18 24
7 36 48
7 36 48
7 36 49
7 36 49
