11 562 876
11 563 876
11 565 876
12 1125 1753
12 1125 1753
12 1125 1754
12 1125 1754
12 1125 1755
12 1125 1755
12 1125 1756
12 1125 1756
12 1125 1757
12 1125 1757
12 1125 1758
12 1125 1758
12 1126 1753
12 1126 1753
12 1126 1754
12 1126 1754
12 1126 1758
12 1126 1758
12 1127 1753
12 1127 1753
12 1127 1754
12 1127 1754
12 1128 1753
12 1128 1753
12 1128 1758
12 1128 1758
12 1129 1753
12 1129 1753
12 1129 1758
12 1129 1758
12 1130 1753
12 1130 1753
12 1130 1757
12 1130 1757
12 1130 1758
12 1130 1758
12 1131 1753
12 1131 1753
12 1131 1754
12 1131 1754
12 1131 1757
12 1131 1757
12 1131 1758
12 1131 1758
13 2251 3507
13 2251 3507
13 2251 3508
13 2251 3508
13 2251 3509
13 2251 3509
13 2251 3510
13 2251 3510
13 2251 3511
13 2251 3511
13 2251 3512
13 2251 3512
13 2251 3513
13 2251 3513
13 2251 3514
13 2251 3514
13 2251 3515
13 2251 3515
13 2251 3516
13 2251 3516
13 2252 3507
13 2252 3507
13 2252 3508
13 2252 3508
13 2252 3509
13 2252 3509
13 2252 3510
13 2252 3510
13 2252 3511
13 2252 3511
13 2252 3514
13 2252 3514
13 2252 3515
13 2252 3515
13 2252 3516
13 2252 3516
13 2253 3507
13 2253 3507
13 2253 3508
13 2253 3508
13 2253 3509
13 2253 3509
13 2253 3510
13 2253 3510
13 2253 3515
13 2253 3515
13 2253 3516
13 2253 3516
13 2254 3507
13 2254 3507
13 2254 3508
13 2254 3508
13 2254 3509
13 2254 3509
13 2255 3507
13 2255 3507
13 2255 3508
13 2255 3508
13 2255 3509
13 2255 3509
13 2256 3507
13 2256 3507
13 2256 3508
13 2256 3508
13 2256 3516
13 2256 3516
13 2257 3507
13 2257 3507
13 2257 3508
13 2257 3508
13 2257 3516
13 2257 3516
13 2258 3507
13 2258 3507
13 2258 3515
13 2258 3515
13 2258 3516
13 2258 3516
13 2259 3507
13 2259 3507
13 2259 3515
13 2259 3515
13 2259 3516
13 2259 3516
13 2260 3507
13 2260 3507
13 2260 3514
13 2260 3514
13 2260 3515
13 2260 3515
13 2260 3516
13 2260 3516
13 2261 3507
13 2261 3507
13 2261 3508
13 2261 3508
13 2261 3509
13 2261 3509
13 2261 3513
13 2261 3513
13 2261 3514
13 2261 3514
13 2261 3515
13 2261 3515
13 2261 3516
13 2261 3516
13 2262 3507
13 2262 3507
13 2262 3508
13 2262 3508
13 2262 3509
13 2262 3509
13 2262 3510
13 2262 3510
13 2262 3513
13 2262 3513
13 2262 3514
13 2262 3514
13 2262 3515
13 2262 3515
13 2262 3516
13 2262 3516
14 4503 7014
14 4503 7015
14 4503 7016
14 4503 7017
14 4503 7018
14 4503 7019
14 4503 7020
14 4503 7021
14 4503 7022
14 4503 7023
14 4503 7024
14 4503 7025
14 4503 7026
14 4503 7027
14 4503 7028
14 4503 7029
14 4503 7030
14 4503 7031
14 4503 7032
14 4503 7033
14 4504 7029
14 4505 7023
14 4505 7028
14 4505 7029
14 4506 7029
14 4507 7016
14 4507 7031
14 4507 7032
14 4511 7014
14 4516 7016
14 4522 7014
14 4522 7016
14 4522 7018
14 4522 7019
14 4523 7016
14 4523 7019
14 4524 7015
14 4524 7017
15 9007 14029
15 9007 14030
15 9007 14031
15 9007 14032
15 9007 14033
15 9007 14034
15 9007 14035
15 9007 14036
15 9007 14037
15 9007 14038
15 9007 14039
15 9007 14040
15 9007 14041
15 9007 14042
15 9007 14043
15 9007 14044
15 9007 14045
15 9007 14046
15 9007 14047
15 9007 14048
15 9007 14049
15 9007 14050
15 9007 14051
15 9007 14052
15 9007 14053
15 9007 14054
15 9007 14055
15 9007 14056
15 9007 14057
15 9007 14058
15 9007 14059
15 9007 14060
15 9007 14061
15 9007 14062
15 9007 14063
15 9007 14064
15 9007 14065
15 9007 14066
15 9007 14067
15 9009 14059
15 9010 14057
15 9010 14059
15 9011 14047
15 9012 14056
15 9012 14058
15 9012 14059
15 9013 14057
15 9015 14033
15 9015 14063
15 9015 14065
15 9023 14029
15 9033 14032
15 9041 14033
15 9044 14029
15 9044 14038
15 9045 14032
15 9045 14036
15 9046 14032
15 9046 14039
15 9049 14031
15 9049 14034
16 18015 28059
16 18015 28060
16 18015 28061
16 18015 28062
16 18015 28063
16 18015 28064
16 18015 28065
16 18015 28066
16 18015 28067
16 18015 28068
16 18015 28069
16 18015 28070
16 18015 28071
16 18015 28072
16 18015 28073
16 18015 28074
16 18015 28075
16 18015 28076
16 18015 28077
16 18015 28078
16 18015 28079
16 18015 28080
16 18015 28081
16 18015 28082
16 18015 28083
16 18015 28084
16 18015 28085
16 18015 28086
16 18015 28087
16 18015 28088
16 18015 28089
16 18015 28090
16 18015 28091
16 18015 28092
16 18015 28093
16 18015 28094
16 18015 28095
16 18015 28096
16 18015 28097
16 18015 28098
16 18015 28099
16 18015 28100
16 18015 28101
16 18015 28102
16 18015 28103
16 18015 28104
16 18015 28105
16 18015 28106
16 18015 28107
16 18015 28108
16 18015 28109
16 18015 28110
16 18015 28111
16 18015 28112
16 18015 28113
16 18015 28114
16 18015 28115
16 18015 28116
16 18015 28117
16 18015 28118
16 18015 28119
16 18015 28120
16 18015 28121
16 18015 28122
16 18015 28123
16 18015 28124
16 18015 28125
16 18015 28126
16 18015 28127
16 18015 28128
16 18015 28129
16 18015 28130
16 18015 28131
16 18015 28132
16 18015 28133
16 18015 28134
16 18019 28118
16 18021 28114
16 18021 28119
16 18023 28095
16 18024 28113
16 18024 28118
16 18025 28116
16 18026 28115
16 18030 28130
16 18031 28066
16 18031 28126
16 18047 28059
16 18067 28065
16 18070 28068
16 18083 28066
16 18088 28077
16 18089 28059
16 18090 28073
16 18091 28064
16 18092 28079
16 18093 28065
16 18098 28063
16 18098 28069
17 36030 56118
18 72061 112236
3 2 3
4 4 6
4 4 6
5 8 13
5 8 13
6 17 27
6 17 27
7 35 54
7 35 54
8 70 109
8 70 109
