11 325 715
11 325 716
11 325 717
11 326 715
11 326 716
11 326 717
11 327 715
11 327 716
11 327 717
11 328 715
11 328 716
11 328 717
11 329 713
11 329 714
11 329 715
11 329 716
11 329 717
11 330 713
11 330 714
11 330 715
11 330 716
11 330 717
11 331 714
11 331 715
11 331 716
11 332 714
11 332 715
11 332 716
12 653 1430
12 653 1431
12 653 1432
12 653 1433
12 654 1430
12 654 1431
12 654 1432
12 654 1433
12 655 1430
12 655 1431
12 655 1432
12 655 1433
12 656 1430
12 656 1431
12 656 1432
12 656 1433
12 657 1428
12 657 1429
12 657 1430
12 657 1431
12 657 1432
12 657 1433
12 658 1428
12 658 1429
12 658 1430
12 658 1431
12 658 1432
12 658 1433
12 659 1428
12 659 1429
12 659 1430
12 659 1431
13 1310 2860
13 1310 2862
13 1310 2863
13 1310 2864
13 1311 2860
13 1311 2862
13 1311 2863
13 1311 2864
13 1312 2860
13 1313 2860
13 1314 2857
13 1314 2858
13 1314 2859
13 1314 2860
13 1315 2857
13 1315 2858
13 1315 2859
13 1315 2860
14 2621 5726
14 2621 5727
14 2622 5725
14 2622 5726
14 2622 5727
15 5240 11446
16 10477 22837
17 20963 45783
4 2 5
5 5 11
6 10 22
7 20 44
