12 1231 1529
12 1231 1529
13 2460 3059
13 2460 3059
13 2462 3059
13 2462 3059
13 2462 3060
13 2462 3060
14 4920 6119
14 4920 6122
14 4920 6123
14 4924 6120
14 4924 6121
15 9840 12239
15 9840 12240
15 9840 12241
15 9840 12242
15 9840 12243
15 9840 12244
15 9840 12245
15 9840 12246
15 9840 12247
15 9841 12244
15 9842 12246
16 19681 24478
16 19681 24479
16 19681 24480
16 19681 24481
16 19681 24482
16 19681 24483
16 19681 24484
16 19681 24485
16 19681 24486
16 19681 24487
16 19681 24488
16 19681 24489
16 19681 24490
16 19681 24491
16 19681 24492
16 19681 24493
16 19681 24494
16 19682 24484
16 19682 24486
16 19682 24487
16 19682 24488
16 19683 24483
16 19683 24484
16 19683 24489
16 19685 24492
16 19685 24493
16 19686 24493
16 19687 24486
16 19687 24491
16 19690 24484
16 19690 24485
16 19690 24486
16 19691 24479
16 19691 24486
16 19691 24487
17 39363 48957
17 39363 48958
17 39363 48959
17 39363 48960
17 39363 48961
17 39363 48962
17 39363 48963
17 39363 48964
17 39363 48965
17 39363 48966
17 39363 48967
17 39363 48968
17 39363 48969
17 39363 48970
17 39363 48971
17 39363 48972
17 39363 48973
17 39363 48974
17 39363 48975
17 39363 48976
17 39363 48977
17 39363 48978
17 39363 48979
17 39363 48980
17 39363 48981
17 39363 48982
17 39363 48983
17 39363 48984
17 39363 48985
17 39363 48986
17 39363 48987
17 39363 48988
17 39363 48989
17 39364 48974
17 39364 48976
17 39365 48968
17 39365 48973
17 39366 48979
17 39367 48967
17 39367 48969
17 39370 48984
17 39370 48987
17 39371 48986
17 39372 48986
17 39375 48973
17 39375 48983
17 39380 48968
17 39381 48971
17 39381 48972
17 39382 48959
17 39382 48972
17 39383 48974
18 78727 97915
18 78727 97916
18 78727 97917
18 78727 97918
18 78727 97919
18 78727 97920
18 78727 97921
18 78727 97922
18 78727 97923
18 78727 97924
18 78727 97925
18 78727 97926
18 78727 97927
18 78727 97928
18 78727 97929
18 78727 97930
18 78727 97931
18 78727 97932
18 78727 97933
18 78727 97934
18 78727 97935
18 78727 97936
18 78727 97937
18 78727 97938
18 78727 97939
18 78727 97940
18 78727 97941
18 78727 97942
18 78727 97943
18 78727 97944
18 78727 97945
18 78727 97946
18 78727 97947
18 78727 97948
18 78727 97949
18 78727 97950
18 78727 97951
18 78727 97952
18 78727 97953
18 78727 97954
18 78727 97955
18 78727 97956
18 78727 97957
18 78727 97958
18 78727 97959
18 78727 97960
18 78727 97961
18 78727 97962
18 78727 97963
18 78727 97964
18 78727 97965
18 78727 97966
18 78727 97967
18 78727 97968
18 78727 97969
18 78727 97970
18 78727 97971
18 78727 97972
18 78727 97973
18 78727 97974
18 78727 97975
18 78727 97976
18 78727 97977
18 78727 97978
18 78727 97979
3 2 2
4 4 5
4 4 5
5 9 11
5 9 11
6 19 23
6 19 23
7 38 47
7 38 47
