13 1906 3413
13 1906 3413
13 1907 3413
13 1907 3413
13 1908 3413
13 1908 3413
14 3813 6826
15 7627 13652
15 7633 13645
15 7633 13646
15 7633 13647
15 7633 13648
15 7633 13649
15 7633 13650
15 7633 13651
16 15254 27290
16 15254 27291
16 15254 27292
16 15254 27293
16 15254 27294
16 15254 27295
16 15254 27296
16 15254 27297
16 15254 27298
16 15254 27299
16 15254 27300
16 15254 27301
16 15254 27302
16 15254 27303
16 15254 27304
17 30508 54581
17 30508 54582
17 30508 54583
17 30508 54584
17 30508 54585
17 30508 54586
17 30508 54587
17 30508 54588
17 30508 54589
17 30508 54590
17 30508 54591
17 30508 54592
17 30508 54593
17 30508 54594
17 30508 54595
17 30508 54596
17 30508 54597
17 30508 54598
17 30508 54599
17 30508 54600
17 30508 54601
17 30508 54602
17 30508 54603
17 30508 54604
17 30508 54605
17 30508 54606
17 30508 54607
17 30508 54608
18 61016 109162
3 1 3
4 3 6
4 3 6
5 7 13
5 7 13
6 14 26
6 14 26
7 29 53
7 29 53
