12 1124 1724
12 1125 1724
12 1126 1724
12 1127 1724
12 1128 1724
12 1129 1724
12 1130 1724
12 1130 1725
12 1131 1724
12 1131 1725
12 1131 1726
12 1131 1727
12 1132 1724
12 1132 1725
12 1132 1726
12 1132 1727
12 1133 1724
12 1134 1724
12 1134 1729
12 1135 1724
12 1135 1728
12 1135 1729
12 1136 1724
12 1136 1728
12 1136 1729
12 1137 1724
12 1137 1725
12 1137 1726
12 1137 1727
12 1137 1728
12 1137 1729
12 1138 1724
12 1138 1725
12 1138 1726
12 1138 1727
12 1138 1728
12 1138 1729
13 2248 3449
4 4 6
5 8 13
6 17 26
6 17 27
7 35 53
7 35 54
8 71 108
9 142 216
