13 1935 3368
13 1935 3368
13 1972 3373
13 1972 3373
13 1972 3374
13 1972 3374
13 1972 3375
13 1972 3375
13 1973 3375
13 1973 3375
13 1974 3375
13 1974 3375
14 3945 6746
14 3945 6747
14 3945 6748
14 3945 6749
14 3945 6750
15 7891 13493
15 7891 13494
15 7891 13495
15 7891 13496
15 7891 13497
15 7891 13498
15 7891 13499
15 7891 13500
16 15783 26987
16 15783 26988
16 15783 26989
16 15783 26990
16 15783 26991
16 15783 26992
16 15783 26993
16 15783 26994
16 15783 26995
16 15783 26996
16 15783 26997
16 15783 26998
16 15783 26999
16 15783 27000
17 31567 53975
17 31567 53976
17 31567 53977
17 31567 53978
17 31567 53979
17 31567 53980
17 31567 53981
17 31567 53982
17 31567 53983
17 31567 53984
17 31567 53985
17 31567 53986
17 31567 53987
17 31567 53988
17 31567 53989
17 31567 53990
17 31567 53991
17 31567 53992
17 31567 53993
17 31567 53994
17 31567 53995
17 31567 53996
17 31567 53997
17 31567 53998
17 31567 53999
17 31567 54000
18 63135 107950
3 1 3
4 3 6
4 3 6
5 7 13
5 7 13
6 15 26
6 15 26
7 30 52
7 30 52
8 61 105
8 61 105
9 123 210
9 123 210
