11 504 841
12 1009 1683
12 1009 1683
12 1009 1684
12 1009 1684
13 2019 3366
13 2019 3366
13 2019 3367
13 2019 3367
13 2019 3368
13 2019 3368
14 4038 6732
14 4038 6733
14 4038 6734
14 4038 6735
14 4038 6736
14 4038 6737
15 8077 13465
15 8077 13466
15 8077 13467
15 8077 13468
15 8077 13469
15 8077 13470
15 8077 13471
15 8077 13472
15 8077 13473
15 8077 13474
15 8077 13475
16 16154 26930
16 16154 26931
16 16154 26932
16 16154 26933
16 16154 26934
16 16154 26935
16 16154 26936
16 16154 26937
16 16154 26938
16 16154 26939
16 16154 26940
16 16154 26941
16 16154 26942
16 16154 26943
16 16154 26944
16 16154 26945
16 16154 26946
16 16154 26947
16 16154 26948
16 16154 26949
16 16154 26950
16 16154 26951
17 32308 53860
17 32308 53861
17 32308 53862
17 32308 53863
17 32308 53864
17 32308 53865
17 32308 53866
17 32308 53867
17 32308 53868
17 32308 53869
17 32308 53870
17 32308 53871
17 32308 53872
17 32308 53873
17 32308 53874
17 32308 53875
17 32308 53876
17 32308 53877
17 32308 53878
17 32308 53879
17 32308 53880
17 32308 53881
17 32308 53882
17 32308 53883
17 32308 53884
17 32308 53885
17 32308 53886
17 32308 53887
17 32308 53888
17 32308 53889
17 32308 53890
17 32308 53891
17 32308 53892
17 32308 53893
17 32308 53894
17 32308 53895
17 32308 53896
17 32308 53897
17 32308 53898
17 32308 53899
17 32308 53900
17 32308 53901
17 32308 53902
17 32308 53903
18 64616 107720
3 1 3
4 3 6
4 3 6
5 7 13
5 7 13
6 15 26
6 15 26
7 31 52
7 31 52
8 63 105
8 63 105
9 126 210
9 126 210
