10 294 397
11 588 794
12 1177 1588
12 1177 1588
12 1178 1588
12 1178 1588
12 1179 1588
12 1179 1588
12 1180 1588
12 1180 1588
12 1181 1588
12 1181 1588
13 2354 3176
13 2354 3176
13 2355 3176
13 2355 3176
13 2356 3176
13 2356 3176
13 2357 3176
13 2357 3176
13 2358 3176
13 2358 3176
13 2359 3176
13 2359 3176
13 2360 3176
13 2360 3176
13 2361 3176
13 2361 3176
13 2362 3176
13 2362 3176
13 2363 3163
13 2363 3163
13 2363 3164
13 2363 3164
13 2363 3165
13 2363 3165
13 2363 3166
13 2363 3166
13 2363 3167
13 2363 3167
13 2363 3168
13 2363 3168
13 2363 3169
13 2363 3169
13 2363 3170
13 2363 3170
13 2363 3171
13 2363 3171
13 2363 3172
13 2363 3172
13 2363 3173
13 2363 3173
13 2363 3174
13 2363 3174
13 2363 3175
13 2363 3175
13 2363 3176
13 2363 3176
14 4708 6326
14 4708 6327
14 4708 6328
14 4708 6329
14 4708 6330
14 4708 6331
14 4708 6332
14 4708 6333
14 4708 6334
14 4708 6335
14 4708 6336
14 4708 6337
14 4708 6338
14 4708 6339
14 4708 6340
14 4708 6341
14 4708 6342
14 4708 6343
14 4708 6344
14 4708 6345
14 4708 6346
14 4708 6347
14 4708 6348
14 4708 6349
14 4708 6350
14 4708 6351
14 4708 6352
15 9417 12652
15 9417 12653
15 9417 12654
15 9417 12655
15 9417 12656
15 9417 12657
15 9417 12658
15 9417 12659
15 9417 12660
15 9417 12661
15 9417 12662
15 9417 12663
15 9417 12664
15 9417 12665
15 9417 12666
15 9417 12667
15 9417 12668
15 9417 12669
15 9417 12670
15 9417 12671
15 9417 12672
15 9417 12673
15 9417 12674
15 9417 12675
15 9417 12676
15 9417 12677
15 9417 12678
15 9417 12679
15 9417 12680
15 9417 12681
15 9417 12682
15 9417 12683
15 9417 12684
15 9417 12685
15 9417 12686
15 9417 12687
15 9417 12688
15 9417 12689
15 9417 12690
15 9417 12691
15 9417 12692
15 9417 12693
15 9417 12694
15 9417 12695
15 9417 12696
15 9417 12697
15 9417 12698
15 9417 12699
15 9417 12700
15 9417 12701
15 9417 12702
15 9417 12703
15 9417 12704
15 9441 12652
16 18834 25304
16 18834 25305
16 18834 25306
16 18834 25307
16 18834 25308
16 18834 25309
16 18834 25310
16 18834 25311
16 18834 25312
16 18834 25313
16 18834 25314
16 18834 25315
16 18834 25316
16 18834 25317
16 18834 25318
16 18834 25319
16 18834 25320
16 18834 25321
16 18834 25322
16 18834 25323
16 18834 25324
16 18834 25325
16 18834 25326
16 18834 25327
16 18834 25328
16 18834 25329
16 18834 25330
16 18834 25331
16 18834 25332
16 18834 25333
16 18834 25334
16 18834 25335
16 18834 25336
16 18834 25337
16 18834 25338
16 18834 25339
16 18834 25340
16 18834 25341
16 18834 25342
16 18834 25343
16 18834 25344
16 18834 25345
16 18834 25346
16 18834 25347
16 18834 25348
16 18834 25349
16 18834 25350
16 18834 25351
16 18834 25352
16 18834 25353
16 18834 25354
16 18834 25355
16 18834 25356
16 18834 25357
16 18834 25358
16 18834 25359
16 18834 25360
16 18834 25361
16 18834 25362
16 18834 25363
16 18834 25364
16 18834 25365
16 18834 25366
16 18834 25367
16 18834 25368
16 18834 25369
16 18834 25370
16 18834 25371
16 18834 25372
16 18834 25373
16 18834 25374
16 18834 25375
16 18834 25376
16 18834 25377
16 18834 25378
16 18834 25379
16 18834 25380
16 18834 25381
16 18834 25382
16 18834 25383
16 18834 25384
16 18834 25385
16 18834 25386
16 18834 25387
16 18834 25388
16 18834 25389
16 18834 25390
16 18834 25391
16 18834 25392
16 18834 25393
16 18834 25394
16 18834 25395
16 18834 25396
16 18834 25397
16 18834 25398
16 18834 25399
16 18834 25400
16 18834 25401
16 18834 25402
16 18834 25403
16 18834 25404
16 18834 25405
16 18834 25406
16 18834 25407
16 18834 25408
16 18834 25409
16 18870 25398
16 18874 25400
16 18882 25304
17 37669 50608
18 75339 101217
3 2 3
4 4 6
4 4 6
5 9 12
5 9 12
6 18 24
6 18 24
7 36 49
7 36 49
