12 1194 1560
12 1194 1561
12 1194 1562
12 1194 1563
12 1194 1564
12 1194 1568
12 1195 1560
12 1195 1561
12 1195 1562
12 1195 1563
12 1195 1568
12 1196 1560
12 1196 1561
12 1196 1562
12 1196 1568
12 1197 1560
12 1197 1561
12 1197 1567
12 1197 1568
12 1198 1565
12 1198 1566
12 1198 1567
12 1198 1568
12 1199 1564
12 1199 1565
12 1199 1566
12 1199 1567
12 1199 1568
12 1200 1560
12 1200 1562
12 1200 1563
12 1200 1564
12 1200 1565
12 1200 1566
12 1200 1567
12 1200 1568
13 2388 3120
4 4 6
5 9 12
6 18 24
7 37 48
7 37 49
8 74 98
8 75 98
9 149 196
9 150 196
