11 503 841
12 1007 1683
12 1007 1685
12 1007 1686
12 1007 1687
12 1007 1688
12 1007 1689
12 1007 1690
12 1007 1691
12 1007 1692
12 1007 1693
12 1007 1694
12 1008 1690
12 1008 1691
12 1008 1692
12 1008 1693
12 1008 1694
12 1009 1694
12 1011 1687
12 1011 1688
12 1011 1689
12 1012 1683
12 1012 1684
12 1012 1685
12 1012 1686
12 1012 1687
12 1012 1688
12 1012 1689
12 1012 1690
12 1012 1691
12 1012 1692
12 1012 1693
12 1012 1694
12 1013 1683
12 1013 1684
12 1013 1685
12 1013 1686
12 1013 1687
12 1013 1688
12 1013 1689
12 1013 1690
12 1013 1691
12 1013 1692
12 1013 1693
12 1013 1694
12 1014 1683
12 1014 1684
12 1014 1685
12 1014 1686
12 1014 1687
12 1014 1688
12 1014 1689
12 1014 1690
12 1014 1691
12 1014 1692
12 1014 1693
12 1014 1694
13 2015 3366
4 3 6
5 7 13
6 15 26
7 31 52
9 125 211
