13 2272 3452
13 2272 3452
14 4541 6904
14 4541 6907
14 4544 6905
15 9082 13809
15 9082 13810
15 9082 13811
15 9082 13812
15 9082 13813
15 9082 13814
15 9082 13815
16 18165 27619
16 18165 27620
16 18165 27621
16 18165 27622
16 18165 27623
16 18165 27624
16 18165 27625
16 18165 27626
16 18165 27627
16 18165 27628
16 18165 27629
16 18165 27630
16 18174 27629
16 18175 27622
17 36331 55239
18 72662 110478
3 2 3
4 4 6
4 4 6
5 8 13
5 8 13
6 17 26
6 17 26
6 17 27
6 17 27
7 35 53
7 35 53
7 35 54
7 35 54
8 70 107
8 70 107
8 71 107
8 71 107
8 71 108
8 71 108
9 142 216
9 142 216
