13 2258 3501
13 2258 3502
13 2258 3503
13 2258 3504
13 2258 3505
13 2258 3506
13 2258 3507
13 2258 3508
13 2258 3509
13 2258 3510
13 2258 3511
13 2258 3512
13 2258 3513
13 2258 3514
13 2259 3501
13 2259 3502
13 2259 3503
13 2259 3504
13 2259 3505
13 2259 3506
13 2259 3507
13 2259 3508
13 2259 3512
13 2259 3513
13 2259 3514
13 2260 3501
13 2260 3502
13 2260 3503
13 2260 3504
13 2260 3505
13 2260 3506
13 2260 3512
13 2260 3513
13 2260 3514
13 2261 3501
13 2261 3502
13 2261 3503
13 2261 3504
13 2261 3513
13 2261 3514
13 2262 3501
13 2262 3502
13 2262 3503
13 2262 3513
13 2262 3514
13 2263 3501
13 2263 3514
13 2264 3514
13 2266 3501
13 2266 3514
13 2267 3501
13 2267 3512
13 2267 3513
13 2267 3514
13 2268 3501
13 2268 3502
13 2268 3511
13 2268 3512
13 2268 3513
13 2268 3514
13 2269 3501
13 2269 3502
13 2269 3503
13 2269 3509
13 2269 3510
13 2269 3511
13 2269 3512
13 2269 3513
13 2269 3514
13 2270 3501
13 2270 3502
13 2270 3503
13 2270 3507
13 2270 3508
13 2270 3509
13 2270 3510
13 2270 3511
13 2270 3512
13 2270 3513
13 2270 3514
13 2271 3501
13 2271 3502
13 2271 3503
13 2271 3504
13 2271 3505
13 2271 3506
13 2271 3507
13 2271 3508
13 2271 3509
13 2271 3510
13 2271 3511
13 2271 3512
13 2271 3513
13 2271 3514
