10 293 391
11 586 783
12 1168 1567
12 1168 1567
12 1168 1568
12 1168 1568
12 1168 1569
12 1168 1569
12 1168 1572
12 1168 1572
12 1169 1572
12 1169 1572
12 1171 1567
12 1171 1567
12 1171 1572
12 1171 1572
12 1172 1567
12 1172 1567
12 1172 1570
12 1172 1570
12 1172 1571
12 1172 1571
12 1172 1572
12 1172 1572
13 2336 3135
13 2336 3135
13 2336 3136
13 2336 3136
13 2336 3137
13 2336 3137
13 2336 3138
13 2336 3138
13 2336 3139
13 2336 3139
13 2336 3140
13 2336 3140
13 2336 3141
13 2336 3141
13 2336 3143
13 2336 3143
13 2336 3144
13 2336 3144
13 2337 3135
13 2337 3135
13 2337 3136
13 2337 3136
13 2337 3137
13 2337 3137
13 2337 3138
13 2337 3138
13 2337 3139
13 2337 3139
13 2337 3144
13 2337 3144
13 2338 3135
13 2338 3135
13 2338 3136
13 2338 3136
13 2338 3144
13 2338 3144
13 2339 3144
13 2339 3144
13 2342 3135
13 2342 3135
13 2342 3144
13 2342 3144
13 2343 3135
13 2343 3135
13 2343 3142
13 2343 3142
13 2343 3143
13 2343 3143
13 2343 3144
13 2343 3144
13 2344 3135
13 2344 3135
13 2344 3140
13 2344 3140
13 2344 3141
13 2344 3141
13 2344 3142
13 2344 3142
13 2344 3143
13 2344 3143
13 2344 3144
13 2344 3144
14 4673 6270
14 4673 6271
14 4673 6272
14 4673 6273
14 4673 6274
14 4673 6275
14 4673 6276
14 4673 6277
14 4673 6278
14 4673 6279
14 4673 6280
14 4673 6281
14 4673 6282
14 4673 6283
14 4673 6286
14 4673 6287
14 4673 6288
14 4673 6289
14 4686 6270
14 4686 6271
14 4686 6272
14 4686 6284
14 4686 6285
14 4687 6270
14 4687 6272
14 4688 6270
15 9346 12540
15 9346 12541
15 9346 12542
15 9346 12543
15 9346 12544
15 9346 12545
15 9346 12546
15 9346 12547
15 9346 12548
15 9346 12549
15 9346 12550
15 9346 12551
15 9346 12552
15 9346 12553
15 9346 12554
15 9346 12555
15 9346 12556
15 9346 12557
15 9346 12558
15 9346 12559
15 9346 12560
15 9346 12561
15 9346 12562
15 9346 12563
15 9346 12564
15 9346 12565
15 9346 12566
15 9346 12567
15 9346 12568
15 9346 12569
15 9346 12570
15 9346 12571
15 9346 12572
15 9346 12573
15 9346 12574
15 9346 12575
15 9346 12576
15 9346 12577
15 9346 12578
15 9346 12579
15 9365 12557
15 9368 12547
15 9370 12554
15 9371 12547
15 9372 12544
15 9372 12545
15 9372 12546
15 9373 12540
15 9373 12541
15 9373 12543
15 9373 12544
15 9374 12541
15 9374 12544
15 9376 12541
16 18693 25080
16 18693 25081
16 18693 25082
16 18693 25083
16 18693 25084
16 18693 25085
16 18693 25086
16 18693 25087
16 18693 25088
16 18693 25089
16 18693 25090
16 18693 25091
16 18693 25092
16 18693 25093
16 18693 25094
16 18693 25095
16 18693 25096
16 18693 25097
16 18693 25098
16 18693 25099
16 18693 25100
16 18693 25101
16 18693 25102
16 18693 25103
16 18693 25104
16 18693 25105
16 18693 25106
16 18693 25107
16 18693 25108
16 18693 25109
16 18693 25110
16 18693 25111
16 18693 25112
16 18693 25113
16 18693 25114
16 18693 25115
16 18693 25116
16 18693 25117
16 18693 25118
16 18693 25119
16 18693 25120
16 18693 25121
16 18693 25122
16 18693 25123
16 18693 25124
16 18693 25125
16 18693 25126
16 18693 25127
16 18693 25128
16 18693 25129
16 18693 25130
16 18693 25131
16 18693 25132
16 18693 25133
16 18693 25134
16 18693 25135
16 18693 25136
16 18693 25137
16 18693 25138
16 18693 25139
16 18693 25140
16 18693 25141
16 18693 25142
16 18693 25143
16 18693 25144
16 18693 25145
16 18693 25146
16 18693 25147
16 18693 25148
16 18693 25149
16 18693 25150
16 18693 25151
16 18693 25152
16 18693 25153
16 18693 25154
16 18693 25155
16 18693 25156
16 18693 25157
16 18693 25158
16 18693 25159
16 18731 25114
16 18737 25094
16 18740 25108
16 18743 25094
16 18745 25089
16 18745 25091
16 18745 25092
16 18746 25080
16 18746 25082
16 18746 25087
16 18746 25089
16 18747 25082
16 18748 25083
16 18748 25089
16 18749 25089
16 18752 25083
17 37386 50161
17 37386 50162
17 37386 50163
17 37386 50164
17 37386 50165
17 37386 50166
17 37386 50167
17 37386 50168
17 37386 50169
17 37386 50170
17 37386 50171
17 37386 50172
17 37386 50173
17 37386 50174
17 37386 50175
17 37386 50176
17 37386 50177
17 37386 50178
17 37386 50179
17 37386 50180
17 37386 50181
17 37386 50182
17 37386 50183
17 37386 50184
17 37386 50185
17 37386 50186
17 37386 50187
17 37386 50188
17 37386 50189
17 37386 50190
17 37386 50191
17 37386 50192
17 37386 50193
17 37386 50194
17 37386 50195
17 37386 50196
17 37386 50197
17 37386 50198
17 37386 50199
17 37386 50200
17 37386 50201
17 37386 50202
17 37386 50203
17 37386 50204
17 37386 50205
17 37386 50206
17 37386 50207
17 37386 50208
17 37386 50209
17 37386 50210
17 37386 50211
17 37386 50212
17 37386 50213
17 37386 50214
17 37386 50215
17 37386 50216
17 37386 50217
17 37386 50218
17 37386 50219
17 37386 50220
17 37386 50221
17 37386 50222
17 37386 50223
17 37386 50224
17 37386 50225
17 37386 50226
17 37386 50227
17 37386 50228
17 37386 50229
17 37386 50230
17 37386 50231
17 37386 50232
17 37386 50233
17 37386 50234
17 37386 50235
17 37386 50236
17 37386 50237
17 37386 50238
17 37386 50239
17 37386 50240
17 37386 50241
17 37386 50242
17 37386 50243
17 37386 50244
17 37386 50245
17 37386 50246
17 37386 50247
17 37386 50248
17 37386 50249
17 37386 50250
17 37386 50251
17 37386 50252
17 37386 50253
17 37386 50254
17 37386 50255
17 37386 50256
17 37386 50257
17 37386 50258
17 37386 50259
17 37386 50260
17 37386 50261
17 37386 50262
17 37386 50263
17 37386 50264
17 37386 50265
17 37386 50266
17 37386 50267
17 37386 50268
17 37386 50269
17 37386 50270
17 37386 50271
17 37386 50272
17 37386 50273
17 37386 50274
17 37386 50275
17 37386 50276
17 37386 50277
17 37386 50278
17 37386 50279
17 37386 50280
17 37386 50281
17 37386 50282
17 37386 50283
17 37386 50284
17 37386 50285
17 37386 50286
17 37386 50287
17 37386 50288
17 37386 50289
17 37386 50290
17 37386 50291
17 37386 50292
17 37386 50293
17 37386 50294
17 37386 50295
17 37386 50296
17 37386 50297
17 37386 50298
17 37386 50299
17 37386 50300
17 37386 50301
17 37386 50302
17 37386 50303
17 37386 50304
17 37386 50305
17 37386 50306
17 37386 50307
17 37386 50308
17 37386 50309
17 37386 50310
17 37386 50311
17 37386 50312
17 37386 50313
17 37386 50314
17 37386 50315
17 37386 50316
17 37386 50317
17 37386 50318
17 37462 50229
17 37475 50188
17 37480 50217
18 74772 100322
18 74772 100323
18 74772 100324
18 74772 100325
18 74772 100326
18 74772 100327
18 74772 100328
18 74772 100329
18 74772 100330
18 74772 100331
18 74772 100332
18 74772 100333
18 74772 100334
18 74772 100335
18 74772 100336
18 74772 100337
18 74772 100338
18 74772 100339
18 74772 100340
18 74772 100341
18 74772 100342
18 74772 100343
18 74772 100344
18 74772 100345
18 74772 100346
18 74772 100347
18 74772 100348
18 74772 100349
18 74772 100350
18 74772 100351
18 74772 100352
18 74772 100353
18 74772 100354
18 74772 100355
18 74772 100356
18 74772 100357
18 74772 100358
18 74772 100359
18 74772 100360
18 74772 100361
18 74772 100362
18 74772 100363
18 74772 100364
18 74772 100365
18 74772 100366
18 74772 100367
18 74772 100368
18 74772 100369
18 74772 100370
18 74772 100371
18 74772 100372
18 74772 100373
18 74772 100374
18 74772 100375
18 74772 100376
18 74772 100377
18 74772 100378
18 74772 100379
18 74772 100380
18 74772 100381
18 74772 100382
18 74772 100383
18 74772 100384
18 74772 100385
18 74772 100386
18 74772 100387
18 74772 100388
18 74772 100389
18 74772 100390
18 74772 100391
18 74772 100392
18 74772 100393
18 74772 100394
18 74772 100395
18 74772 100396
18 74772 100397
18 74772 100398
18 74772 100399
18 74772 100400
18 74772 100401
18 74772 100402
18 74772 100403
18 74772 100404
18 74772 100405
18 74772 100406
18 74772 100407
18 74772 100408
18 74772 100409
18 74772 100410
18 74772 100411
18 74772 100412
18 74772 100413
18 74772 100414
18 74772 100415
18 74772 100416
18 74772 100417
18 74772 100418
18 74772 100419
18 74772 100420
18 74772 100421
18 74772 100422
18 74772 100423
18 74772 100424
18 74772 100425
18 74772 100426
18 74772 100427
18 74772 100428
18 74772 100429
18 74772 100430
18 74772 100431
18 74772 100432
18 74772 100433
18 74772 100434
18 74772 100435
18 74772 100436
18 74772 100437
18 74772 100438
18 74772 100439
18 74772 100440
18 74772 100441
18 74772 100442
18 74772 100443
18 74772 100444
18 74772 100445
18 74772 100446
18 74772 100447
18 74772 100448
18 74772 100449
18 74772 100450
18 74772 100451
18 74772 100452
18 74772 100453
18 74772 100454
18 74772 100455
18 74772 100456
18 74772 100457
18 74772 100458
18 74772 100459
18 74772 100460
18 74772 100461
18 74772 100462
18 74772 100463
18 74772 100464
18 74772 100465
18 74772 100466
18 74772 100467
18 74772 100468
18 74772 100469
18 74772 100470
18 74772 100471
18 74772 100472
18 74772 100473
18 74772 100474
18 74772 100475
18 74772 100476
18 74772 100477
18 74772 100478
18 74772 100479
18 74772 100480
18 74772 100481
18 74772 100482
18 74772 100483
18 74772 100484
18 74772 100485
18 74772 100486
18 74772 100487
18 74772 100488
18 74772 100489
18 74772 100490
18 74772 100491
18 74772 100492
18 74772 100493
18 74772 100494
18 74772 100495
18 74772 100496
18 74772 100497
18 74772 100498
18 74772 100499
18 74772 100500
18 74772 100501
18 74772 100502
18 74772 100503
18 74772 100504
18 74772 100505
18 74772 100506
18 74772 100507
18 74772 100508
18 74772 100509
18 74772 100510
18 74772 100511
18 74772 100512
18 74772 100513
18 74772 100514
18 74772 100515
18 74772 100516
18 74772 100517
18 74772 100518
18 74772 100519
18 74772 100520
18 74772 100521
18 74772 100522
18 74772 100523
18 74772 100524
18 74772 100525
18 74772 100526
18 74772 100527
18 74772 100528
18 74772 100529
18 74772 100530
18 74772 100531
18 74772 100532
18 74772 100533
18 74772 100534
18 74772 100535
18 74772 100536
18 74772 100537
18 74772 100538
18 74772 100539
18 74772 100540
18 74772 100541
18 74772 100542
18 74772 100543
18 74772 100544
18 74772 100545
18 74772 100546
18 74772 100547
18 74772 100548
18 74772 100549
18 74772 100550
18 74772 100551
18 74772 100552
18 74772 100553
18 74772 100554
18 74772 100555
18 74772 100556
18 74772 100557
18 74772 100558
18 74772 100559
18 74772 100560
18 74772 100561
18 74772 100562
18 74772 100563
18 74772 100564
18 74772 100565
18 74772 100566
18 74772 100567
18 74772 100568
18 74772 100569
18 74772 100570
18 74772 100571
18 74772 100572
18 74772 100573
18 74772 100574
18 74772 100575
18 74772 100576
18 74772 100577
18 74772 100578
18 74772 100579
18 74772 100580
18 74772 100581
18 74772 100582
18 74772 100583
18 74772 100584
18 74772 100585
18 74772 100586
18 74772 100587
18 74772 100588
18 74772 100589
18 74772 100590
18 74772 100591
18 74772 100592
18 74772 100593
18 74772 100594
18 74772 100595
18 74772 100596
18 74772 100597
18 74772 100598
18 74772 100599
18 74772 100600
18 74772 100601
18 74772 100602
18 74772 100603
18 74772 100604
18 74772 100605
18 74772 100606
18 74772 100607
18 74772 100608
18 74772 100609
18 74772 100610
18 74772 100611
18 74772 100612
18 74772 100613
18 74772 100614
18 74772 100615
18 74772 100616
18 74772 100617
18 74772 100618
18 74772 100619
18 74772 100620
18 74772 100621
18 74772 100622
18 74772 100623
18 74772 100624
18 74772 100625
18 74772 100626
18 74772 100627
18 74772 100628
18 74772 100629
18 74772 100630
18 74772 100631
18 74772 100632
18 74772 100633
18 74772 100634
18 74772 100635
18 74772 100636
18 74772 100637
18 74924 100458
18 74951 100376
18 74960 100435
3 2 3
4 4 6
4 4 6
5 9 12
5 9 12
6 18 24
6 18 24
