11 525 843
12 1050 1686
12 1050 1686
13 2100 3372
13 2100 3372
14 4200 6744
14 4201 6742
14 4201 6743
15 8396 13484
15 8396 13485
15 8396 13486
15 8396 13487
15 8396 13488
16 16793 26968
16 16793 26969
16 16793 26970
16 16793 26971
16 16793 26972
16 16793 26973
16 16793 26974
16 16793 26975
16 16793 26976
16 16794 26976
16 16798 26968
16 16799 26968
17 33587 53936
17 33587 53937
17 33587 53938
17 33587 53939
17 33587 53940
17 33587 53941
17 33587 53942
17 33587 53943
17 33587 53944
17 33587 53945
17 33587 53946
17 33587 53947
17 33587 53948
17 33587 53949
17 33587 53950
17 33587 53951
17 33587 53952
17 33587 53953
17 33588 53952
17 33594 53944
17 33595 53941
17 33598 53945
17 33599 53937
17 33600 53949
17 33602 53942
17 33603 53943
17 33605 53943
18 67174 107873
18 67174 107874
18 67174 107875
18 67174 107876
18 67174 107877
18 67174 107878
18 67174 107879
18 67174 107880
18 67174 107881
18 67174 107882
18 67174 107883
18 67174 107884
18 67174 107885
18 67174 107886
18 67174 107887
18 67174 107888
18 67174 107889
18 67174 107890
18 67174 107891
18 67174 107892
18 67174 107893
18 67174 107894
18 67174 107895
18 67174 107896
18 67174 107897
18 67174 107898
18 67174 107899
18 67174 107900
18 67174 107901
18 67174 107902
18 67174 107903
18 67174 107904
18 67174 107905
18 67174 107906
18 67176 107905
18 67189 107888
18 67190 107883
18 67196 107891
18 67198 107875
18 67200 107899
18 67205 107884
18 67206 107886
18 67210 107886
3 2 3
4 4 6
4 4 6
5 8 13
5 8 13
6 16 26
6 16 26
7 32 52
7 32 52
8 65 105
8 65 105
