12 1003 1693
12 1003 1693
13 1994 3387
13 1994 3387
13 1995 3387
13 1995 3387
13 1996 3387
13 1996 3387
13 2002 3387
13 2002 3387
13 2003 3387
13 2003 3387
13 2004 3387
13 2004 3387
13 2005 3387
13 2005 3387
13 2006 3386
13 2006 3386
13 2006 3387
13 2006 3387
13 2007 3386
13 2007 3386
13 2007 3387
13 2007 3387
14 3988 6774
14 4004 6773
14 4006 6774
14 4010 6774
14 4011 6772
14 4011 6773
14 4011 6774
14 4012 6773
14 4013 6773
15 7972 13534
15 7972 13549
15 7976 13547
15 7976 13548
15 7990 13547
15 8003 13534
15 8008 13545
15 8008 13546
15 8009 13534
15 8012 13548
15 8020 13545
15 8020 13549
15 8021 13544
15 8021 13548
15 8022 13545
15 8022 13548
15 8022 13549
15 8023 13544
15 8023 13545
15 8023 13546
15 8023 13547
15 8023 13549
15 8025 13547
15 8027 13546
16 15944 27069
16 15944 27070
16 15944 27071
16 15944 27072
16 15944 27073
16 15944 27074
16 15944 27075
16 15944 27076
16 15944 27077
16 15944 27078
16 15944 27079
16 15944 27080
16 15944 27081
16 15944 27082
16 15944 27083
16 15944 27084
16 15944 27085
16 15944 27086
16 15944 27087
16 15944 27088
16 15944 27089
16 15944 27090
16 15944 27091
16 15944 27092
16 15944 27093
16 15944 27094
16 15944 27095
16 15944 27096
16 15944 27097
16 15944 27098
16 15944 27099
16 15981 27094
16 16007 27069
16 16019 27069
16 16024 27097
16 16041 27091
16 16041 27098
16 16043 27097
16 16044 27099
16 16045 27090
16 16045 27097
16 16045 27099
16 16046 27088
16 16046 27093
16 16047 27091
16 16047 27094
16 16047 27098
16 16050 27095
16 16055 27093
16 16057 27072
16 16057 27075
17 31889 54138
17 31889 54139
17 31889 54140
17 31889 54141
17 31889 54142
17 31889 54143
17 31889 54144
17 31889 54145
17 31889 54146
17 31889 54147
17 31889 54148
17 31889 54149
17 31889 54150
17 31889 54151
17 31889 54152
17 31889 54153
17 31889 54154
17 31889 54155
17 31889 54156
17 31889 54157
17 31889 54158
17 31889 54159
17 31889 54160
17 31889 54161
17 31889 54162
17 31889 54163
17 31889 54164
17 31889 54165
17 31889 54166
17 31889 54167
17 31889 54168
17 31889 54169
17 31889 54170
17 31889 54171
17 31889 54172
17 31889 54173
17 31889 54174
17 31889 54175
17 31889 54176
17 31889 54177
17 31889 54178
17 31889 54179
17 31889 54180
17 31889 54181
17 31889 54182
17 31889 54183
17 31889 54184
17 31889 54185
17 31889 54186
17 31889 54187
17 31889 54188
17 31889 54189
17 31889 54190
17 31889 54191
17 31889 54192
17 31889 54193
17 31889 54194
17 31889 54195
17 31889 54196
17 31889 54197
17 31889 54198
17 31899 54140
17 31904 54151
17 31906 54141
17 31906 54149
17 31907 54187
17 31909 54151
17 31911 54155
17 31913 54143
17 31913 54159
17 31914 54186
17 31916 54163
17 31916 54168
17 31917 54152
17 31919 54176
17 31919 54183
17 31923 54151
17 31924 54175
17 31927 54176
17 31928 54164
17 31929 54145
17 31929 54157
17 31930 54147
17 31930 54151
17 31932 54184
17 31934 54151
17 31938 54152
17 31944 54176
17 31946 54143
17 31946 54179
17 31951 54146
17 31951 54181
17 31951 54186
17 31953 54182
17 31957 54169
17 31962 54189
17 31964 54180
17 31966 54151
17 31967 54148
17 31967 54180
17 31967 54197
17 31968 54145
17 31968 54179
17 31976 54142
17 31977 54180
17 31978 54185
17 31980 54149
17 31980 54167
17 31980 54171
17 31980 54173
17 31980 54188
17 31981 54166
17 31982 54167
17 31983 54175
17 31983 54176
17 31984 54194
17 31985 54151
17 31985 54162
17 31986 54179
17 31989 54151
17 31989 54161
17 31991 54150
17 31991 54168
17 31992 54142
17 31992 54172
17 31993 54168
17 31994 54168
17 31995 54151
17 31995 54178
17 31996 54173
17 32000 54171
17 32001 54174
17 32002 54175
17 32003 54150
17 32003 54156
17 32003 54178
17 32006 54146
17 32006 54177
17 32008 54145
17 32009 54159
17 32009 54176
17 32015 54139
17 32016 54146
17 32019 54141
17 32020 54159
17 32023 54162
17 32025 54158
17 32026 54161
17 32027 54146
17 32027 54153
17 32028 54167
17 32030 54149
17 32031 54162
17 32031 54164
17 32036 54145
17 32037 54161
17 32039 54139
17 32043 54145
17 32043 54151
17 32047 54160
17 32048 54194
17 32053 54144
17 32058 54147
17 32059 54153
17 32060 54145
17 32068 54145
17 32072 54147
17 32079 54141
17 32083 54183
17 32083 54196
17 32086 54195
17 32088 54198
17 32090 54194
17 32091 54181
17 32091 54198
17 32092 54162
17 32092 54177
17 32092 54187
17 32093 54187
17 32094 54161
17 32094 54183
17 32094 54197
17 32095 54146
17 32095 54189
17 32099 54159
17 32101 54191
17 32102 54173
17 32103 54148
17 32103 54165
17 32104 54163
17 32108 54142
17 32109 54146
17 32110 54143
17 32110 54156
17 32110 54157
17 32111 54187
17 32112 54146
17 32112 54154
17 32113 54159
17 32114 54144
17 32114 54150
18 63779 108277
18 63779 108278
18 63779 108279
18 63779 108280
18 63779 108281
18 63779 108282
18 63779 108283
18 63779 108284
18 63779 108285
18 63779 108286
18 63779 108287
18 63779 108288
18 63779 108289
18 63779 108290
18 63779 108291
18 63779 108292
18 63779 108293
18 63779 108294
18 63779 108295
18 63779 108296
18 63779 108297
18 63779 108298
18 63779 108299
18 63779 108300
18 63779 108301
18 63779 108302
18 63779 108303
18 63779 108304
18 63779 108305
18 63779 108306
18 63779 108307
18 63779 108308
18 63779 108309
18 63779 108310
18 63779 108311
18 63779 108312
18 63779 108313
18 63779 108314
18 63779 108315
18 63779 108316
18 63779 108317
18 63779 108318
18 63779 108319
18 63779 108320
18 63779 108321
18 63779 108322
18 63779 108323
18 63779 108324
18 63779 108325
18 63779 108326
18 63779 108327
18 63779 108328
18 63779 108329
18 63779 108330
18 63779 108331
18 63779 108332
18 63779 108333
18 63779 108334
18 63779 108335
18 63779 108336
18 63779 108337
18 63779 108338
18 63779 108339
18 63779 108340
18 63779 108341
18 63779 108342
18 63779 108343
18 63779 108344
18 63779 108345
18 63779 108346
18 63779 108347
18 63779 108348
18 63779 108349
18 63779 108350
18 63779 108351
18 63779 108352
18 63779 108353
18 63779 108354
18 63779 108355
18 63779 108356
18 63779 108357
18 63779 108358
18 63779 108359
18 63779 108360
18 63779 108361
18 63779 108362
18 63779 108363
18 63779 108364
18 63779 108365
18 63779 108366
18 63779 108367
18 63779 108368
18 63779 108369
18 63779 108370
18 63779 108371
18 63779 108372
18 63779 108373
18 63779 108374
18 63779 108375
18 63779 108376
18 63779 108377
18 63779 108378
18 63779 108379
18 63779 108380
18 63779 108381
18 63779 108382
18 63779 108383
18 63779 108384
18 63779 108385
18 63779 108386
18 63779 108387
18 63779 108388
18 63779 108389
18 63779 108390
18 63779 108391
18 63779 108392
18 63779 108393
18 63779 108394
18 63779 108395
18 63779 108396
18 63779 108397
18 64116 108295
3 1 3
4 3 6
4 3 6
5 7 13
5 7 13
6 15 26
6 15 26
7 31 52
7 31 52
8 62 105
8 62 105
