13 1933 3383
13 1933 3383
13 1933 3384
13 1933 3384
13 1933 3385
13 1933 3385
13 1933 3386
13 1933 3386
14 3866 6767
14 3866 6768
14 3866 6769
14 3866 6770
14 3866 6771
14 3866 6772
15 7726 13534
15 7726 13535
15 7726 13536
15 7726 13537
15 7726 13538
15 7726 13539
15 7726 13540
15 7726 13541
15 7726 13542
15 7726 13543
15 7726 13544
16 15453 27068
16 15453 27069
16 15453 27070
16 15453 27071
16 15453 27072
16 15453 27073
16 15453 27074
16 15453 27075
16 15453 27076
16 15453 27077
16 15453 27078
16 15453 27079
16 15453 27080
16 15453 27081
16 15453 27082
16 15453 27083
16 15453 27084
16 15453 27085
16 15453 27086
16 15453 27087
16 15453 27088
16 15453 27089
17 30907 54137
17 30907 54138
17 30907 54139
17 30907 54140
17 30907 54141
17 30907 54142
17 30907 54143
17 30907 54144
17 30907 54145
17 30907 54146
17 30907 54147
17 30907 54148
17 30907 54149
17 30907 54150
17 30907 54151
17 30907 54152
17 30907 54153
17 30907 54154
17 30907 54155
17 30907 54156
17 30907 54157
17 30907 54158
17 30907 54159
17 30907 54160
17 30907 54161
17 30907 54162
17 30907 54163
17 30907 54164
17 30907 54165
17 30907 54166
17 30907 54167
17 30907 54168
17 30907 54169
17 30907 54170
17 30907 54171
17 30907 54172
17 30907 54173
17 30907 54174
17 30907 54175
17 30907 54176
17 30907 54177
17 30907 54178
18 61814 108275
3 1 3
4 3 6
4 3 6
5 7 13
5 7 13
6 15 26
6 15 26
7 30 52
7 30 52
8 60 105
8 60 105
