13 2042 3390
13 2042 3391
13 2042 3392
13 2042 3393
13 2042 3394
13 2042 3395
13 2042 3396
13 2042 3397
13 2042 3398
13 2042 3399
13 2042 3400
13 2042 3401
13 2042 3402
13 2042 3403
13 2042 3404
13 2042 3405
13 2042 3406
13 2042 3407
13 2042 3408
13 2042 3409
13 2042 3410
13 2042 3411
13 2042 3412
13 2043 3390
13 2043 3391
13 2044 3390
13 2044 3391
13 2045 3390
13 2045 3391
13 2046 3390
13 2046 3391
13 2047 3390
13 2047 3391
13 2048 3390
13 2048 3391
13 2049 3390
13 2049 3391
13 2050 3390
13 2050 3391
13 2051 3390
13 2051 3391
13 2052 3390
13 2052 3391
13 2053 3390
13 2053 3391
13 2054 3390
13 2054 3391
13 2055 3390
13 2055 3391
13 2056 3390
13 2056 3391
13 2057 3390
13 2057 3391
13 2058 3390
13 2058 3391
13 2059 3390
13 2059 3391
13 2059 3392
13 2059 3393
13 2059 3394
13 2059 3395
13 2059 3396
13 2059 3397
13 2059 3398
13 2059 3399
13 2059 3400
13 2059 3401
13 2059 3402
13 2059 3403
13 2059 3404
13 2059 3405
13 2059 3406
13 2059 3407
13 2059 3408
13 2059 3409
13 2059 3410
13 2059 3411
13 2059 3412
