13 1931 3384
13 1931 3384
13 1932 3384
13 1932 3384
13 1933 3384
13 1933 3384
13 1934 3384
13 1934 3384
13 1935 3384
13 1935 3384
13 1936 3384
13 1936 3384
13 1937 3384
13 1937 3384
13 1938 3384
13 1938 3384
13 1939 3384
13 1939 3384
13 1940 3384
13 1940 3384
13 1941 3384
13 1941 3384
13 1942 3384
13 1942 3384
13 1943 3384
13 1943 3384
14 3863 6769
14 3883 6773
14 3883 6774
15 7726 13539
15 7726 13540
15 7726 13541
15 7726 13542
15 7726 13543
15 7726 13544
15 7726 13545
15 7726 13546
15 7726 13547
15 7726 13548
15 7726 13549
15 7726 13550
15 7726 13551
15 7726 13552
15 7726 13553
15 7726 13554
15 7726 13555
15 7726 13556
15 7726 13557
15 7726 13558
15 7726 13559
15 7726 13560
15 7726 13561
15 7726 13562
15 7726 13563
15 7726 13564
15 7726 13565
15 7726 13566
15 7726 13567
16 15453 27079
16 15453 27080
16 15453 27081
16 15453 27082
16 15453 27083
16 15453 27084
16 15453 27085
16 15453 27086
16 15453 27087
16 15453 27088
16 15453 27089
16 15453 27090
16 15453 27091
16 15453 27092
16 15453 27093
16 15453 27094
16 15453 27095
16 15453 27096
16 15453 27097
16 15453 27098
16 15453 27099
16 15453 27100
16 15453 27101
16 15453 27102
16 15453 27103
16 15453 27104
16 15453 27105
16 15453 27106
16 15453 27107
16 15453 27108
16 15453 27109
16 15453 27110
16 15453 27111
16 15453 27112
16 15453 27113
16 15453 27114
16 15453 27115
16 15453 27116
16 15453 27117
16 15453 27118
16 15453 27119
16 15453 27120
16 15453 27121
16 15453 27122
16 15453 27123
16 15453 27124
16 15453 27125
16 15453 27126
16 15453 27127
16 15453 27128
16 15453 27129
16 15453 27130
16 15453 27131
16 15453 27132
16 15453 27133
16 15453 27134
16 15453 27135
16 15474 27124
17 30907 54159
17 30907 54160
17 30907 54161
17 30907 54162
17 30907 54163
17 30907 54164
17 30907 54165
17 30907 54166
17 30907 54167
17 30907 54168
17 30907 54169
17 30907 54170
17 30907 54171
17 30907 54172
17 30907 54173
17 30907 54174
17 30907 54175
17 30907 54176
17 30907 54177
17 30907 54178
17 30907 54179
17 30907 54180
17 30907 54181
17 30907 54182
17 30907 54183
17 30907 54184
17 30907 54185
17 30907 54186
17 30907 54187
17 30907 54188
17 30907 54189
17 30907 54190
17 30907 54191
17 30907 54192
17 30907 54193
17 30907 54194
17 30907 54195
17 30907 54196
17 30907 54197
17 30907 54198
17 30907 54199
17 30907 54200
17 30907 54201
17 30907 54202
17 30907 54203
17 30907 54204
17 30907 54205
17 30907 54206
17 30907 54207
17 30907 54208
17 30907 54209
17 30907 54210
17 30907 54211
17 30907 54212
17 30907 54213
17 30907 54214
17 30907 54215
17 30907 54216
17 30907 54217
17 30907 54218
17 30907 54219
17 30907 54220
17 30907 54221
17 30907 54222
17 30907 54223
17 30907 54224
17 30907 54225
17 30907 54226
17 30907 54227
17 30907 54228
17 30907 54229
17 30907 54230
17 30907 54231
17 30907 54232
17 30907 54233
17 30907 54234
17 30907 54235
17 30907 54236
17 30907 54237
17 30907 54238
17 30907 54239
17 30907 54240
17 30907 54241
17 30907 54242
17 30907 54243
17 30907 54244
17 30907 54245
17 30907 54246
17 30907 54247
17 30907 54248
17 30907 54249
17 30907 54250
17 30907 54251
17 30907 54252
17 30907 54253
17 30907 54254
17 30907 54255
17 30907 54256
17 30907 54257
17 30907 54258
17 30907 54259
17 30907 54260
17 30907 54261
17 30907 54262
17 30907 54263
17 30907 54264
17 30907 54265
17 30907 54266
17 30907 54267
17 30907 54268
17 30907 54269
17 30907 54270
18 61814 108319
3 1 3
4 3 6
4 3 6
5 7 13
5 7 13
6 15 26
6 15 26
7 30 52
7 30 52
