10 319 368
10 319 368
10 319 369
10 319 369
10 319 370
10 319 370
10 320 369
10 320 369
10 320 370
10 320 370
10 321 369
10 321 369
10 321 370
10 321 370
11 327 713
11 327 713
11 327 714
11 327 714
11 327 715
11 327 715
11 328 713
11 328 713
11 328 714
11 328 714
11 328 715
11 328 715
11 638 741
11 638 741
11 638 742
11 638 742
11 638 743
11 638 743
11 639 740
11 639 740
11 639 741
11 639 741
11 639 742
11 639 742
11 639 743
11 639 743
11 640 738
11 640 738
11 640 739
11 640 739
11 640 740
11 640 740
11 640 741
11 640 741
11 640 742
11 640 742
11 640 743
11 640 743
11 640 744
11 640 744
11 641 738
11 641 738
11 641 739
11 641 739
11 641 740
11 641 740
11 641 741
11 641 741
11 641 742
11 641 742
11 641 743
11 641 743
11 642 740
11 642 740
11 642 741
11 642 741
11 642 742
11 642 742
11 642 743
11 642 743
11 642 744
11 642 744
11 643 740
11 643 740
11 643 741
11 643 741
11 643 742
11 643 742
11 643 743
11 643 743
11 643 744
11 643 744
11 644 741
11 644 741
11 644 742
11 644 742
11 644 743
11 644 743
12 1281 1468
12 1281 1468
12 1282 1468
12 1282 1468
12 1283 1468
12 1283 1468
12 1284 1468
12 1284 1468
12 1285 1468
12 1285 1468
12 1286 1468
12 1286 1468
12 1287 1468
12 1287 1468
12 1288 1468
12 1288 1468
12 1289 1468
12 1289 1468
13 2562 2937
13 2562 2937
13 2562 2938
13 2562 2939
13 2562 2940
13 2562 2941
13 2562 2942
13 2562 2943
13 2562 2944
13 2562 2945
13 2562 2946
13 2562 2947
13 2562 2948
13 2562 2949
14 5125 5875
14 5125 5876
14 5125 5877
14 5125 5878
14 5125 5879
14 5125 5880
14 5125 5881
14 5125 5882
14 5125 5883
14 5125 5884
14 5125 5885
14 5125 5886
14 5125 5887
14 5125 5888
14 5125 5889
14 5125 5890
14 5125 5891
14 5125 5892
14 5125 5893
14 5125 5894
14 5125 5895
14 5125 5896
14 5125 5897
14 5125 5898
14 5125 5899
15 10250 11751
15 10250 11752
15 10250 11753
15 10250 11754
15 10250 11755
15 10250 11756
15 10250 11757
15 10250 11758
15 10250 11759
15 10250 11760
15 10250 11761
15 10250 11762
15 10250 11763
15 10250 11764
15 10250 11765
15 10250 11766
15 10250 11767
15 10250 11768
15 10250 11769
15 10250 11770
15 10250 11771
15 10250 11772
15 10250 11773
15 10250 11774
15 10250 11775
15 10250 11776
15 10250 11777
15 10250 11778
15 10250 11779
15 10250 11780
15 10250 11781
15 10250 11782
15 10250 11783
15 10250 11784
15 10250 11785
15 10250 11786
15 10250 11787
15 10250 11788
15 10250 11789
15 10250 11790
15 10250 11791
15 10250 11792
15 10250 11793
15 10250 11794
15 10250 11795
15 10250 11796
15 10250 11797
15 10250 11798
16 20501 23502
16 20501 23503
16 20501 23504
16 20501 23505
16 20501 23506
16 20501 23507
16 20501 23508
16 20501 23509
16 20501 23510
16 20501 23511
16 20501 23512
16 20501 23513
16 20501 23514
16 20501 23515
16 20501 23516
16 20501 23517
16 20501 23518
16 20501 23519
16 20501 23520
16 20501 23521
16 20501 23522
16 20501 23523
16 20501 23524
16 20501 23525
16 20501 23526
16 20501 23527
16 20501 23528
16 20501 23529
16 20501 23530
16 20501 23531
16 20501 23532
16 20501 23533
16 20501 23534
16 20501 23535
16 20501 23536
16 20501 23537
16 20501 23538
16 20501 23539
16 20501 23540
16 20501 23541
16 20501 23542
16 20501 23543
16 20501 23544
16 20501 23545
16 20501 23546
16 20501 23547
16 20501 23548
16 20501 23549
16 20501 23550
16 20501 23551
16 20501 23552
16 20501 23553
16 20501 23554
16 20501 23555
16 20501 23556
16 20501 23557
16 20501 23558
16 20501 23559
16 20501 23560
16 20501 23561
16 20501 23562
16 20501 23563
16 20501 23564
16 20501 23565
16 20501 23566
16 20501 23567
16 20501 23568
16 20501 23569
16 20501 23570
16 20501 23571
16 20501 23572
16 20501 23573
16 20501 23574
16 20501 23575
16 20501 23576
16 20501 23577
16 20501 23578
16 20501 23579
16 20501 23580
16 20501 23581
16 20501 23582
16 20501 23583
16 20501 23584
16 20501 23585
16 20501 23586
16 20501 23587
16 20501 23588
16 20501 23589
16 20501 23590
16 20501 23591
16 20501 23592
16 20501 23593
16 20501 23594
16 20501 23595
16 20501 23596
17 41003 47005
17 41003 47006
17 41003 47007
17 41003 47008
17 41003 47009
17 41003 47010
17 41003 47011
17 41003 47012
17 41003 47013
17 41003 47014
17 41003 47015
17 41003 47016
17 41003 47017
17 41003 47018
17 41003 47019
17 41003 47020
17 41003 47021
17 41003 47022
17 41003 47023
17 41003 47024
17 41003 47025
17 41003 47026
17 41003 47027
17 41003 47028
17 41003 47029
17 41003 47030
17 41003 47031
17 41003 47032
17 41003 47033
17 41003 47034
17 41003 47035
17 41003 47036
17 41003 47037
17 41003 47038
17 41003 47039
17 41003 47040
17 41003 47041
17 41003 47042
17 41003 47043
17 41003 47044
17 41003 47045
17 41003 47046
17 41003 47047
17 41003 47048
17 41003 47049
17 41003 47050
17 41003 47051
17 41003 47052
17 41003 47053
17 41003 47054
17 41003 47055
17 41003 47056
17 41003 47057
17 41003 47058
17 41003 47059
17 41003 47060
17 41003 47061
17 41003 47062
17 41003 47063
17 41003 47064
17 41003 47065
17 41003 47066
17 41003 47067
17 41003 47068
17 41003 47069
17 41003 47070
17 41003 47071
17 41003 47072
17 41003 47073
17 41003 47074
17 41003 47075
17 41003 47076
17 41003 47077
17 41003 47078
17 41003 47079
17 41003 47080
17 41003 47081
17 41003 47082
17 41003 47083
17 41003 47084
17 41003 47085
17 41003 47086
17 41003 47087
17 41003 47088
17 41003 47089
17 41003 47090
17 41003 47091
17 41003 47092
17 41003 47093
17 41003 47094
17 41003 47095
17 41003 47096
17 41003 47097
17 41003 47098
17 41003 47099
17 41003 47100
17 41003 47101
17 41003 47102
17 41003 47103
17 41003 47104
17 41003 47105
17 41003 47106
17 41003 47107
17 41003 47108
17 41003 47109
17 41003 47110
17 41003 47111
17 41003 47112
17 41003 47113
17 41003 47114
17 41003 47115
17 41003 47116
17 41003 47117
17 41003 47118
17 41003 47119
17 41003 47120
17 41003 47121
17 41003 47122
17 41003 47123
17 41003 47124
17 41003 47125
17 41003 47126
17 41003 47127
17 41003 47128
17 41003 47129
17 41003 47130
17 41003 47131
17 41003 47132
17 41003 47133
17 41003 47134
17 41003 47135
17 41003 47136
17 41003 47137
17 41003 47138
17 41003 47139
17 41003 47140
17 41003 47141
17 41003 47142
17 41003 47143
17 41003 47144
17 41003 47145
17 41003 47146
17 41003 47147
17 41003 47148
17 41003 47149
17 41003 47150
17 41003 47151
17 41003 47152
17 41003 47153
17 41003 47154
17 41003 47155
17 41003 47156
17 41003 47157
17 41003 47158
17 41003 47159
17 41003 47160
17 41003 47161
17 41003 47162
17 41003 47163
17 41003 47164
17 41003 47165
17 41003 47166
17 41003 47167
17 41003 47168
17 41003 47169
17 41003 47170
17 41003 47171
17 41003 47172
17 41003 47173
17 41003 47174
17 41003 47175
17 41003 47176
17 41003 47177
17 41003 47178
17 41003 47179
17 41003 47180
17 41003 47181
17 41003 47182
17 41003 47183
17 41003 47184
17 41003 47185
17 41003 47186
17 41003 47187
17 41003 47188
17 41003 47189
17 41003 47190
17 41003 47191
17 41003 47192
17 41003 47193
18 82007 94010
3 2 2
4 5 5
4 5 5
5 10 11
5 10 11
6 20 22
6 20 22
6 20 23
6 20 23
7 40 45
7 40 45
7 40 46
7 40 46
