11 498 846
11 498 846
12 997 1692
12 997 1692
12 997 1693
12 997 1693
12 999 1692
12 999 1692
12 999 1694
12 999 1694
12 999 1695
12 999 1695
12 999 1696
12 999 1696
13 1994 3385
13 1994 3385
13 1994 3386
13 1994 3386
13 1994 3387
13 1994 3387
13 1994 3388
13 1994 3388
13 1994 3389
13 1994 3389
13 1994 3390
13 1994 3390
13 1995 3385
13 1995 3385
13 1995 3386
13 1995 3386
13 1995 3387
13 1995 3387
13 1995 3388
13 1995 3388
13 1996 3385
13 1996 3385
13 1996 3393
13 1996 3393
13 1997 3390
13 1997 3390
13 1997 3391
13 1997 3391
13 1997 3392
13 1997 3392
13 1997 3393
13 1997 3393
13 1998 3385
13 1998 3385
13 1998 3387
13 1998 3387
13 1998 3388
13 1998 3388
13 1998 3389
13 1998 3389
13 1998 3390
13 1998 3390
13 1998 3391
13 1998 3391
13 1998 3392
13 1998 3392
13 1998 3393
13 1998 3393
14 3988 6771
14 3988 6772
14 3988 6773
14 3988 6774
14 3988 6775
14 3988 6776
14 3988 6777
14 3988 6778
14 3988 6779
14 3988 6780
14 3988 6781
14 3988 6782
14 3988 6783
14 3988 6784
14 3988 6785
14 3988 6786
14 3988 6787
15 7977 13543
15 7977 13544
15 7977 13545
15 7977 13546
15 7977 13547
15 7977 13548
15 7977 13549
15 7977 13550
15 7977 13551
15 7977 13552
15 7977 13553
15 7977 13554
15 7977 13555
15 7977 13556
15 7977 13557
15 7977 13558
15 7977 13559
15 7977 13560
15 7977 13561
15 7977 13562
15 7977 13563
15 7977 13564
15 7977 13565
15 7977 13566
15 7977 13567
15 7977 13568
15 7977 13569
15 7977 13570
15 7977 13571
15 7977 13572
15 7977 13573
15 7977 13574
15 7977 13575
16 15955 27087
16 15955 27088
16 15955 27089
16 15955 27090
16 15955 27091
16 15955 27092
16 15955 27093
16 15955 27094
16 15955 27095
16 15955 27096
16 15955 27097
16 15955 27098
16 15955 27099
16 15955 27100
16 15955 27101
16 15955 27102
16 15955 27103
16 15955 27104
16 15955 27105
16 15955 27106
16 15955 27107
16 15955 27108
16 15955 27109
16 15955 27110
16 15955 27111
16 15955 27112
16 15955 27113
16 15955 27114
16 15955 27115
16 15955 27116
16 15955 27117
16 15955 27118
16 15955 27119
16 15955 27120
16 15955 27121
16 15955 27122
16 15955 27123
16 15955 27124
16 15955 27125
16 15955 27126
16 15955 27127
16 15955 27128
16 15955 27129
16 15955 27130
16 15955 27131
16 15955 27132
16 15955 27133
16 15955 27134
16 15955 27135
16 15955 27136
16 15955 27137
16 15955 27138
16 15955 27139
16 15955 27140
16 15955 27141
16 15955 27142
16 15955 27143
16 15955 27144
16 15955 27145
16 15955 27146
16 15955 27147
16 15955 27148
16 15955 27149
16 15955 27150
17 31910 54174
18 63821 108348
3 1 3
4 3 6
4 3 6
5 7 13
5 7 13
6 15 26
6 15 26
7 31 52
7 31 52
7 31 53
7 31 53
