11 508 846
12 1017 1693
12 1017 1693
12 1017 1696
12 1017 1696
12 1017 1697
12 1017 1697
12 1017 1698
12 1017 1698
12 1017 1699
12 1017 1699
12 1017 1700
12 1017 1700
12 1017 1701
12 1017 1701
12 1017 1702
12 1017 1702
12 1018 1693
12 1018 1693
12 1018 1698
12 1018 1698
12 1018 1699
12 1018 1699
12 1018 1700
12 1018 1700
12 1018 1701
12 1018 1701
12 1018 1702
12 1018 1702
12 1019 1693
12 1019 1693
12 1019 1701
12 1019 1701
12 1019 1702
12 1019 1702
12 1020 1693
12 1020 1693
12 1021 1693
12 1021 1693
12 1022 1693
12 1022 1693
12 1022 1694
12 1022 1694
12 1022 1695
12 1022 1695
12 1022 1696
12 1022 1696
12 1023 1693
12 1023 1693
12 1023 1694
12 1023 1694
12 1023 1695
12 1023 1695
12 1023 1696
12 1023 1696
12 1023 1697
12 1023 1697
12 1023 1698
12 1023 1698
12 1023 1702
12 1023 1702
13 2035 3386
13 2035 3386
13 2035 3387
13 2035 3387
13 2035 3391
13 2035 3391
13 2035 3392
13 2035 3392
13 2035 3393
13 2035 3393
13 2035 3394
13 2035 3394
13 2035 3395
13 2035 3395
13 2035 3396
13 2035 3396
13 2035 3397
13 2035 3397
13 2035 3398
13 2035 3398
13 2035 3399
13 2035 3399
13 2035 3400
13 2035 3400
13 2035 3401
13 2035 3401
13 2035 3402
13 2035 3402
13 2035 3403
13 2035 3403
13 2035 3404
13 2035 3404
13 2035 3405
13 2035 3405
13 2036 3386
13 2036 3386
13 2036 3387
13 2036 3387
13 2036 3393
13 2036 3393
13 2036 3394
13 2036 3394
13 2036 3395
13 2036 3395
13 2036 3396
13 2036 3396
13 2036 3397
13 2036 3397
13 2036 3398
13 2036 3398
13 2036 3399
13 2036 3399
13 2036 3400
13 2036 3400
13 2036 3401
13 2036 3401
13 2036 3402
13 2036 3402
13 2036 3403
13 2036 3403
13 2036 3404
13 2036 3404
13 2036 3405
13 2036 3405
13 2037 3386
13 2037 3386
13 2037 3387
13 2037 3387
13 2037 3388
13 2037 3388
13 2037 3396
13 2037 3396
13 2037 3397
13 2037 3397
13 2037 3398
13 2037 3398
13 2037 3399
13 2037 3399
13 2037 3400
13 2037 3400
13 2037 3401
13 2037 3401
13 2037 3402
13 2037 3402
13 2037 3403
13 2037 3403
13 2037 3404
13 2037 3404
13 2037 3405
13 2037 3405
13 2038 3386
13 2038 3386
13 2038 3387
13 2038 3387
13 2038 3388
13 2038 3388
13 2038 3398
13 2038 3398
13 2038 3399
13 2038 3399
13 2038 3400
13 2038 3400
13 2038 3401
13 2038 3401
13 2038 3402
13 2038 3402
13 2038 3403
13 2038 3403
13 2038 3404
13 2038 3404
13 2038 3405
13 2038 3405
13 2039 3386
13 2039 3386
13 2039 3387
13 2039 3387
13 2039 3401
13 2039 3401
13 2039 3402
13 2039 3402
13 2039 3403
13 2039 3403
13 2039 3404
13 2039 3404
13 2039 3405
13 2039 3405
13 2040 3386
13 2040 3386
13 2040 3387
13 2040 3387
13 2040 3403
13 2040 3403
13 2040 3404
13 2040 3404
13 2040 3405
13 2040 3405
13 2041 3386
13 2041 3386
13 2041 3387
13 2041 3387
13 2042 3386
13 2042 3386
13 2042 3387
13 2042 3387
13 2042 3388
13 2042 3388
13 2043 3386
13 2043 3386
13 2043 3387
13 2043 3387
13 2043 3388
13 2043 3388
13 2043 3389
13 2043 3389
13 2043 3390
13 2043 3390
13 2043 3391
13 2043 3391
13 2043 3405
13 2043 3405
13 2044 3386
13 2044 3386
13 2044 3387
13 2044 3387
13 2044 3388
13 2044 3388
13 2044 3389
13 2044 3389
13 2044 3390
13 2044 3390
13 2044 3391
13 2044 3391
13 2044 3392
13 2044 3392
13 2044 3393
13 2044 3393
13 2044 3405
13 2044 3405
13 2045 3386
13 2045 3386
13 2045 3387
13 2045 3387
13 2045 3388
13 2045 3388
13 2045 3389
13 2045 3389
13 2045 3390
13 2045 3390
13 2045 3391
13 2045 3391
13 2045 3392
13 2045 3392
13 2045 3393
13 2045 3393
13 2045 3394
13 2045 3394
13 2045 3395
13 2045 3395
13 2045 3396
13 2045 3396
13 2045 3404
13 2045 3404
13 2045 3405
13 2045 3405
13 2046 3386
13 2046 3386
13 2046 3387
13 2046 3387
13 2046 3388
13 2046 3388
13 2046 3389
13 2046 3389
13 2046 3390
13 2046 3390
13 2046 3391
13 2046 3391
13 2046 3392
13 2046 3392
13 2046 3393
13 2046 3393
13 2046 3394
13 2046 3394
13 2046 3395
13 2046 3395
13 2046 3396
13 2046 3396
13 2046 3397
13 2046 3397
13 2046 3398
13 2046 3398
13 2046 3404
13 2046 3404
13 2046 3405
13 2046 3405
13 2047 3386
13 2047 3386
13 2047 3387
13 2047 3387
13 2047 3388
13 2047 3388
13 2047 3389
13 2047 3389
13 2047 3390
13 2047 3390
13 2047 3391
13 2047 3391
13 2047 3392
13 2047 3392
13 2047 3393
13 2047 3393
13 2047 3394
13 2047 3394
13 2047 3395
13 2047 3395
13 2047 3396
13 2047 3396
13 2047 3397
13 2047 3397
13 2047 3398
13 2047 3398
13 2047 3399
13 2047 3399
13 2047 3400
13 2047 3400
13 2047 3401
13 2047 3401
13 2047 3404
13 2047 3404
13 2047 3405
13 2047 3405
14 4070 6773
14 4093 6784
15 8141 13546
15 8187 13568
16 16282 27093
16 16375 27137
17 32564 54186
18 65128 108373
3 1 3
4 3 6
4 3 6
5 7 13
5 7 13
6 15 26
6 15 26
7 31 52
7 31 52
7 31 53
7 31 53
14 4070 6774
14 4070 6775
14 4070 6776
14 4070 6777
14 4084 6778
14 4070 6779
14 4070 6780
14 4070 6781
14 4070 6782
14 4070 6783
14 4070 6784
14 4070 6785
14 4070 6786
14 4070 6787
14 4070 6788
14 4070 6789
14 4070 6790
14 4070 6791
14 4070 6792
14 4070 6793
14 4070 6794
14 4070 6795
14 4070 6796
14 4070 6797
14 4070 6798
14 4070 6799
14 4070 6800
14 4070 6801
14 4070 6802
14 4070 6803
14 4070 6804
14 4070 6805
14 4070 6806
14 4070 6807
14 4070 6808
14 4070 6809
14 4070 6810
15 8141 13547
15 8141 13548
15 8141 13549
15 8141 13550
15 8141 13551
15 8141 13552
15 8141 13553
15 8141 13554
15 8141 13555
15 8149 13556
15 8149 13557
15 8141 13558
15 8141 13559
15 8141 13560
15 8141 13561
15 8141 13562
15 8141 13563
15 8141 13564
15 8141 13565
15 8141 13566
15 8141 13567
15 8141 13568
15 8141 13569
15 8141 13570
15 8141 13571
15 8141 13572
15 8141 13573
15 8141 13574
15 8141 13575
15 8141 13576
15 8141 13577
15 8141 13578
15 8141 13579
15 8141 13580
15 8141 13581
15 8141 13582
15 8141 13583
15 8141 13584
15 8141 13585
15 8141 13586
15 8141 13587
15 8141 13588
15 8141 13589
15 8141 13590
15 8141 13591
15 8141 13592
15 8141 13593
15 8141 13594
15 8141 13595
15 8141 13596
15 8141 13597
15 8141 13598
15 8141 13599
15 8141 13600
15 8141 13601
15 8141 13602
15 8141 13603
15 8141 13604
15 8141 13605
15 8141 13606
15 8141 13607
15 8141 13608
15 8141 13609
15 8141 13610
15 8141 13611
15 8141 13612
15 8141 13613
15 8141 13614
15 8141 13615
15 8141 13616
15 8141 13617
15 8141 13618
15 8141 13619
15 8141 13620
