13 2268 3450
13 2268 3450
13 2268 3453
13 2268 3453
13 2269 3450
13 2269 3450
13 2270 3450
13 2270 3450
13 2271 3450
13 2271 3450
14 4536 6901
14 4536 6904
14 4536 6905
14 4536 6906
14 4536 6907
15 9072 13803
15 9072 13806
15 9072 13807
15 9072 13808
15 9072 13809
15 9072 13810
15 9072 13811
15 9072 13812
15 9072 13813
15 9072 13814
16 18144 27607
16 18144 27608
16 18144 27609
16 18144 27610
16 18144 27611
16 18144 27612
16 18144 27613
16 18144 27614
16 18144 27615
16 18144 27616
16 18144 27617
16 18144 27618
16 18144 27619
16 18144 27620
16 18144 27621
16 18144 27622
16 18144 27623
16 18144 27624
16 18144 27625
16 18144 27626
16 18144 27627
16 18144 27628
17 36289 55215
18 72579 110430
3 2 3
4 4 6
4 4 6
5 8 13
5 8 13
6 17 26
6 17 26
7 35 53
7 35 53
8 70 107
8 70 107
