12 1136 1614
12 1136 1615
12 1136 1616
12 1136 1617
12 1136 1618
12 1136 1619
12 1136 1620
12 1136 1621
12 1136 1622
12 1136 1623
12 1136 1624
12 1136 1625
12 1136 1626
12 1136 1627
12 1136 1628
12 1136 1629
12 1136 1630
12 1136 1631
12 1136 1632
12 1136 1633
12 1136 1634
12 1136 1635
12 1136 1636
12 1136 1637
12 1136 1638
12 1136 1639
12 1136 1640
12 1136 1641
12 1136 1642
12 1136 1643
12 1136 1644
12 1136 1645
12 1136 1646
12 1136 1647
12 1136 1648
12 1136 1649
12 1136 1650
12 1136 1651
12 1136 1652
12 1136 1653
12 1136 1654
12 1136 1655
12 1136 1656
12 1136 1657
12 1136 1658
12 1137 1614
12 1137 1657
12 1137 1658
12 1138 1614
12 1138 1657
12 1138 1658
12 1139 1614
12 1139 1657
12 1139 1658
12 1140 1614
12 1140 1657
12 1140 1658
12 1141 1614
12 1141 1657
12 1141 1658
12 1142 1614
12 1142 1657
12 1142 1658
12 1143 1614
12 1143 1657
12 1143 1658
12 1144 1614
12 1144 1657
12 1144 1658
12 1145 1614
12 1145 1657
12 1145 1658
12 1146 1614
12 1146 1657
12 1146 1658
12 1147 1614
12 1147 1657
12 1147 1658
12 1148 1614
12 1148 1657
12 1148 1658
12 1149 1614
12 1149 1657
12 1149 1658
12 1150 1614
12 1150 1657
12 1150 1658
12 1151 1614
12 1151 1657
12 1151 1658
12 1152 1614
12 1152 1657
12 1152 1658
12 1153 1614
12 1153 1657
12 1153 1658
12 1154 1614
12 1154 1657
12 1154 1658
12 1155 1614
12 1155 1657
12 1155 1658
12 1156 1614
12 1156 1657
12 1156 1658
12 1157 1614
12 1157 1657
12 1157 1658
12 1158 1614
12 1158 1657
12 1158 1658
12 1159 1614
12 1159 1657
12 1159 1658
12 1160 1614
12 1160 1657
12 1160 1658
12 1161 1614
12 1161 1657
12 1161 1658
12 1162 1614
12 1162 1657
12 1162 1658
12 1163 1614
12 1163 1657
12 1163 1658
12 1164 1614
12 1164 1657
12 1164 1658
12 1165 1614
12 1165 1657
12 1165 1658
12 1166 1614
12 1166 1657
12 1166 1658
12 1167 1614
12 1167 1657
12 1167 1658
12 1168 1614
12 1168 1657
12 1168 1658
12 1169 1614
12 1169 1657
12 1169 1658
12 1170 1614
12 1170 1657
12 1170 1658
12 1171 1614
12 1171 1657
12 1171 1658
12 1172 1614
12 1172 1657
12 1172 1658
12 1173 1614
12 1173 1657
12 1173 1658
12 1174 1614
12 1174 1657
12 1174 1658
12 1175 1614
12 1175 1657
12 1175 1658
12 1176 1614
12 1176 1657
12 1176 1658
12 1177 1614
12 1177 1657
12 1177 1658
12 1178 1614
12 1178 1657
12 1178 1658
12 1179 1614
12 1179 1657
12 1179 1658
12 1180 1614
12 1180 1657
12 1180 1658
12 1181 1614
12 1181 1657
12 1181 1658
12 1182 1614
12 1182 1657
12 1182 1658
12 1183 1614
12 1183 1657
12 1183 1658
12 1184 1614
12 1184 1657
12 1184 1658
12 1185 1614
12 1185 1657
12 1185 1658
12 1186 1614
12 1186 1657
12 1186 1658
12 1187 1614
12 1187 1657
12 1187 1658
12 1188 1614
12 1188 1657
12 1188 1658
12 1189 1614
12 1189 1657
12 1189 1658
12 1190 1614
12 1190 1657
12 1190 1658
12 1191 1614
12 1191 1657
12 1191 1658
12 1192 1614
12 1192 1657
12 1192 1658
12 1193 1614
12 1193 1657
12 1193 1658
12 1194 1614
12 1194 1657
12 1194 1658
12 1195 1614
12 1195 1657
12 1195 1658
12 1196 1614
12 1196 1615
12 1196 1616
12 1196 1617
12 1196 1618
12 1196 1619
12 1196 1620
12 1196 1621
12 1196 1622
12 1196 1623
12 1196 1624
12 1196 1625
12 1196 1626
12 1196 1627
12 1196 1628
12 1196 1629
12 1196 1630
12 1196 1631
12 1196 1632
12 1196 1633
12 1196 1634
12 1196 1635
12 1196 1636
12 1196 1637
12 1196 1638
12 1196 1639
12 1196 1640
12 1196 1641
12 1196 1642
12 1196 1643
12 1196 1644
12 1196 1645
12 1196 1646
12 1196 1647
12 1196 1648
12 1196 1649
12 1196 1650
12 1196 1651
12 1196 1652
12 1196 1653
12 1196 1654
12 1196 1655
12 1196 1656
12 1196 1657
12 1196 1658
13 2272 3228
4 4 6
