10 241 423
12 964 1692
12 964 1692
13 1929 3385
13 1929 3385
13 1929 3387
13 1929 3387
13 1930 3385
13 1930 3385
13 1930 3387
13 1930 3387
13 1931 3387
13 1931 3387
13 1932 3387
13 1932 3387
14 3859 6770
14 3859 6771
14 3859 6774
15 7718 13540
15 7718 13541
15 7718 13542
15 7718 13543
15 7718 13544
15 7718 13548
16 15436 27080
16 15436 27081
16 15436 27082
16 15436 27083
16 15436 27084
16 15436 27085
16 15436 27086
16 15436 27087
16 15436 27088
16 15436 27089
16 15436 27090
16 15436 27091
16 15436 27092
16 15436 27093
16 15436 27094
16 15436 27095
16 15436 27096
17 30873 54160
17 30873 54161
17 30873 54162
17 30873 54163
17 30873 54164
17 30873 54165
17 30873 54166
17 30873 54167
17 30873 54168
17 30873 54169
17 30873 54170
17 30873 54171
17 30873 54172
17 30873 54173
17 30873 54174
17 30873 54175
17 30873 54176
17 30873 54177
17 30873 54178
17 30873 54179
17 30873 54180
17 30873 54181
17 30873 54182
17 30873 54183
17 30873 54184
17 30873 54185
17 30873 54186
17 30873 54187
17 30873 54188
17 30873 54189
17 30873 54190
17 30873 54191
17 30873 54192
17 30873 54193
18 61747 108321
3 1 3
4 3 6
4 3 6
5 7 13
5 7 13
6 15 26
6 15 26
7 30 52
7 30 52
8 60 105
8 60 105
9 120 211
9 120 211
