10 237 426
11 474 853
11 474 853
12 949 1707
12 949 1707
12 949 1708
12 949 1708
12 949 1709
12 949 1709
12 949 1711
12 949 1711
12 949 1712
12 949 1712
12 949 1713
12 949 1713
12 950 1707
12 950 1707
12 950 1708
12 950 1708
12 950 1713
12 950 1713
12 951 1707
12 951 1707
12 951 1708
12 951 1708
12 951 1713
12 951 1713
12 952 1707
12 952 1707
12 952 1712
12 952 1712
12 952 1713
12 952 1713
12 953 1711
12 953 1711
12 953 1712
12 953 1712
12 953 1713
12 953 1713
12 954 1710
12 954 1710
12 954 1711
12 954 1711
12 954 1712
12 954 1712
12 954 1713
12 954 1713
12 955 1710
12 955 1710
12 955 1711
12 955 1711
12 955 1712
12 955 1712
12 955 1713
12 955 1713
12 956 1707
12 956 1707
12 956 1708
12 956 1708
12 956 1709
12 956 1709
12 956 1710
12 956 1710
12 956 1711
12 956 1711
12 956 1712
12 956 1712
12 956 1713
12 956 1713
13 1898 3414
13 1898 3414
13 1898 3415
13 1898 3415
13 1898 3416
13 1898 3416
13 1898 3417
13 1898 3417
13 1898 3418
13 1898 3418
13 1898 3419
13 1898 3419
13 1898 3420
13 1898 3420
13 1898 3421
13 1898 3421
13 1898 3422
13 1898 3422
13 1898 3423
13 1898 3423
13 1898 3424
13 1898 3424
13 1898 3425
13 1898 3425
13 1898 3426
13 1898 3426
13 1899 3414
13 1899 3414
13 1899 3415
13 1899 3415
13 1899 3416
13 1899 3416
13 1899 3417
13 1899 3417
13 1899 3418
13 1899 3418
13 1899 3419
13 1899 3419
13 1899 3420
13 1899 3420
13 1899 3422
13 1899 3422
13 1899 3423
13 1899 3423
13 1899 3424
13 1899 3424
13 1899 3425
13 1899 3425
13 1899 3426
13 1899 3426
13 1900 3414
13 1900 3414
13 1900 3415
13 1900 3415
13 1900 3416
13 1900 3416
13 1900 3417
13 1900 3417
13 1900 3418
13 1900 3418
13 1900 3419
13 1900 3419
13 1900 3424
13 1900 3424
13 1900 3425
13 1900 3425
13 1900 3426
13 1900 3426
13 1901 3414
13 1901 3414
13 1901 3415
13 1901 3415
13 1901 3416
13 1901 3416
13 1901 3417
13 1901 3417
13 1901 3418
13 1901 3418
13 1901 3425
13 1901 3425
13 1901 3426
13 1901 3426
13 1902 3414
13 1902 3414
13 1902 3415
13 1902 3415
13 1902 3416
13 1902 3416
13 1902 3417
13 1902 3417
13 1902 3418
13 1902 3418
13 1902 3425
13 1902 3425
13 1902 3426
13 1902 3426
13 1903 3414
13 1903 3414
13 1903 3415
13 1903 3415
13 1903 3416
13 1903 3416
13 1903 3417
13 1903 3417
13 1903 3424
13 1903 3424
13 1903 3425
13 1903 3425
13 1903 3426
13 1903 3426
13 1904 3414
13 1904 3414
13 1904 3415
13 1904 3415
13 1904 3416
13 1904 3416
13 1904 3423
13 1904 3423
13 1904 3424
13 1904 3424
13 1904 3425
13 1904 3425
13 1904 3426
13 1904 3426
13 1905 3414
13 1905 3414
13 1905 3415
13 1905 3415
13 1905 3416
13 1905 3416
13 1905 3422
13 1905 3422
13 1905 3423
13 1905 3423
13 1905 3424
13 1905 3424
13 1905 3425
13 1905 3425
13 1905 3426
13 1905 3426
13 1906 3414
13 1906 3414
13 1906 3415
13 1906 3415
13 1906 3422
13 1906 3422
13 1906 3423
13 1906 3423
13 1906 3424
13 1906 3424
13 1906 3425
13 1906 3425
13 1906 3426
13 1906 3426
13 1907 3414
13 1907 3414
13 1907 3421
13 1907 3421
13 1907 3422
13 1907 3422
13 1907 3423
13 1907 3423
13 1907 3424
13 1907 3424
13 1907 3425
13 1907 3425
13 1907 3426
13 1907 3426
13 1908 3420
13 1908 3420
13 1908 3421
13 1908 3421
13 1908 3422
13 1908 3422
13 1908 3423
13 1908 3423
13 1908 3424
13 1908 3424
13 1908 3425
13 1908 3425
13 1908 3426
13 1908 3426
13 1909 3420
13 1909 3420
13 1909 3421
13 1909 3421
13 1909 3422
13 1909 3422
13 1909 3423
13 1909 3423
13 1909 3424
13 1909 3424
13 1909 3425
13 1909 3425
13 1909 3426
13 1909 3426
13 1910 3414
13 1910 3414
13 1910 3419
13 1910 3419
13 1910 3420
13 1910 3420
13 1910 3421
13 1910 3421
13 1910 3422
13 1910 3422
13 1910 3423
13 1910 3423
13 1910 3424
13 1910 3424
13 1910 3425
13 1910 3425
13 1910 3426
13 1910 3426
13 1911 3414
13 1911 3414
13 1911 3415
13 1911 3415
13 1911 3418
13 1911 3418
13 1911 3419
13 1911 3419
13 1911 3420
13 1911 3420
13 1911 3421
13 1911 3421
13 1911 3422
13 1911 3422
13 1911 3423
13 1911 3423
13 1911 3424
13 1911 3424
13 1911 3425
13 1911 3425
13 1911 3426
13 1911 3426
13 1912 3414
13 1912 3414
13 1912 3415
13 1912 3415
13 1912 3416
13 1912 3416
13 1912 3417
13 1912 3417
13 1912 3418
13 1912 3418
13 1912 3419
13 1912 3419
13 1912 3420
13 1912 3420
13 1912 3421
13 1912 3421
13 1912 3422
13 1912 3422
13 1912 3423
13 1912 3423
13 1912 3424
13 1912 3424
13 1912 3425
13 1912 3425
13 1912 3426
13 1912 3426
14 3796 6828
14 3796 6829
14 3796 6830
14 3796 6831
14 3796 6832
14 3796 6833
14 3796 6834
14 3796 6835
14 3796 6836
14 3796 6837
14 3796 6838
14 3796 6839
14 3796 6840
14 3796 6841
14 3796 6842
14 3796 6843
14 3796 6844
14 3796 6845
14 3796 6846
14 3796 6847
14 3796 6848
14 3796 6849
14 3796 6850
14 3796 6851
14 3796 6852
15 7593 13657
15 7593 13658
15 7593 13659
15 7593 13660
15 7593 13661
15 7593 13662
15 7593 13663
15 7593 13664
15 7593 13665
15 7593 13666
15 7593 13667
15 7593 13668
15 7593 13669
15 7593 13670
15 7593 13671
15 7593 13672
15 7593 13673
15 7593 13674
15 7593 13675
15 7593 13676
15 7593 13677
15 7593 13678
15 7593 13679
15 7593 13680
15 7593 13681
15 7593 13682
15 7593 13683
15 7593 13684
15 7593 13685
15 7593 13686
15 7593 13687
15 7593 13688
15 7593 13689
15 7593 13690
15 7593 13691
15 7593 13692
15 7593 13693
15 7593 13694
15 7593 13695
15 7593 13696
15 7593 13697
15 7593 13698
15 7593 13699
15 7593 13700
15 7593 13701
15 7593 13702
15 7593 13703
15 7593 13704
15 7593 13705
16 15186 27314
16 15186 27315
16 15186 27316
16 15186 27317
16 15186 27318
16 15186 27319
16 15186 27320
16 15186 27321
16 15186 27322
16 15186 27323
16 15186 27324
16 15186 27325
16 15186 27326
16 15186 27327
16 15186 27328
16 15186 27329
16 15186 27330
16 15186 27331
16 15186 27332
16 15186 27333
16 15186 27334
16 15186 27335
16 15186 27336
16 15186 27337
16 15186 27338
16 15186 27339
16 15186 27340
16 15186 27341
16 15186 27342
16 15186 27343
16 15186 27344
16 15186 27345
16 15186 27346
16 15186 27347
16 15186 27348
16 15186 27349
16 15186 27350
16 15186 27351
16 15186 27352
16 15186 27353
16 15186 27354
16 15186 27355
16 15186 27356
16 15186 27357
16 15186 27358
16 15186 27359
16 15186 27360
16 15186 27361
16 15186 27362
16 15186 27363
16 15186 27364
16 15186 27365
16 15186 27366
16 15186 27367
16 15186 27368
16 15186 27369
16 15186 27370
16 15186 27371
16 15186 27372
16 15186 27373
16 15186 27374
16 15186 27375
16 15186 27376
16 15186 27377
16 15186 27378
16 15186 27379
16 15186 27380
16 15186 27381
16 15186 27382
16 15186 27383
16 15186 27384
16 15186 27385
16 15186 27386
16 15186 27387
16 15186 27388
16 15186 27389
16 15186 27390
16 15186 27391
16 15186 27392
16 15186 27393
16 15186 27394
16 15186 27395
16 15186 27396
16 15186 27397
16 15186 27398
16 15186 27399
16 15186 27400
16 15186 27401
16 15186 27402
16 15186 27403
16 15186 27404
16 15186 27405
16 15186 27406
16 15186 27407
16 15186 27408
16 15186 27409
16 15186 27410
16 15186 27411
17 30373 54629
17 30373 54630
17 30373 54631
17 30373 54632
17 30373 54633
17 30373 54634
17 30373 54635
17 30373 54636
17 30373 54637
17 30373 54638
17 30373 54639
17 30373 54640
17 30373 54641
17 30373 54642
17 30373 54643
17 30373 54644
17 30373 54645
17 30373 54646
17 30373 54647
17 30373 54648
17 30373 54649
17 30373 54650
17 30373 54651
17 30373 54652
17 30373 54653
17 30373 54654
17 30373 54655
17 30373 54656
17 30373 54657
17 30373 54658
17 30373 54659
17 30373 54660
17 30373 54661
17 30373 54662
17 30373 54663
17 30373 54664
17 30373 54665
17 30373 54666
17 30373 54667
17 30373 54668
17 30373 54669
17 30373 54670
17 30373 54671
17 30373 54672
17 30373 54673
17 30373 54674
17 30373 54675
17 30373 54676
17 30373 54677
17 30373 54678
17 30373 54679
17 30373 54680
17 30373 54681
17 30373 54682
17 30373 54683
17 30373 54684
17 30373 54685
17 30373 54686
17 30373 54687
17 30373 54688
17 30373 54689
17 30373 54690
17 30373 54691
17 30373 54692
17 30373 54693
17 30373 54694
17 30373 54695
17 30373 54696
17 30373 54697
17 30373 54698
17 30373 54699
17 30373 54700
17 30373 54701
17 30373 54702
17 30373 54703
17 30373 54704
17 30373 54705
17 30373 54706
17 30373 54707
17 30373 54708
17 30373 54709
17 30373 54710
17 30373 54711
17 30373 54712
17 30373 54713
17 30373 54714
17 30373 54715
17 30373 54716
17 30373 54717
17 30373 54718
17 30373 54719
17 30373 54720
17 30373 54721
17 30373 54722
17 30373 54723
17 30373 54724
17 30373 54725
17 30373 54726
17 30373 54727
17 30373 54728
17 30373 54729
17 30373 54730
17 30373 54731
17 30373 54732
17 30373 54733
17 30373 54734
17 30373 54735
17 30373 54736
17 30373 54737
17 30373 54738
17 30373 54739
17 30373 54740
17 30373 54741
17 30373 54742
17 30373 54743
17 30373 54744
17 30373 54745
17 30373 54746
17 30373 54747
17 30373 54748
17 30373 54749
17 30373 54750
17 30373 54751
17 30373 54752
17 30373 54753
17 30373 54754
17 30373 54755
17 30373 54756
17 30373 54757
17 30373 54758
17 30373 54759
17 30373 54760
17 30373 54761
17 30373 54762
17 30373 54763
17 30373 54764
17 30373 54765
17 30373 54766
17 30373 54767
17 30373 54768
17 30373 54769
17 30373 54770
17 30373 54771
17 30373 54772
17 30373 54773
17 30373 54774
17 30373 54775
17 30373 54776
17 30373 54777
17 30373 54778
17 30373 54779
17 30373 54780
17 30373 54781
17 30373 54782
17 30373 54783
17 30373 54784
17 30373 54785
17 30373 54786
17 30373 54787
17 30373 54788
17 30373 54789
17 30373 54790
17 30373 54791
17 30373 54792
17 30373 54793
17 30373 54794
17 30373 54795
17 30373 54796
17 30373 54797
17 30373 54798
17 30373 54799
17 30373 54800
17 30373 54801
17 30373 54802
17 30373 54803
17 30373 54804
17 30373 54805
17 30373 54806
17 30373 54807
17 30373 54808
17 30373 54809
17 30373 54810
17 30373 54811
17 30373 54812
17 30373 54813
17 30373 54814
17 30373 54815
17 30373 54816
17 30373 54817
17 30373 54818
17 30373 54819
17 30373 54820
17 30373 54821
17 30373 54822
18 60746 109258
3 1 3
4 3 6
4 3 6
5 7 13
5 7 13
6 14 26
6 14 26
7 29 53
7 29 53
8 59 106
8 59 106
8 59 107
8 59 107
9 119 214
9 119 214
