12 995 1686
12 995 1686
12 995 1687
12 995 1687
12 995 1688
12 995 1688
13 1986 3373
13 1986 3373
13 1986 3374
13 1986 3374
13 1986 3375
13 1986 3375
13 1986 3376
13 1986 3376
13 1986 3377
13 1986 3377
13 1989 3377
13 1989 3377
13 1990 3374
13 1990 3374
13 1990 3375
13 1990 3375
13 1990 3376
13 1990 3376
13 1990 3377
13 1990 3377
14 3973 6746
14 3973 6747
14 3973 6748
14 3973 6749
14 3973 6750
14 3973 6751
14 3973 6752
14 3973 6753
14 3973 6754
14 3973 6755
15 7947 13492
15 7947 13493
15 7947 13494
15 7947 13495
15 7947 13496
15 7947 13497
15 7947 13498
15 7947 13499
15 7947 13500
15 7947 13501
15 7947 13502
15 7947 13503
15 7947 13504
15 7947 13505
15 7947 13506
15 7947 13507
15 7947 13508
15 7947 13509
15 7947 13510
15 7947 13511
16 15894 26984
16 15894 26985
16 15894 26986
16 15894 26987
16 15894 26988
16 15894 26989
16 15894 26990
16 15894 26991
16 15894 26992
16 15894 26993
16 15894 26994
16 15894 26995
16 15894 26996
16 15894 26997
16 15894 26998
16 15894 26999
16 15894 27000
16 15894 27001
16 15894 27002
16 15894 27003
16 15894 27004
16 15894 27005
16 15894 27006
16 15894 27007
16 15894 27008
16 15894 27009
16 15894 27010
16 15894 27011
16 15894 27012
16 15894 27013
16 15894 27014
16 15894 27015
16 15894 27016
16 15894 27017
16 15894 27018
16 15894 27019
16 15894 27020
16 15894 27021
16 15894 27022
17 31788 53968
17 31788 53969
17 31788 53970
17 31788 53971
17 31788 53972
17 31788 53973
17 31788 53974
17 31788 53975
17 31788 53976
17 31788 53977
17 31788 53978
17 31788 53979
17 31788 53980
17 31788 53981
17 31788 53982
17 31788 53983
17 31788 53984
17 31788 53985
17 31788 53986
17 31788 53987
17 31788 53988
17 31788 53989
17 31788 53990
17 31788 53991
17 31788 53992
17 31788 53993
17 31788 53994
17 31788 53995
17 31788 53996
17 31788 53997
17 31788 53998
17 31788 53999
17 31788 54000
17 31788 54001
17 31788 54002
17 31788 54003
17 31788 54004
17 31788 54005
17 31788 54006
17 31788 54007
17 31788 54008
17 31788 54009
17 31788 54010
17 31788 54011
17 31788 54012
17 31788 54013
17 31788 54014
17 31788 54015
17 31788 54016
17 31788 54017
17 31788 54018
17 31788 54019
17 31788 54020
17 31788 54021
17 31788 54022
17 31788 54023
17 31788 54024
17 31788 54025
17 31788 54026
17 31788 54027
17 31788 54028
17 31788 54029
17 31788 54030
17 31788 54031
17 31788 54032
17 31788 54033
17 31788 54034
17 31788 54035
17 31788 54036
17 31788 54037
17 31788 54038
17 31788 54039
17 31788 54040
17 31788 54041
17 31788 54042
17 31788 54043
17 31788 54044
18 63577 107937
3 1 3
4 3 6
4 3 6
5 7 13
5 7 13
6 15 26
6 15 26
7 31 52
7 31 52
