13 1962 3378
13 1962 3378
14 3925 6756
14 3925 6757
15 7851 13512
15 7851 13513
15 7851 13514
16 15702 27014
16 15702 27015
16 15702 27016
16 15702 27017
16 15702 27018
16 15702 27019
16 15702 27020
16 15702 27021
16 15702 27022
16 15702 27023
16 15702 27024
16 15702 27025
16 15702 27026
16 15702 27027
16 15702 27028
17 31405 54029
17 31405 54030
17 31405 54031
17 31405 54032
17 31405 54033
17 31405 54034
17 31405 54035
17 31405 54036
17 31405 54037
17 31405 54038
17 31405 54039
17 31405 54040
17 31405 54041
17 31405 54042
17 31405 54043
17 31405 54044
17 31405 54045
17 31405 54046
17 31405 54047
17 31405 54048
17 31405 54049
17 31405 54050
17 31405 54051
17 31405 54052
17 31405 54053
17 31405 54054
17 31405 54055
17 31405 54056
17 31405 54057
18 62811 108058
3 1 3
4 3 6
4 3 6
5 7 13
5 7 13
6 15 26
6 15 26
7 30 52
7 30 52
8 61 105
8 61 105
