11 591 806
12 1182 1613
12 1182 1613
12 1183 1613
12 1183 1613
12 1184 1613
12 1184 1613
12 1185 1613
12 1185 1613
12 1186 1613
12 1186 1613
12 1187 1613
12 1187 1613
12 1188 1613
12 1188 1613
12 1189 1613
12 1189 1613
12 1190 1613
12 1190 1613
12 1191 1613
12 1191 1613
12 1192 1613
12 1192 1613
13 2364 3227
13 2364 3227
13 2364 3245
13 2364 3245
13 2365 3227
13 2365 3227
13 2365 3245
13 2365 3245
13 2366 3227
13 2366 3227
13 2366 3245
13 2366 3245
13 2367 3227
13 2367 3227
13 2367 3245
13 2367 3245
13 2368 3227
13 2368 3227
13 2368 3245
13 2368 3245
13 2369 3227
13 2369 3227
13 2369 3245
13 2369 3245
13 2370 3227
13 2370 3227
13 2370 3245
13 2370 3245
13 2371 3227
13 2371 3227
13 2371 3245
13 2371 3245
13 2372 3227
13 2372 3227
13 2372 3245
13 2372 3245
13 2373 3227
13 2373 3227
13 2373 3245
13 2373 3245
13 2374 3227
13 2374 3227
13 2374 3245
13 2374 3245
13 2375 3227
13 2375 3227
13 2375 3245
13 2375 3245
13 2376 3227
13 2376 3227
13 2376 3245
13 2376 3245
13 2377 3227
13 2377 3227
13 2377 3245
13 2377 3245
13 2378 3227
13 2378 3227
13 2378 3245
13 2378 3245
13 2379 3227
13 2379 3227
13 2379 3245
13 2379 3245
13 2380 3227
13 2380 3227
13 2380 3245
13 2380 3245
13 2381 3227
13 2381 3227
13 2381 3245
13 2381 3245
13 2382 3227
13 2382 3227
13 2382 3245
13 2382 3245
13 2383 3227
13 2383 3227
13 2383 3245
13 2383 3245
13 2384 3227
13 2384 3227
13 2384 3245
13 2384 3245
13 2385 3227
13 2385 3227
13 2385 3245
13 2385 3245
14 4728 6455
14 4728 6456
14 4728 6457
14 4728 6458
14 4728 6459
14 4728 6460
14 4728 6461
14 4728 6462
14 4728 6463
14 4728 6464
14 4728 6465
14 4728 6466
14 4728 6467
14 4728 6468
14 4728 6469
14 4728 6470
14 4728 6471
14 4728 6472
14 4728 6473
14 4728 6474
14 4728 6475
14 4728 6476
14 4728 6477
14 4728 6478
14 4728 6479
14 4728 6480
14 4728 6481
14 4728 6482
14 4728 6483
14 4728 6484
14 4728 6485
14 4728 6486
14 4728 6487
14 4728 6488
14 4728 6489
14 4728 6490
14 4728 6491
15 9456 12910
15 9456 12911
15 9456 12912
15 9456 12913
15 9456 12914
15 9456 12915
15 9456 12916
15 9456 12917
15 9456 12918
15 9456 12919
15 9456 12920
15 9456 12921
15 9456 12922
15 9456 12923
15 9456 12924
15 9456 12925
15 9456 12926
15 9456 12927
15 9456 12928
15 9456 12929
15 9456 12930
15 9456 12931
15 9456 12932
15 9456 12933
15 9456 12934
15 9456 12935
15 9456 12936
15 9456 12937
15 9456 12938
15 9456 12939
15 9456 12940
15 9456 12941
15 9456 12942
15 9456 12943
15 9456 12944
15 9456 12945
15 9456 12946
15 9456 12947
15 9456 12948
15 9456 12949
15 9456 12950
15 9456 12951
15 9456 12952
15 9456 12953
15 9456 12954
15 9456 12955
15 9456 12956
15 9456 12957
15 9456 12958
15 9456 12959
15 9456 12960
15 9456 12961
15 9456 12962
15 9456 12963
15 9456 12964
15 9456 12965
15 9456 12966
15 9456 12967
15 9456 12968
15 9456 12969
15 9456 12970
15 9456 12971
15 9456 12972
15 9456 12973
15 9456 12974
15 9456 12975
15 9456 12976
15 9456 12977
15 9456 12978
15 9456 12979
15 9456 12980
15 9456 12981
15 9456 12982
15 9467 12967
15 9481 12958
15 9514 12916
16 18913 25820
16 18913 25821
16 18913 25822
16 18913 25823
16 18913 25824
16 18913 25825
16 18913 25826
16 18913 25827
16 18913 25828
16 18913 25829
16 18913 25830
16 18913 25831
16 18913 25832
16 18913 25833
16 18913 25834
16 18913 25835
16 18913 25836
16 18913 25837
16 18913 25838
16 18913 25839
16 18913 25840
16 18913 25841
16 18913 25842
16 18913 25843
16 18913 25844
16 18913 25845
16 18913 25846
16 18913 25847
16 18913 25848
16 18913 25849
16 18913 25850
16 18913 25851
16 18913 25852
16 18913 25853
16 18913 25854
16 18913 25855
16 18913 25856
16 18913 25857
16 18913 25858
16 18913 25859
16 18913 25860
16 18913 25861
16 18913 25862
16 18913 25863
16 18913 25864
16 18913 25865
16 18913 25866
16 18913 25867
16 18913 25868
16 18913 25869
16 18913 25870
16 18913 25871
16 18913 25872
16 18913 25873
16 18913 25874
16 18913 25875
16 18913 25876
16 18913 25877
16 18913 25878
16 18913 25879
16 18913 25880
16 18913 25881
16 18913 25882
16 18913 25883
16 18913 25884
16 18913 25885
16 18913 25886
16 18913 25887
16 18913 25888
16 18913 25889
16 18913 25890
16 18913 25891
16 18913 25892
16 18913 25893
16 18913 25894
16 18913 25895
16 18913 25896
16 18913 25897
16 18913 25898
16 18913 25899
16 18913 25900
16 18913 25901
16 18913 25902
16 18913 25903
16 18913 25904
16 18913 25905
16 18913 25906
16 18913 25907
16 18913 25908
16 18913 25909
16 18913 25910
16 18913 25911
16 18913 25912
16 18913 25913
16 18913 25914
16 18913 25915
16 18913 25916
16 18913 25917
16 18913 25918
16 18913 25919
16 18913 25920
16 18913 25921
16 18913 25922
16 18913 25923
16 18913 25924
16 18913 25925
16 18913 25926
16 18913 25927
16 18913 25928
16 18913 25929
16 18913 25930
16 18913 25931
16 18913 25932
16 18913 25933
16 18913 25934
16 18913 25935
16 18913 25936
16 18913 25937
16 18913 25938
16 18913 25939
16 18913 25940
16 18913 25941
16 18913 25942
16 18913 25943
16 18913 25944
16 18913 25945
16 18913 25946
16 18913 25947
16 18913 25948
16 18913 25949
16 18913 25950
16 18913 25951
16 18913 25952
16 18913 25953
16 18913 25954
16 18913 25955
16 18913 25956
16 18913 25957
16 18913 25958
16 18913 25959
16 18913 25960
16 18913 25961
16 18913 25962
16 18913 25963
16 18913 25964
16 18935 25935
16 18963 25917
16 19029 25832
17 37827 51641
18 75654 103283
3 2 3
4 4 6
4 4 6
5 9 12
5 9 12
6 18 25
6 18 25
