13 2332 3150
13 2332 3150
13 2332 3151
13 2332 3151
13 2332 3152
13 2332 3152
13 2332 3153
13 2332 3153
13 2333 3153
13 2333 3153
13 2334 3150
13 2334 3150
13 2335 3150
13 2335 3150
13 2335 3151
13 2335 3151
13 2335 3152
13 2335 3152
13 2335 3153
13 2335 3153
14 4665 6301
14 4665 6302
14 4665 6303
14 4665 6304
14 4665 6305
14 4665 6306
15 9330 12603
15 9330 12604
15 9330 12605
15 9330 12606
15 9330 12607
15 9330 12608
15 9330 12609
15 9330 12610
15 9330 12611
15 9330 12612
16 18661 25206
16 18661 25207
16 18661 25208
16 18661 25209
16 18661 25210
16 18661 25211
16 18661 25212
16 18661 25213
16 18661 25214
16 18661 25215
16 18661 25216
16 18661 25217
16 18661 25218
16 18661 25219
16 18661 25220
16 18661 25221
16 18661 25222
16 18661 25223
16 18661 25224
16 18661 25225
17 37323 50412
18 74647 100824
3 2 3
4 4 6
4 4 6
5 9 12
5 9 12
6 18 24
6 18 24
7 36 49
7 36 49
8 72 98
8 72 98
