12 1009 1692
12 1009 1692
12 1010 1692
12 1010 1692
12 1011 1692
12 1011 1692
13 2019 3385
13 2019 3385
13 2020 3385
13 2020 3385
13 2021 3385
13 2021 3385
13 2022 3385
13 2022 3385
13 2023 3385
13 2023 3385
14 4039 6770
14 4039 6771
14 4039 6779
15 8079 13541
15 8079 13542
15 8079 13543
15 8079 13558
15 8093 13544
15 8093 13545
15 8093 13546
15 8093 13547
15 8093 13548
15 8093 13549
15 8093 13550
15 8093 13551
15 8093 13552
15 8093 13553
15 8093 13554
15 8093 13555
15 8093 13556
15 8093 13557
16 16158 27082
16 16158 27083
16 16158 27084
16 16158 27085
16 16158 27086
16 16158 27087
16 16158 27116
16 16186 27088
16 16186 27089
16 16186 27090
16 16186 27091
16 16186 27092
16 16186 27093
16 16186 27094
16 16186 27095
16 16186 27096
16 16186 27097
16 16186 27098
16 16186 27099
16 16186 27100
16 16186 27101
16 16186 27102
16 16186 27103
16 16186 27104
16 16186 27105
16 16186 27106
16 16186 27107
16 16186 27108
16 16186 27109
16 16186 27110
16 16186 27111
16 16186 27112
16 16186 27113
16 16186 27114
16 16186 27115
17 32316 54164
18 64632 108328
3 1 3
4 3 6
4 3 6
5 7 13
5 7 13
6 15 26
6 15 26
7 31 52
7 31 52
8 63 105
8 63 105
