13 2408 3082
13 2408 3082
13 2409 3082
13 2409 3082
13 2410 3082
13 2410 3082
13 2411 3082
13 2411 3082
13 2412 3082
13 2412 3082
13 2413 3082
13 2413 3082
14 4817 6165
14 4817 6173
15 9634 12331
15 9634 12332
15 9634 12333
15 9634 12334
15 9634 12335
15 9634 12336
15 9634 12337
15 9634 12338
15 9634 12339
15 9634 12340
15 9634 12341
15 9634 12342
15 9634 12343
15 9634 12344
15 9634 12345
15 9634 12346
16 19269 24663
16 19269 24664
16 19269 24665
16 19269 24666
16 19269 24667
16 19269 24668
16 19269 24669
16 19269 24670
16 19269 24671
16 19269 24672
16 19269 24673
16 19269 24674
16 19269 24675
16 19269 24676
16 19269 24677
16 19269 24678
16 19269 24679
16 19269 24680
16 19269 24681
16 19269 24682
16 19269 24683
16 19269 24684
16 19269 24685
16 19269 24686
16 19269 24687
16 19269 24688
16 19269 24689
16 19269 24690
16 19269 24691
16 19269 24692
17 38538 49327
18 77077 98654
3 2 3
4 4 6
4 4 6
5 9 12
5 9 12
6 18 24
6 18 24
7 37 48
7 37 48
8 75 96
8 75 96
9 150 192
9 150 192
