11 590 777
11 591 777
13 1309 2857
13 1309 2858
13 1309 2859
13 1310 2857
13 1310 2858
13 1310 2859
13 1310 2862
13 1310 2863
13 1310 2864
13 1311 2857
13 1311 2858
13 1311 2859
13 1311 2860
13 1311 2862
13 1311 2863
13 1311 2864
13 1312 2858
13 1312 2859
13 1312 2860
13 2351 3131
13 2351 3131
13 2352 3131
13 2352 3131
13 2353 3131
13 2353 3131
13 2354 3131
13 2354 3131
13 2355 3131
13 2355 3131
13 2356 3131
13 2356 3131
13 2357 3131
13 2357 3131
13 2358 3131
13 2358 3131
13 2359 3131
13 2359 3131
13 2360 3131
13 2360 3131
13 2361 3131
13 2361 3131
13 2362 3131
13 2362 3131
13 2363 3131
13 2363 3131
13 2364 3131
13 2364 3131
13 2365 3131
13 2365 3131
13 2366 3131
13 2366 3131
13 2367 3131
13 2367 3131
13 2368 3131
13 2368 3131
13 2369 3131
13 2369 3131
13 2370 3131
13 2370 3131
13 2371 3131
13 2371 3131
13 2532 2972
13 2532 2973
13 2532 2974
13 2533 2972
13 2533 2973
13 2533 2974
13 2534 2973
13 2534 2974
14 4702 6224
14 4702 6225
14 4702 6226
14 4702 6227
14 4702 6228
14 4702 6229
14 4702 6230
14 4702 6231
14 4702 6232
14 4702 6233
14 4702 6234
14 4702 6235
14 4702 6236
14 4702 6237
14 4702 6238
14 4702 6239
14 4702 6240
14 4702 6241
14 4702 6242
14 4702 6243
14 4702 6244
14 4702 6245
14 4702 6246
14 4702 6247
14 4702 6248
14 4702 6249
14 4702 6250
14 4702 6251
14 4702 6252
14 4702 6253
14 4702 6254
14 4702 6255
14 4702 6256
14 4702 6257
14 4702 6258
14 4702 6259
14 4702 6260
14 4702 6261
14 4702 6262
14 4704 6266
14 4742 6261
14 4743 6261
15 9404 12449
15 9404 12450
15 9404 12451
15 9404 12452
15 9404 12453
15 9404 12454
15 9404 12455
15 9404 12456
15 9404 12457
15 9404 12458
15 9404 12459
15 9404 12460
15 9404 12461
15 9404 12462
15 9404 12463
15 9404 12464
15 9404 12465
15 9404 12466
15 9404 12467
15 9404 12468
15 9404 12469
15 9404 12470
15 9404 12471
15 9404 12472
15 9404 12473
15 9404 12474
15 9404 12475
15 9404 12476
15 9404 12477
15 9404 12478
15 9404 12479
15 9404 12480
15 9404 12481
15 9404 12482
15 9404 12483
15 9404 12484
15 9404 12485
15 9404 12486
15 9404 12487
15 9404 12488
15 9404 12489
15 9404 12490
15 9404 12491
15 9404 12492
15 9404 12493
15 9404 12494
15 9404 12495
15 9404 12496
15 9404 12497
15 9404 12498
15 9404 12499
15 9404 12500
15 9404 12501
15 9404 12502
15 9404 12503
15 9404 12504
15 9404 12505
15 9404 12506
15 9404 12507
15 9404 12508
15 9404 12509
15 9404 12510
15 9404 12511
15 9404 12512
15 9404 12513
15 9404 12514
15 9404 12515
15 9404 12516
15 9404 12517
15 9404 12518
15 9404 12519
15 9404 12520
15 9404 12521
15 9404 12522
15 9404 12523
15 9404 12524
15 9405 12484
15 9405 12485
15 9405 12486
15 9405 12487
15 9405 12488
15 9405 12489
15 9405 12490
15 9405 12491
15 9405 12492
15 9405 12493
15 9405 12494
15 9405 12495
15 9405 12496
15 9405 12497
15 9405 12498
15 9405 12499
15 9405 12500
15 9405 12501
15 9405 12502
15 9405 12503
15 9405 12504
15 9405 12505
15 9405 12506
15 9405 12507
15 9405 12508
15 9405 12509
15 9405 12510
15 9405 12511
15 9405 12512
15 9405 12513
15 9405 12514
15 9405 12515
15 9405 12516
15 9405 12517
15 9405 12518
15 9405 12519
15 9405 12520
15 9405 12521
15 9405 12522
15 9406 12490
15 9408 12532
15 9418 12513
15 9424 12495
15 9425 12489
15 9439 12472
15 9445 12468
15 9445 12495
15 9446 12517
15 9449 12489
15 9450 12501
15 9461 12502
15 9470 12482
15 9476 12475
15 9479 12457
15 9479 12469
15 9481 12454
15 9481 12456
15 9481 12493
15 9483 12479
15 9485 12523
15 9486 12459
15 9486 12460
15 9486 12462
15 9486 12523
15 9487 12454
16 18808 24898
16 18808 24899
16 18808 24900
16 18808 24901
16 18808 24902
16 18808 24903
16 18808 24904
16 18808 24905
16 18808 24906
16 18808 24907
16 18808 24908
16 18808 24909
16 18808 24910
16 18808 24911
16 18808 24912
16 18808 24913
16 18808 24914
16 18808 24915
16 18808 24916
16 18808 24917
16 18808 24918
16 18808 24919
16 18808 24920
16 18808 24921
16 18808 24922
16 18808 24923
16 18808 24924
16 18808 24925
16 18808 24926
16 18808 24927
16 18808 24928
16 18808 24929
16 18808 24930
16 18808 24931
16 18808 24932
16 18808 24933
16 18808 24934
16 18808 24935
16 18808 24936
16 18808 24937
16 18808 24938
16 18808 24939
16 18808 24940
16 18808 24941
16 18808 24942
16 18808 24943
16 18808 24944
16 18808 24945
16 18808 24946
16 18808 24947
16 18808 24948
16 18808 24949
16 18808 24950
16 18808 24951
16 18808 24952
16 18808 24953
16 18808 24954
16 18808 24955
16 18808 24956
16 18808 24957
16 18808 24958
16 18808 24959
16 18808 24960
16 18808 24961
16 18808 24962
16 18808 24963
16 18808 24964
16 18808 24965
16 18808 24966
16 18808 24967
16 18808 24968
16 18808 24969
16 18808 24970
16 18808 24971
16 18808 24972
16 18808 24973
16 18808 24974
16 18808 24975
16 18808 24976
16 18808 24977
16 18808 24978
16 18808 24979
16 18808 24980
16 18808 24981
16 18808 24982
16 18808 24983
16 18808 24984
16 18808 24985
16 18808 24986
16 18808 24987
16 18808 24988
16 18808 24989
16 18808 24990
16 18808 24991
16 18808 24992
16 18808 24993
16 18808 24994
16 18808 24995
16 18808 24996
16 18808 24997
16 18808 24998
16 18808 24999
16 18808 25000
16 18808 25001
16 18808 25002
16 18808 25003
16 18808 25004
16 18808 25005
16 18808 25006
16 18808 25007
16 18808 25008
16 18808 25009
16 18808 25010
16 18808 25011
16 18808 25012
16 18808 25013
16 18808 25014
16 18808 25015
16 18808 25016
16 18808 25017
16 18808 25018
16 18808 25019
16 18808 25020
16 18808 25021
16 18808 25022
16 18808 25023
16 18808 25024
16 18808 25025
16 18808 25026
16 18808 25027
16 18808 25028
16 18808 25029
16 18808 25030
16 18808 25031
16 18808 25032
16 18808 25033
16 18808 25034
16 18808 25035
16 18808 25036
16 18808 25037
16 18808 25038
16 18808 25039
16 18808 25040
16 18808 25041
16 18808 25042
16 18808 25043
16 18808 25044
16 18808 25045
16 18808 25046
16 18808 25047
16 18808 25048
16 18811 24969
16 18811 24970
16 18811 24971
16 18811 24972
16 18811 24973
16 18811 24974
16 18811 24975
16 18811 24976
16 18811 24977
16 18811 24978
16 18811 24979
16 18811 24980
16 18811 24981
16 18811 24982
16 18811 24983
16 18811 24984
16 18811 24985
16 18811 24986
16 18811 24987
16 18811 24988
16 18811 24989
16 18811 24990
16 18811 24991
16 18811 24992
16 18811 24993
16 18811 24994
16 18811 24995
16 18811 24996
16 18811 24997
16 18811 24998
16 18811 24999
16 18811 25000
16 18811 25001
16 18811 25002
16 18811 25003
16 18811 25004
16 18811 25005
16 18811 25006
16 18811 25007
16 18811 25008
16 18811 25009
16 18811 25010
16 18811 25011
16 18811 25012
16 18811 25013
16 18811 25014
16 18811 25015
16 18811 25016
16 18811 25017
16 18811 25018
16 18811 25019
16 18811 25020
16 18811 25021
16 18811 25022
16 18811 25023
16 18811 25024
16 18811 25025
16 18811 25026
16 18811 25027
16 18811 25028
16 18811 25029
16 18811 25030
16 18811 25031
16 18811 25032
16 18811 25033
16 18811 25034
16 18811 25035
16 18811 25036
16 18811 25037
16 18811 25038
16 18811 25039
16 18811 25040
16 18811 25041
16 18811 25042
16 18811 25043
16 18811 25044
16 18813 24980
16 18816 25020
16 18816 25021
16 18816 25022
16 18816 25023
16 18816 25024
16 18816 25025
16 18816 25026
16 18816 25027
16 18816 25028
16 18816 25029
16 18816 25030
16 18816 25031
16 18816 25032
16 18816 25033
16 18816 25034
16 18816 25035
16 18816 25036
16 18816 25037
16 18816 25038
16 18816 25039
16 18816 25040
16 18816 25041
16 18816 25042
16 18816 25043
16 18816 25044
16 18816 25045
16 18816 25046
16 18816 25047
16 18816 25048
16 18816 25049
16 18816 25050
16 18816 25051
16 18816 25052
16 18816 25053
16 18816 25054
16 18816 25055
16 18816 25056
16 18816 25057
16 18816 25058
16 18816 25059
16 18816 25060
16 18816 25061
16 18816 25062
16 18816 25063
16 18816 25064
16 18836 25027
16 18848 24991
16 18850 24979
16 18878 24945
16 18890 24936
16 18891 24990
16 18893 25034
16 18898 24979
16 18900 25002
16 18922 25004
16 18940 24965
16 18953 24950
16 18958 24914
16 18958 24938
16 18962 24908
16 18962 24986
16 18963 24913
16 18967 24958
16 18971 25047
16 18972 25047
16 18973 24918
16 18973 24920
16 18973 24925
16 18974 24909
17 37617 49797
17 37617 49798
17 37617 49799
17 37617 49800
17 37617 49801
17 37617 49802
17 37617 49803
17 37617 49804
17 37617 49805
17 37617 49806
17 37617 49807
17 37617 49808
17 37617 49809
17 37617 49810
17 37617 49811
17 37617 49812
17 37617 49813
17 37617 49814
17 37617 49815
17 37617 49816
17 37617 49817
17 37617 49818
17 37617 49819
17 37617 49820
17 37617 49821
17 37617 49822
17 37617 49823
17 37617 49824
17 37617 49825
17 37617 49826
17 37617 49827
17 37617 49828
17 37617 49829
17 37617 49830
17 37617 49831
17 37617 49832
17 37617 49833
17 37617 49834
17 37617 49835
17 37617 49836
17 37617 49837
17 37617 49838
17 37617 49839
17 37617 49840
17 37617 49841
17 37617 49842
17 37617 49843
17 37617 49844
17 37617 49845
17 37617 49846
17 37617 49847
17 37617 49848
17 37617 49849
17 37617 49850
17 37617 49851
17 37617 49852
17 37617 49853
17 37617 49854
17 37617 49855
17 37617 49856
17 37617 49857
17 37617 49858
17 37617 49859
17 37617 49860
17 37617 49861
17 37617 49862
17 37617 49863
17 37617 49864
17 37617 49865
17 37617 49866
17 37617 49867
17 37617 49868
17 37617 49869
17 37617 49870
17 37617 49871
17 37617 49872
17 37617 49873
17 37617 49874
17 37617 49875
17 37617 49876
17 37617 49877
17 37617 49878
17 37617 49879
17 37617 49880
17 37617 49881
17 37617 49882
17 37617 49883
17 37617 49884
17 37617 49885
17 37617 49886
17 37617 49887
17 37617 49888
17 37617 49889
17 37617 49890
17 37617 49891
17 37617 49892
17 37617 49893
17 37617 49894
17 37617 49895
17 37617 49896
17 37617 49897
17 37617 49898
17 37617 49899
17 37617 49900
17 37617 49901
17 37617 49902
17 37617 49903
17 37617 49904
17 37617 49905
17 37617 49906
17 37617 49907
17 37617 49908
17 37617 49909
17 37617 49910
17 37617 49911
17 37617 49912
17 37617 49913
17 37617 49914
17 37617 49915
17 37617 49916
17 37617 49917
17 37617 49918
17 37617 49919
17 37617 49920
17 37617 49921
17 37617 49922
17 37617 49923
17 37617 49924
17 37617 49925
17 37617 49926
17 37617 49927
17 37617 49928
17 37617 49929
17 37617 49930
17 37617 49931
17 37617 49932
17 37617 49933
17 37617 49934
17 37617 49935
17 37617 49936
17 37617 49937
17 37617 49938
17 37617 49939
17 37617 49940
17 37617 49941
17 37617 49942
17 37617 49943
17 37617 49944
17 37617 49945
17 37617 49946
17 37617 49947
17 37617 49948
17 37617 49949
17 37617 49950
17 37617 49951
17 37617 49952
17 37617 49953
17 37617 49954
17 37617 49955
17 37617 49956
17 37617 49957
17 37617 49958
17 37617 49959
17 37617 49960
17 37617 49961
17 37617 49962
17 37617 49963
17 37617 49964
17 37617 49965
17 37617 49966
17 37617 49967
17 37617 49968
17 37617 49969
17 37617 49970
17 37617 49971
17 37617 49972
17 37617 49973
17 37617 49974
17 37617 49975
17 37617 49976
17 37617 49977
17 37617 49978
17 37617 49979
17 37617 49980
17 37617 49981
17 37617 49982
17 37617 49983
17 37617 49984
17 37617 49985
17 37617 49986
17 37617 49987
17 37617 49988
17 37617 49989
17 37617 49990
17 37617 49991
17 37617 49992
17 37617 49993
17 37617 49994
17 37617 49995
17 37617 49996
17 37617 49997
17 37617 49998
17 37617 49999
17 37617 50000
17 37617 50001
17 37617 50002
17 37617 50003
17 37617 50004
17 37617 50005
17 37617 50006
17 37617 50007
17 37617 50008
17 37617 50009
17 37617 50010
17 37617 50011
17 37617 50012
17 37617 50013
17 37617 50014
17 37617 50015
17 37617 50016
17 37617 50017
17 37617 50018
17 37617 50019
17 37617 50020
17 37617 50021
17 37617 50022
17 37617 50023
17 37617 50024
17 37617 50025
17 37617 50026
17 37617 50027
17 37617 50028
17 37617 50029
17 37617 50030
17 37617 50031
17 37617 50032
17 37617 50033
17 37617 50034
17 37617 50035
17 37617 50036
17 37617 50037
17 37617 50038
17 37617 50039
17 37617 50040
17 37617 50041
17 37617 50042
17 37617 50043
17 37617 50044
17 37617 50045
17 37617 50046
17 37617 50047
17 37617 50048
17 37617 50049
17 37617 50050
17 37617 50051
17 37617 50052
17 37617 50053
17 37617 50054
17 37617 50055
17 37617 50056
17 37617 50057
17 37617 50058
17 37617 50059
17 37617 50060
17 37617 50061
17 37617 50062
17 37617 50063
17 37617 50064
17 37617 50065
17 37617 50066
17 37617 50067
17 37617 50068
17 37617 50069
17 37617 50070
17 37617 50071
17 37617 50072
17 37617 50073
17 37617 50074
17 37617 50075
17 37617 50076
17 37617 50077
17 37617 50078
17 37617 50079
17 37617 50080
17 37617 50081
17 37617 50082
17 37617 50083
17 37617 50084
17 37617 50085
17 37617 50086
17 37617 50087
17 37617 50088
17 37617 50089
17 37617 50090
17 37617 50091
17 37617 50092
17 37617 50093
17 37617 50094
17 37617 50095
17 37617 50096
17 37617 50097
17 37673 50054
17 37696 49983
17 37701 49958
17 37780 49872
17 37782 49981
17 37787 50069
17 37797 49959
17 37845 50009
17 37880 49930
17 37917 49829
17 37924 49816
17 37945 50094
18 75235 99595
18 75347 100108
18 75392 99966
18 75403 99917
18 75560 99745
18 75565 99963
18 75575 100138
18 75595 99918
18 75690 100018
18 75761 99861
18 75834 99658
18 75848 99633
18 75891 100189
3 2 3
4 4 6
4 4 6
5 9 12
5 9 12
6 18 24
6 18 24
