12 1181 1589
12 1181 1589
12 1182 1589
12 1182 1589
12 1183 1589
12 1183 1589
12 1184 1589
12 1184 1589
12 1185 1589
12 1185 1589
13 2362 3178
13 2362 3178
13 2363 3178
13 2363 3178
13 2364 3178
13 2364 3178
13 2365 3178
13 2365 3178
13 2366 3178
13 2366 3178
13 2367 3178
13 2367 3178
13 2368 3178
13 2368 3178
13 2369 3178
13 2369 3178
13 2370 3178
13 2370 3178
13 2371 3167
13 2371 3167
13 2371 3168
13 2371 3168
13 2371 3169
13 2371 3169
13 2371 3170
13 2371 3170
13 2371 3171
13 2371 3171
13 2371 3172
13 2371 3172
13 2371 3173
13 2371 3173
13 2371 3174
13 2371 3174
13 2371 3175
13 2371 3175
13 2371 3176
13 2371 3176
13 2371 3177
13 2371 3177
13 2371 3178
13 2371 3178
14 4724 6356
14 4740 6342
14 4742 6334
14 4742 6335
14 4742 6336
14 4742 6337
14 4742 6338
14 4742 6339
14 4742 6340
14 4742 6341
14 4742 6343
14 4742 6344
14 4742 6345
14 4742 6346
14 4742 6347
14 4742 6348
14 4742 6349
14 4742 6350
14 4742 6351
14 4742 6352
14 4742 6353
14 4742 6354
14 4742 6355
15 9448 12668
15 9448 12712
15 9448 12713
15 9480 12684
15 9480 12685
15 9480 12686
15 9483 12683
15 9484 12669
15 9484 12670
15 9484 12671
15 9484 12672
15 9484 12673
15 9484 12674
15 9484 12675
15 9484 12676
15 9484 12677
15 9484 12678
15 9484 12679
15 9484 12680
15 9484 12681
15 9484 12682
15 9484 12687
15 9484 12688
15 9484 12689
15 9484 12690
15 9484 12691
15 9484 12692
15 9484 12693
15 9484 12694
15 9484 12695
15 9484 12696
15 9484 12697
15 9484 12698
15 9484 12699
15 9484 12700
15 9484 12701
15 9484 12702
15 9484 12703
15 9484 12704
15 9484 12705
15 9484 12706
15 9484 12707
15 9484 12708
15 9484 12709
15 9484 12710
15 9484 12711
16 18896 25337
16 18896 25338
16 18896 25339
16 18896 25340
16 18896 25341
16 18896 25342
16 18896 25343
16 18896 25344
16 18896 25345
16 18896 25346
16 18896 25347
16 18896 25348
16 18896 25349
16 18896 25350
16 18896 25351
16 18896 25352
16 18896 25353
16 18896 25354
16 18896 25355
16 18896 25356
16 18896 25357
16 18896 25358
16 18896 25359
16 18896 25360
16 18896 25361
16 18896 25362
16 18896 25363
16 18896 25364
16 18896 25365
16 18896 25366
16 18896 25367
16 18896 25368
16 18896 25369
16 18896 25370
16 18896 25371
16 18896 25372
16 18896 25373
16 18896 25374
16 18896 25375
16 18896 25376
16 18896 25377
16 18896 25378
16 18896 25379
16 18896 25380
16 18896 25381
16 18896 25382
16 18896 25383
16 18896 25384
16 18896 25385
16 18896 25386
16 18896 25387
16 18896 25388
16 18896 25389
16 18896 25390
16 18896 25391
16 18896 25392
16 18896 25393
16 18896 25394
16 18896 25395
16 18896 25396
16 18896 25397
16 18896 25398
16 18896 25399
16 18896 25400
16 18896 25401
16 18896 25402
16 18896 25403
16 18896 25404
16 18896 25405
16 18896 25406
16 18896 25407
16 18896 25408
16 18896 25409
16 18896 25410
16 18896 25411
16 18896 25412
16 18896 25413
16 18896 25414
16 18896 25415
16 18896 25416
16 18896 25417
16 18896 25418
16 18896 25419
16 18896 25420
16 18896 25421
16 18896 25422
16 18896 25423
16 18896 25424
16 18896 25425
16 18896 25426
16 18943 25384
16 18950 25392
17 37792 50674
18 75584 101348
3 2 3
4 4 6
4 4 6
5 9 12
5 9 12
6 18 24
6 18 24
7 36 49
7 36 49
7 37 49
7 37 49
