13 2046 3378
13 2046 3378
13 2046 3379
13 2046 3379
13 2046 3380
13 2046 3380
13 2046 3381
13 2046 3381
13 2046 3382
13 2046 3382
13 2046 3383
13 2046 3383
13 2046 3384
13 2046 3384
13 2046 3385
13 2046 3385
13 2046 3386
13 2046 3386
13 2046 3387
13 2046 3387
13 2046 3388
13 2046 3388
13 2046 3389
13 2046 3389
13 2046 3390
13 2046 3390
13 2046 3391
13 2046 3391
13 2046 3392
13 2046 3392
13 2046 3393
13 2046 3393
13 2046 3394
13 2046 3394
13 2046 3395
13 2046 3395
13 2046 3396
13 2046 3396
13 2046 3397
13 2046 3397
13 2046 3398
13 2046 3398
13 2046 3399
13 2046 3399
13 2047 3378
13 2047 3378
13 2048 3378
13 2048 3378
13 2049 3378
13 2049 3378
13 2050 3378
13 2050 3378
13 2051 3378
13 2051 3378
13 2052 3378
13 2052 3378
13 2053 3378
13 2053 3378
13 2054 3378
13 2054 3378
13 2055 3378
13 2055 3378
13 2056 3378
13 2056 3378
13 2057 3378
13 2057 3378
13 2058 3378
13 2058 3378
13 2059 3378
13 2059 3378
13 2060 3378
13 2060 3378
13 2061 3378
13 2061 3378
13 2062 3378
13 2062 3378
13 2063 3378
13 2063 3378
13 2063 3379
13 2063 3379
13 2063 3380
13 2063 3380
13 2063 3381
13 2063 3381
13 2063 3382
13 2063 3382
13 2063 3383
13 2063 3383
13 2063 3384
13 2063 3384
13 2063 3385
13 2063 3385
13 2063 3386
13 2063 3386
13 2063 3387
13 2063 3387
13 2063 3388
13 2063 3388
13 2063 3389
13 2063 3389
13 2063 3390
13 2063 3390
13 2063 3391
13 2063 3391
13 2063 3392
13 2063 3392
13 2063 3393
13 2063 3393
13 2063 3394
13 2063 3394
13 2063 3395
13 2063 3395
13 2063 3396
13 2063 3396
13 2063 3397
13 2063 3397
13 2063 3398
13 2063 3398
13 2063 3399
13 2063 3399
14 4093 6757
14 4093 6758
14 4093 6759
14 4093 6760
14 4093 6761
14 4093 6762
14 4093 6763
14 4093 6764
14 4093 6765
14 4093 6766
14 4093 6767
14 4093 6768
14 4093 6769
14 4093 6770
14 4093 6771
14 4093 6772
14 4093 6773
14 4093 6774
14 4093 6775
14 4093 6776
14 4093 6777
14 4093 6778
14 4093 6779
14 4093 6780
14 4093 6781
14 4093 6782
14 4093 6783
14 4093 6784
14 4093 6785
14 4093 6786
14 4093 6787
14 4093 6788
14 4093 6789
14 4093 6790
14 4093 6791
14 4093 6792
14 4093 6793
14 4093 6794
14 4093 6795
14 4093 6796
14 4093 6797
14 4093 6798
14 4093 6799
15 8186 13515
15 8186 13516
15 8186 13517
15 8186 13518
15 8186 13519
15 8186 13520
15 8186 13521
15 8186 13522
15 8186 13523
15 8186 13524
15 8186 13525
15 8186 13526
15 8186 13527
15 8186 13528
15 8186 13529
15 8186 13530
15 8186 13531
15 8186 13532
15 8186 13533
15 8186 13534
15 8186 13535
15 8186 13536
15 8186 13537
15 8186 13538
15 8186 13539
15 8186 13540
15 8186 13541
15 8186 13542
15 8186 13543
15 8186 13544
15 8186 13545
15 8186 13546
15 8186 13547
15 8186 13548
15 8186 13549
15 8186 13550
15 8186 13551
15 8186 13552
15 8186 13553
15 8186 13554
15 8186 13555
15 8186 13556
15 8186 13557
15 8186 13558
15 8186 13559
15 8186 13560
15 8186 13561
15 8186 13562
15 8186 13563
15 8186 13564
15 8186 13565
15 8186 13566
15 8186 13567
15 8186 13568
15 8186 13569
15 8186 13570
15 8186 13571
15 8186 13572
15 8186 13573
15 8186 13574
15 8186 13575
15 8186 13576
15 8186 13577
15 8186 13578
15 8186 13579
15 8186 13580
15 8186 13581
15 8186 13582
15 8186 13583
15 8186 13584
15 8186 13585
15 8186 13586
15 8186 13587
15 8186 13588
15 8186 13589
15 8186 13590
15 8186 13591
15 8186 13592
15 8186 13593
15 8186 13594
15 8186 13595
15 8186 13596
15 8186 13597
15 8186 13598
15 8187 13568
16 16372 27030
16 16372 27031
16 16372 27032
16 16372 27033
16 16372 27034
16 16372 27035
16 16372 27036
16 16372 27037
16 16372 27038
16 16372 27039
16 16372 27040
16 16372 27041
16 16372 27042
16 16372 27043
16 16372 27044
16 16372 27045
16 16372 27046
16 16372 27047
16 16372 27048
16 16372 27049
16 16372 27050
16 16372 27051
16 16372 27052
16 16372 27053
16 16372 27054
16 16372 27055
16 16372 27056
16 16372 27057
16 16372 27058
16 16372 27059
16 16372 27060
16 16372 27061
16 16372 27062
16 16372 27063
16 16372 27064
16 16372 27065
16 16372 27066
16 16372 27067
16 16372 27068
16 16372 27069
16 16372 27070
16 16372 27071
16 16372 27072
16 16372 27073
16 16372 27074
16 16372 27075
16 16372 27076
16 16372 27077
16 16372 27078
16 16372 27079
16 16372 27080
16 16372 27081
16 16372 27082
16 16372 27083
16 16372 27084
16 16372 27085
16 16372 27086
16 16372 27087
16 16372 27088
16 16372 27089
16 16372 27090
16 16372 27091
16 16372 27092
16 16372 27093
16 16372 27094
16 16372 27095
16 16372 27096
16 16372 27097
16 16372 27098
16 16372 27099
16 16372 27100
16 16372 27101
16 16372 27102
16 16372 27103
16 16372 27104
16 16372 27105
16 16372 27106
16 16372 27107
16 16372 27108
16 16372 27109
16 16372 27110
16 16372 27111
16 16372 27112
16 16372 27113
16 16372 27114
16 16372 27115
16 16372 27116
16 16372 27117
16 16372 27118
16 16372 27119
16 16372 27120
16 16372 27121
16 16372 27122
16 16372 27123
16 16372 27124
16 16372 27125
16 16372 27126
16 16372 27127
16 16372 27128
16 16372 27129
16 16372 27130
16 16372 27131
16 16372 27132
16 16372 27133
16 16372 27134
16 16372 27135
16 16372 27136
16 16372 27137
16 16372 27138
16 16372 27139
16 16372 27140
16 16372 27141
16 16372 27142
16 16372 27143
16 16372 27144
16 16372 27145
16 16372 27146
16 16372 27147
16 16372 27148
16 16372 27149
16 16372 27150
16 16372 27151
16 16372 27152
16 16372 27153
16 16372 27154
16 16372 27155
16 16372 27156
16 16372 27157
16 16372 27158
16 16372 27159
16 16372 27160
16 16372 27161
16 16372 27162
16 16372 27163
16 16372 27164
16 16372 27165
16 16372 27166
16 16372 27167
16 16372 27168
16 16372 27169
16 16372 27170
16 16372 27171
16 16372 27172
16 16372 27173
16 16372 27174
16 16372 27175
16 16372 27176
16 16372 27177
16 16372 27178
16 16372 27179
16 16372 27180
16 16372 27181
16 16372 27182
16 16372 27183
16 16372 27184
16 16372 27185
16 16372 27186
16 16372 27187
16 16372 27188
16 16372 27189
16 16372 27190
16 16372 27191
16 16372 27192
16 16372 27193
16 16372 27194
16 16372 27195
16 16372 27196
16 16372 27197
16 16375 27137
16 16407 27120
16 16456 27156
16 16460 27067
17 32745 54061
17 32745 54062
17 32745 54063
17 32745 54064
17 32745 54065
17 32745 54066
17 32745 54067
17 32745 54068
17 32745 54069
17 32745 54070
17 32745 54071
17 32745 54072
17 32745 54073
17 32745 54074
17 32745 54075
17 32745 54076
17 32745 54077
17 32745 54078
17 32745 54079
17 32745 54080
17 32745 54081
17 32745 54082
17 32745 54083
17 32745 54084
17 32745 54085
17 32745 54086
17 32745 54087
17 32745 54088
17 32745 54089
17 32745 54090
17 32745 54091
17 32745 54092
17 32745 54093
17 32745 54094
17 32745 54095
17 32745 54096
17 32745 54097
17 32745 54098
17 32745 54099
17 32745 54100
17 32745 54101
17 32745 54102
17 32745 54103
17 32745 54104
17 32745 54105
17 32745 54106
17 32745 54107
17 32745 54108
17 32745 54109
17 32745 54110
17 32745 54111
17 32745 54112
17 32745 54113
17 32745 54114
17 32745 54115
17 32745 54116
17 32745 54117
17 32745 54118
17 32745 54119
17 32745 54120
17 32745 54121
17 32745 54122
17 32745 54123
17 32745 54124
17 32745 54125
17 32745 54126
17 32745 54127
17 32745 54128
17 32745 54129
17 32745 54130
17 32745 54131
17 32745 54132
17 32745 54133
17 32745 54134
17 32745 54135
17 32745 54136
17 32745 54137
17 32745 54138
17 32745 54139
17 32745 54140
17 32745 54141
17 32745 54142
17 32745 54143
17 32745 54144
17 32745 54145
17 32745 54146
17 32745 54147
17 32745 54148
17 32745 54149
17 32745 54150
17 32745 54151
17 32745 54152
17 32745 54153
17 32745 54154
17 32745 54155
17 32745 54156
17 32745 54157
17 32745 54158
17 32745 54159
17 32745 54160
17 32745 54161
17 32745 54162
17 32745 54163
17 32745 54164
17 32745 54165
17 32745 54166
17 32745 54167
17 32745 54168
17 32745 54169
17 32745 54170
17 32745 54171
17 32745 54172
17 32745 54173
17 32745 54174
17 32745 54175
17 32745 54176
17 32745 54177
17 32745 54178
17 32745 54179
17 32745 54180
17 32745 54181
17 32745 54182
17 32745 54183
17 32745 54184
17 32745 54185
17 32745 54186
17 32745 54187
17 32745 54188
17 32745 54189
17 32745 54190
17 32745 54191
17 32745 54192
17 32745 54193
17 32745 54194
17 32745 54195
17 32745 54196
17 32745 54197
17 32745 54198
17 32745 54199
17 32745 54200
17 32745 54201
17 32745 54202
17 32745 54203
17 32745 54204
17 32745 54205
17 32745 54206
17 32745 54207
17 32745 54208
17 32745 54209
17 32745 54210
17 32745 54211
17 32745 54212
17 32745 54213
17 32745 54214
17 32745 54215
17 32745 54216
17 32745 54217
17 32745 54218
17 32745 54219
17 32745 54220
17 32745 54221
17 32745 54222
17 32745 54223
17 32745 54224
17 32745 54225
17 32745 54226
17 32745 54227
17 32745 54228
17 32745 54229
17 32745 54230
17 32745 54231
17 32745 54232
17 32745 54233
17 32745 54234
17 32745 54235
17 32745 54236
17 32745 54237
17 32745 54238
17 32745 54239
17 32745 54240
17 32745 54241
17 32745 54242
17 32745 54243
17 32745 54244
17 32745 54245
17 32745 54246
17 32745 54247
17 32745 54248
17 32745 54249
17 32745 54250
17 32745 54251
17 32745 54252
17 32745 54253
17 32745 54254
17 32745 54255
17 32745 54256
17 32745 54257
17 32745 54258
17 32745 54259
17 32745 54260
17 32745 54261
17 32745 54262
17 32745 54263
17 32745 54264
17 32745 54265
17 32745 54266
17 32745 54267
17 32745 54268
17 32745 54269
17 32745 54270
17 32745 54271
17 32745 54272
17 32745 54273
17 32745 54274
17 32745 54275
17 32745 54276
17 32745 54277
17 32745 54278
17 32745 54279
17 32745 54280
17 32745 54281
17 32745 54282
17 32745 54283
17 32745 54284
17 32745 54285
17 32745 54286
17 32745 54287
17 32745 54288
17 32745 54289
17 32745 54290
17 32745 54291
17 32745 54292
17 32745 54293
17 32745 54294
17 32745 54295
17 32745 54296
17 32745 54297
17 32745 54298
17 32745 54299
17 32745 54300
17 32745 54301
17 32745 54302
17 32745 54303
17 32745 54304
17 32745 54305
17 32745 54306
17 32745 54307
17 32745 54308
17 32745 54309
17 32745 54310
17 32745 54311
17 32745 54312
17 32745 54313
17 32745 54314
17 32745 54315
17 32745 54316
17 32745 54317
17 32745 54318
17 32745 54319
17 32745 54320
17 32745 54321
17 32745 54322
17 32745 54323
17 32745 54324
17 32745 54325
17 32745 54326
17 32745 54327
17 32745 54328
17 32745 54329
17 32745 54330
17 32745 54331
17 32745 54332
17 32745 54333
17 32745 54334
17 32745 54335
17 32745 54336
17 32745 54337
17 32745 54338
17 32745 54339
17 32745 54340
17 32745 54341
17 32745 54342
17 32745 54343
17 32745 54344
17 32745 54345
17 32745 54346
17 32745 54347
17 32745 54348
17 32745 54349
17 32745 54350
17 32745 54351
17 32745 54352
17 32745 54353
17 32745 54354
17 32745 54355
17 32745 54356
17 32745 54357
17 32745 54358
17 32745 54359
17 32745 54360
17 32745 54361
17 32745 54362
17 32745 54363
17 32745 54364
17 32745 54365
17 32745 54366
17 32745 54367
17 32745 54368
17 32745 54369
17 32745 54370
17 32745 54371
17 32745 54372
17 32745 54373
17 32745 54374
17 32745 54375
17 32745 54376
17 32745 54377
17 32745 54378
17 32745 54379
17 32745 54380
17 32745 54381
17 32745 54382
17 32745 54383
17 32745 54384
17 32745 54385
17 32745 54386
17 32745 54387
17 32745 54388
17 32745 54389
17 32745 54390
17 32745 54391
17 32745 54392
17 32745 54393
17 32745 54394
17 32745 54395
17 32750 54274
17 32815 54240
17 32912 54312
17 32920 54134
18 65491 108122
18 65491 108123
18 65491 108124
18 65491 108125
18 65491 108126
18 65491 108127
18 65491 108128
18 65491 108129
18 65491 108130
18 65491 108131
18 65491 108132
18 65491 108133
18 65491 108134
18 65491 108135
18 65491 108136
18 65491 108137
18 65491 108138
18 65491 108139
18 65491 108140
18 65491 108141
18 65491 108142
18 65491 108143
18 65491 108144
18 65491 108145
18 65491 108146
18 65491 108147
18 65491 108148
18 65491 108149
18 65491 108150
18 65491 108151
18 65491 108152
18 65491 108153
18 65491 108154
18 65491 108155
18 65491 108156
18 65491 108157
18 65491 108158
18 65491 108159
18 65491 108160
18 65491 108161
18 65491 108162
18 65491 108163
18 65491 108164
18 65491 108165
18 65491 108166
18 65491 108167
18 65491 108168
18 65491 108169
18 65491 108170
18 65491 108171
18 65491 108172
18 65491 108173
18 65491 108174
18 65491 108175
18 65491 108176
18 65491 108177
18 65491 108178
18 65491 108179
18 65491 108180
18 65491 108181
18 65491 108182
18 65491 108183
18 65491 108184
18 65491 108185
18 65491 108186
18 65491 108187
18 65491 108188
18 65491 108189
18 65491 108190
18 65491 108191
18 65491 108192
18 65491 108193
18 65491 108194
18 65491 108195
18 65491 108196
18 65491 108197
18 65491 108198
18 65491 108199
18 65491 108200
18 65491 108201
18 65491 108202
18 65491 108203
18 65491 108204
18 65491 108205
18 65491 108206
18 65491 108207
18 65491 108208
18 65491 108209
18 65491 108210
18 65491 108211
18 65491 108212
18 65491 108213
18 65491 108214
18 65491 108215
18 65491 108216
18 65491 108217
18 65491 108218
18 65491 108219
18 65491 108220
18 65491 108221
18 65491 108222
18 65491 108223
18 65491 108224
18 65491 108225
18 65491 108226
18 65491 108227
18 65491 108228
18 65491 108229
18 65491 108230
18 65491 108231
18 65491 108232
18 65491 108233
18 65491 108234
18 65491 108235
18 65491 108236
18 65491 108237
18 65491 108238
18 65491 108239
18 65491 108240
18 65491 108241
18 65491 108242
18 65491 108243
18 65491 108244
18 65491 108245
18 65491 108246
18 65491 108247
18 65491 108248
18 65491 108249
18 65491 108250
18 65491 108251
18 65491 108252
18 65491 108253
18 65491 108254
18 65491 108255
18 65491 108256
18 65491 108257
18 65491 108258
18 65491 108259
18 65491 108260
18 65491 108261
18 65491 108262
18 65491 108263
18 65491 108264
18 65491 108265
18 65491 108266
18 65491 108267
18 65491 108268
18 65491 108269
18 65491 108270
18 65491 108271
18 65491 108272
18 65491 108273
18 65491 108274
18 65491 108275
18 65491 108276
18 65491 108277
18 65491 108278
18 65491 108279
18 65491 108280
18 65491 108281
18 65491 108282
18 65491 108283
18 65491 108284
18 65491 108285
18 65491 108286
18 65491 108287
18 65491 108288
18 65491 108289
18 65491 108290
18 65491 108291
18 65491 108292
18 65491 108293
18 65491 108294
18 65491 108295
18 65491 108296
18 65491 108297
18 65491 108298
18 65491 108299
18 65491 108300
18 65491 108301
18 65491 108302
18 65491 108303
18 65491 108304
18 65491 108305
18 65491 108306
18 65491 108307
18 65491 108308
18 65491 108309
18 65491 108310
18 65491 108311
18 65491 108312
18 65491 108313
18 65491 108314
18 65491 108315
18 65491 108316
18 65491 108317
18 65491 108318
18 65491 108319
18 65491 108320
18 65491 108321
18 65491 108322
18 65491 108323
18 65491 108324
18 65491 108325
18 65491 108326
18 65491 108327
18 65491 108328
18 65491 108329
18 65491 108330
18 65491 108331
18 65491 108332
18 65491 108333
18 65491 108334
18 65491 108335
18 65491 108336
18 65491 108337
18 65491 108338
18 65491 108339
18 65491 108340
18 65491 108341
18 65491 108342
18 65491 108343
18 65491 108344
18 65491 108345
18 65491 108346
18 65491 108347
18 65491 108348
18 65491 108349
18 65491 108350
18 65491 108351
18 65491 108352
18 65491 108353
18 65491 108354
18 65491 108355
18 65491 108356
18 65491 108357
18 65491 108358
18 65491 108359
18 65491 108360
18 65491 108361
18 65491 108362
18 65491 108363
18 65491 108364
18 65491 108365
18 65491 108366
18 65491 108367
18 65491 108368
18 65491 108369
18 65491 108370
18 65491 108371
18 65491 108372
18 65491 108373
18 65491 108374
18 65491 108375
18 65491 108376
18 65491 108377
18 65491 108378
18 65491 108379
18 65491 108380
18 65491 108381
18 65491 108382
18 65491 108383
18 65491 108384
18 65491 108385
18 65491 108386
18 65491 108387
18 65491 108388
18 65491 108389
18 65491 108390
18 65491 108391
18 65491 108392
18 65491 108393
18 65491 108394
18 65491 108395
18 65491 108396
18 65491 108397
18 65491 108398
18 65491 108399
18 65491 108400
18 65491 108401
18 65491 108402
18 65491 108403
18 65491 108404
18 65491 108405
18 65491 108406
18 65491 108407
18 65491 108408
18 65491 108409
18 65491 108410
18 65491 108411
18 65491 108412
18 65491 108413
18 65491 108414
18 65491 108415
18 65491 108416
18 65491 108417
18 65491 108418
18 65491 108419
18 65491 108420
18 65491 108421
18 65491 108422
18 65491 108423
18 65491 108424
18 65491 108425
18 65491 108426
18 65491 108427
18 65491 108428
18 65491 108429
18 65491 108430
18 65491 108431
18 65491 108432
18 65491 108433
18 65491 108434
18 65491 108435
18 65491 108436
18 65491 108437
18 65491 108438
18 65491 108439
18 65491 108440
18 65491 108441
18 65491 108442
18 65491 108443
18 65491 108444
18 65491 108445
18 65491 108446
18 65491 108447
18 65491 108448
18 65491 108449
18 65491 108450
18 65491 108451
18 65491 108452
18 65491 108453
18 65491 108454
18 65491 108455
18 65491 108456
18 65491 108457
18 65491 108458
18 65491 108459
18 65491 108460
18 65491 108461
18 65491 108462
18 65491 108463
18 65491 108464
18 65491 108465
18 65491 108466
18 65491 108467
18 65491 108468
18 65491 108469
18 65491 108470
18 65491 108471
18 65491 108472
18 65491 108473
18 65491 108474
18 65491 108475
18 65491 108476
18 65491 108477
18 65491 108478
18 65491 108479
18 65491 108480
18 65491 108481
18 65491 108482
18 65491 108483
18 65491 108484
18 65491 108485
18 65491 108486
18 65491 108487
18 65491 108488
18 65491 108489
18 65491 108490
18 65491 108491
18 65491 108492
18 65491 108493
18 65491 108494
18 65491 108495
18 65491 108496
18 65491 108497
18 65491 108498
18 65491 108499
18 65491 108500
18 65491 108501
18 65491 108502
18 65491 108503
18 65491 108504
18 65491 108505
18 65491 108506
18 65491 108507
18 65491 108508
18 65491 108509
18 65491 108510
18 65491 108511
18 65491 108512
18 65491 108513
18 65491 108514
18 65491 108515
18 65491 108516
18 65491 108517
18 65491 108518
18 65491 108519
18 65491 108520
18 65491 108521
18 65491 108522
18 65491 108523
18 65491 108524
18 65491 108525
18 65491 108526
18 65491 108527
18 65491 108528
18 65491 108529
18 65491 108530
18 65491 108531
18 65491 108532
18 65491 108533
18 65491 108534
18 65491 108535
18 65491 108536
18 65491 108537
18 65491 108538
18 65491 108539
18 65491 108540
18 65491 108541
18 65491 108542
18 65491 108543
18 65491 108544
18 65491 108545
18 65491 108546
18 65491 108547
18 65491 108548
18 65491 108549
18 65491 108550
18 65491 108551
18 65491 108552
18 65491 108553
18 65491 108554
18 65491 108555
18 65491 108556
18 65491 108557
18 65491 108558
18 65491 108559
18 65491 108560
18 65491 108561
18 65491 108562
18 65491 108563
18 65491 108564
18 65491 108565
18 65491 108566
18 65491 108567
18 65491 108568
18 65491 108569
18 65491 108570
18 65491 108571
18 65491 108572
18 65491 108573
18 65491 108574
18 65491 108575
18 65491 108576
18 65491 108577
18 65491 108578
18 65491 108579
18 65491 108580
18 65491 108581
18 65491 108582
18 65491 108583
18 65491 108584
18 65491 108585
18 65491 108586
18 65491 108587
18 65491 108588
18 65491 108589
18 65491 108590
18 65491 108591
18 65491 108592
18 65491 108593
18 65491 108594
18 65491 108595
18 65491 108596
18 65491 108597
18 65491 108598
18 65491 108599
18 65491 108600
18 65491 108601
18 65491 108602
18 65491 108603
18 65491 108604
18 65491 108605
18 65491 108606
18 65491 108607
18 65491 108608
18 65491 108609
18 65491 108610
18 65491 108611
18 65491 108612
18 65491 108613
18 65491 108614
18 65491 108615
18 65491 108616
18 65491 108617
18 65491 108618
18 65491 108619
18 65491 108620
18 65491 108621
18 65491 108622
18 65491 108623
18 65491 108624
18 65491 108625
18 65491 108626
18 65491 108627
18 65491 108628
18 65491 108629
18 65491 108630
18 65491 108631
18 65491 108632
18 65491 108633
18 65491 108634
18 65491 108635
18 65491 108636
18 65491 108637
18 65491 108638
18 65491 108639
18 65491 108640
18 65491 108641
18 65491 108642
18 65491 108643
18 65491 108644
18 65491 108645
18 65491 108646
18 65491 108647
18 65491 108648
18 65491 108649
18 65491 108650
18 65491 108651
18 65491 108652
18 65491 108653
18 65491 108654
18 65491 108655
18 65491 108656
18 65491 108657
18 65491 108658
18 65491 108659
18 65491 108660
18 65491 108661
18 65491 108662
18 65491 108663
18 65491 108664
18 65491 108665
18 65491 108666
18 65491 108667
18 65491 108668
18 65491 108669
18 65491 108670
18 65491 108671
18 65491 108672
18 65491 108673
18 65491 108674
18 65491 108675
18 65491 108676
18 65491 108677
18 65491 108678
18 65491 108679
18 65491 108680
18 65491 108681
18 65491 108682
18 65491 108683
18 65491 108684
18 65491 108685
18 65491 108686
18 65491 108687
18 65491 108688
18 65491 108689
18 65491 108690
18 65491 108691
18 65491 108692
18 65491 108693
18 65491 108694
18 65491 108695
18 65491 108696
18 65491 108697
18 65491 108698
18 65491 108699
18 65491 108700
18 65491 108701
18 65491 108702
18 65491 108703
18 65491 108704
18 65491 108705
18 65491 108706
18 65491 108707
18 65491 108708
18 65491 108709
18 65491 108710
18 65491 108711
18 65491 108712
18 65491 108713
18 65491 108714
18 65491 108715
18 65491 108716
18 65491 108717
18 65491 108718
18 65491 108719
18 65491 108720
18 65491 108721
18 65491 108722
18 65491 108723
18 65491 108724
18 65491 108725
18 65491 108726
18 65491 108727
18 65491 108728
18 65491 108729
18 65491 108730
18 65491 108731
18 65491 108732
18 65491 108733
18 65491 108734
18 65491 108735
18 65491 108736
18 65491 108737
18 65491 108738
18 65491 108739
18 65491 108740
18 65491 108741
18 65491 108742
18 65491 108743
18 65491 108744
18 65491 108745
18 65491 108746
18 65491 108747
18 65491 108748
18 65491 108749
18 65491 108750
18 65491 108751
18 65491 108752
18 65491 108753
18 65491 108754
18 65491 108755
18 65491 108756
18 65491 108757
18 65491 108758
18 65491 108759
18 65491 108760
18 65491 108761
18 65491 108762
18 65491 108763
18 65491 108764
18 65491 108765
18 65491 108766
18 65491 108767
18 65491 108768
18 65491 108769
18 65491 108770
18 65491 108771
18 65491 108772
18 65491 108773
18 65491 108774
18 65491 108775
18 65491 108776
18 65491 108777
18 65491 108778
18 65491 108779
18 65491 108780
18 65491 108781
18 65491 108782
18 65491 108783
18 65491 108784
18 65491 108785
18 65491 108786
18 65491 108787
18 65491 108788
18 65491 108789
18 65491 108790
18 65491 108791
18 65500 108549
18 65631 108480
18 65824 108625
18 65841 108268
3 1 3
3 2 3
4 3 6
4 3 6
4 4 6
4 4 6
5 7 13
5 7 13
5 8 13
5 8 13
6 15 26
6 15 26
6 16 26
6 16 26
7 31 52
7 31 52
7 31 53
7 31 53
7 32 52
7 32 52
7 32 53
7 32 53
