10 282 430
10 283 430
11 564 860
11 566 860
12 1128 1720
12 1128 1720
12 1129 1720
12 1129 1720
12 1130 1720
12 1130 1720
12 1131 1720
12 1131 1720
12 1132 1720
12 1132 1720
12 1133 1720
12 1133 1720
12 1134 1720
12 1134 1720
12 1135 1720
12 1135 1720
12 1136 1720
12 1136 1720
13 2257 3440
13 2257 3440
13 2258 3440
13 2258 3440
13 2259 3440
13 2259 3440
13 2260 3440
13 2260 3440
13 2261 3440
13 2261 3440
13 2262 3440
13 2262 3440
13 2263 3440
13 2263 3440
13 2264 3440
13 2264 3440
13 2265 3440
13 2265 3440
13 2266 3440
13 2266 3440
13 2267 3440
13 2267 3440
13 2268 3440
13 2268 3440
13 2269 3440
13 2269 3440
13 2270 3440
13 2270 3440
13 2271 3440
13 2271 3440
13 2272 3440
13 2272 3440
13 2273 3419
13 2273 3419
13 2273 3420
13 2273 3420
13 2273 3421
13 2273 3421
13 2273 3422
13 2273 3422
13 2273 3423
13 2273 3423
13 2273 3424
13 2273 3424
13 2273 3425
13 2273 3425
13 2273 3426
13 2273 3426
13 2273 3427
13 2273 3427
13 2273 3428
13 2273 3428
13 2273 3429
13 2273 3429
13 2273 3430
13 2273 3430
13 2273 3431
13 2273 3431
13 2273 3432
13 2273 3432
13 2273 3433
13 2273 3433
13 2273 3434
13 2273 3434
13 2273 3435
13 2273 3435
13 2273 3436
13 2273 3436
13 2273 3437
13 2273 3437
13 2273 3438
13 2273 3438
13 2273 3439
13 2273 3439
13 2273 3440
13 2273 3440
14 4514 6838
14 4514 6864
14 4515 6838
14 4532 6880
14 4533 6880
15 9029 13676
15 9029 13728
15 9031 13676
15 9043 13678
15 9048 13678
15 9053 13678
15 9064 13760
15 9067 13759
15 9067 13760
16 18058 27353
16 18059 27457
16 18061 27365
16 18061 27387
16 18062 27353
16 18063 27359
16 18063 27387
16 18063 27508
16 18065 27359
16 18066 27370
16 18067 27510
16 18069 27375
16 18070 27371
16 18070 27377
16 18071 27389
16 18072 27382
16 18072 27393
16 18075 27360
16 18075 27370
16 18076 27392
16 18078 27386
16 18078 27398
16 18079 27426
16 18081 27395
16 18082 27429
16 18083 27377
16 18083 27402
16 18083 27508
16 18084 27364
16 18084 27383
16 18084 27393
16 18085 27359
16 18085 27394
16 18086 27356
16 18086 27357
16 18086 27391
16 18086 27398
16 18088 27384
16 18089 27428
16 18089 27429
16 18090 27384
16 18090 27428
16 18091 27380
16 18091 27387
16 18092 27377
16 18092 27383
16 18092 27422
16 18092 27427
16 18092 27439
16 18093 27381
16 18093 27388
16 18093 27389
16 18093 27420
16 18094 27371
16 18094 27425
16 18094 27502
16 18095 27359
16 18095 27365
16 18095 27368
16 18096 27356
16 18096 27368
16 18098 27359
16 18098 27362
16 18098 27426
16 18098 27446
16 18099 27438
16 18100 27435
16 18101 27442
16 18101 27498
16 18102 27364
16 18104 27447
16 18104 27502
16 18105 27359
16 18105 27448
16 18105 27461
16 18105 27490
16 18106 27357
16 18106 27452
16 18107 27360
16 18108 27469
16 18110 27463
16 18110 27464
16 18110 27470
16 18112 27476
16 18114 27465
16 18114 27469
16 18117 27472
16 18117 27473
16 18117 27496
16 18120 27481
16 18120 27496
16 18122 27485
16 18123 27494
16 18123 27500
16 18124 27486
16 18124 27492
16 18125 27492
16 18125 27493
16 18126 27496
16 18127 27499
16 18128 27511
16 18129 27521
16 18132 27513
16 18134 27518
16 18134 27519
16 18134 27520
16 18134 27521
16 18135 27519
16 18171 27511
17 36116 54706
18 72233 109412
3 2 3
4 4 6
4 4 6
5 8 13
5 8 13
6 17 26
6 17 26
7 35 53
7 35 53
9 141 215
9 141 215
9 142 215
9 142 215
14 4514 6839
14 4514 6840
14 4514 6841
14 4514 6842
14 4514 6843
14 4514 6844
14 4514 6845
14 4514 6846
14 4514 6847
14 4514 6848
14 4514 6849
14 4514 6850
14 4514 6851
14 4514 6852
14 4514 6853
14 4514 6854
14 4514 6855
14 4514 6856
14 4514 6857
14 4514 6858
14 4514 6859
14 4514 6860
14 4514 6861
14 4514 6862
14 4514 6863
14 4514 6865
14 4514 6866
14 4514 6867
14 4514 6868
14 4514 6869
14 4514 6870
14 4514 6871
14 4514 6872
14 4514 6873
14 4514 6874
14 4514 6875
14 4514 6876
14 4514 6877
14 4514 6878
14 4514 6879
14 4514 6880
15 9029 13677
15 9029 13678
15 9029 13679
15 9029 13680
15 9029 13681
15 9029 13682
15 9029 13683
15 9029 13684
15 9029 13685
15 9029 13686
15 9029 13687
15 9029 13688
15 9029 13689
15 9029 13690
15 9029 13691
15 9029 13692
15 9029 13693
15 9029 13694
15 9029 13695
15 9029 13696
15 9029 13697
15 9029 13698
15 9029 13699
15 9029 13700
15 9029 13701
15 9029 13702
15 9029 13703
15 9029 13704
15 9029 13705
15 9029 13706
15 9029 13707
15 9029 13708
15 9029 13709
15 9029 13710
15 9029 13711
15 9029 13712
15 9029 13713
15 9029 13714
15 9029 13715
15 9029 13716
15 9029 13717
15 9029 13718
15 9029 13719
15 9029 13720
15 9029 13721
15 9029 13722
15 9029 13723
15 9029 13724
15 9029 13725
15 9029 13726
15 9029 13727
15 9029 13729
15 9029 13730
15 9029 13731
15 9029 13732
15 9029 13733
15 9029 13734
15 9029 13735
15 9029 13736
15 9029 13737
15 9029 13738
15 9029 13739
15 9029 13740
15 9029 13741
15 9029 13742
15 9029 13743
15 9029 13744
15 9029 13745
15 9029 13746
15 9029 13747
15 9029 13748
15 9029 13749
15 9029 13750
15 9029 13751
15 9029 13752
15 9029 13753
15 9029 13754
15 9029 13755
15 9029 13756
15 9029 13757
15 9029 13758
15 9029 13759
15 9029 13760
