10 153 348
11 308 750
11 308 751
11 309 750
11 311 734
11 311 735
11 312 733
11 312 734
11 312 735
11 312 736
11 313 733
11 313 734
11 313 735
11 313 736
11 314 728
11 314 733
11 314 734
11 314 735
11 314 736
11 314 756
11 314 761
11 314 762
11 315 728
11 315 733
11 315 734
11 315 735
11 315 736
11 316 733
11 316 734
11 316 735
11 316 736
11 317 734
11 317 735
11 325 714
11 325 715
11 325 716
11 325 717
11 325 721
11 326 714
11 326 715
11 326 716
11 326 717
11 326 720
11 326 721
11 327 714
11 327 715
11 327 716
11 327 717
11 328 714
11 328 715
11 328 716
11 328 717
11 329 714
11 329 715
11 329 716
11 329 717
11 330 714
11 330 715
11 330 716
11 330 717
11 332 714
12 628 1470
12 628 1471
12 628 1472
12 629 1471
12 653 1430
12 653 1431
12 653 1432
12 654 1430
12 654 1431
12 654 1432
12 655 1430
12 655 1431
12 655 1432
12 656 1430
12 656 1431
12 656 1432
12 657 1430
12 657 1431
12 657 1432
12 658 1428
12 658 1430
12 658 1431
12 658 1432
13 1306 2865
13 1306 2866
13 1306 2867
13 1306 2868
13 1306 2869
13 1306 2870
13 1307 2854
13 1307 2865
13 1307 2866
13 1307 2867
13 1307 2868
13 1307 2869
13 1307 2870
13 1307 2871
13 1308 2862
13 1308 2863
13 1308 2864
13 1308 2865
13 1308 2866
13 1308 2867
13 1308 2868
13 1308 2869
13 1308 2870
13 1308 2871
13 1309 2862
13 1309 2863
13 1309 2864
13 1309 2865
13 1309 2866
13 1309 2867
13 1309 2868
13 1309 2869
13 1309 2870
13 1309 2871
13 1310 2862
13 1310 2863
13 1310 2864
13 1310 2865
13 1310 2866
13 1310 2867
13 1310 2868
13 1310 2869
13 1310 2870
13 1310 2871
13 1311 2862
13 1311 2863
13 1311 2864
13 1311 2865
13 1311 2866
13 1311 2867
13 1311 2868
13 1311 2869
13 1311 2870
13 1311 2871
13 1312 2862
13 1312 2863
13 1312 2864
13 1312 2865
13 1312 2866
13 1312 2867
13 1312 2868
13 1312 2869
13 1312 2870
13 1312 2871
13 1313 2862
13 1313 2863
13 1313 2864
13 1313 2865
13 1313 2866
13 1313 2867
13 1313 2868
13 1313 2869
13 1313 2870
13 1313 2871
13 1314 2868
13 1314 2869
13 1314 2870
13 1316 2858
14 2612 5709
14 2613 5708
14 2613 5709
14 2613 5710
14 2613 5711
14 2614 5707
14 2614 5708
14 2614 5709
14 2614 5710
14 2614 5711
14 2614 5712
14 2614 5716
14 2614 5717
14 2614 5718
14 2614 5719
14 2614 5720
14 2615 5707
14 2615 5708
14 2615 5709
14 2615 5710
14 2615 5711
14 2615 5712
14 2615 5713
14 2615 5714
14 2615 5715
14 2615 5716
14 2615 5717
14 2615 5718
14 2615 5719
14 2615 5720
14 2615 5721
14 2615 5722
14 2615 5723
14 2615 5724
14 2616 5707
14 2616 5708
14 2616 5709
14 2616 5710
14 2616 5711
14 2616 5712
14 2616 5713
14 2616 5714
14 2616 5715
14 2616 5716
14 2616 5717
14 2616 5718
14 2616 5719
14 2616 5720
14 2616 5721
14 2616 5722
14 2616 5723
14 2616 5724
14 2616 5725
14 2616 5726
14 2616 5727
14 2616 5728
14 2617 5707
14 2617 5708
14 2617 5709
14 2617 5710
14 2617 5711
14 2617 5712
14 2617 5713
14 2617 5714
14 2617 5715
14 2617 5716
14 2617 5717
14 2617 5718
14 2617 5719
14 2617 5720
14 2617 5721
14 2617 5722
14 2617 5723
14 2617 5724
14 2617 5725
14 2617 5726
14 2617 5727
14 2617 5728
14 2617 5729
14 2617 5730
14 2617 5731
14 2617 5741
14 2617 5742
14 2618 5708
14 2618 5709
14 2618 5710
14 2618 5711
14 2618 5712
14 2618 5713
14 2618 5714
14 2618 5715
14 2618 5716
14 2618 5717
14 2618 5718
14 2618 5719
14 2618 5720
14 2618 5721
14 2618 5722
14 2618 5723
14 2618 5724
14 2618 5725
14 2618 5726
14 2618 5727
14 2618 5728
14 2618 5729
14 2618 5730
14 2618 5731
14 2618 5732
14 2618 5733
14 2618 5740
14 2618 5741
14 2618 5742
14 2619 5708
14 2619 5709
14 2619 5710
14 2619 5711
14 2619 5712
14 2619 5713
14 2619 5714
14 2619 5715
14 2619 5716
14 2619 5717
14 2619 5718
14 2619 5719
14 2619 5720
14 2619 5721
14 2619 5722
14 2619 5723
14 2619 5724
14 2619 5725
14 2619 5726
14 2619 5727
14 2619 5728
14 2619 5729
14 2619 5730
14 2619 5731
14 2619 5732
14 2619 5741
14 2620 5708
14 2620 5709
14 2620 5710
14 2620 5711
14 2620 5712
14 2620 5713
14 2620 5714
14 2620 5715
14 2620 5716
14 2620 5717
14 2620 5718
14 2620 5719
14 2620 5720
14 2620 5721
14 2620 5722
14 2620 5723
14 2620 5724
14 2620 5725
14 2620 5726
14 2620 5727
14 2620 5728
14 2620 5729
14 2620 5730
14 2620 5731
14 2621 5708
14 2621 5709
14 2621 5710
14 2621 5711
14 2621 5712
14 2621 5713
14 2621 5714
14 2621 5715
14 2621 5716
14 2621 5717
14 2621 5720
14 2621 5721
14 2621 5722
14 2621 5723
14 2621 5724
14 2621 5725
14 2621 5726
14 2621 5727
14 2621 5728
14 2621 5729
14 2621 5730
14 2621 5731
14 2622 5712
14 2622 5713
14 2622 5714
14 2622 5715
14 2622 5716
14 2622 5720
14 2622 5721
14 2622 5722
14 2622 5723
14 2622 5724
14 2622 5725
14 2622 5726
14 2622 5727
14 2622 5728
14 2622 5729
14 2622 5730
14 2622 5731
14 2623 5724
14 2623 5725
14 2623 5726
14 2623 5727
14 2623 5728
14 2623 5729
14 2624 5725
14 2624 5726
14 2624 5727
15 5228 11418
15 5228 11419
15 5229 11417
15 5229 11418
15 5229 11419
15 5230 11418
16 10454 22837
16 10454 22838
16 10455 22837
16 10455 22838
16 10456 22836
16 10456 22837
16 10456 22838
16 10456 22839
16 10457 22836
16 10457 22837
16 10457 22838
16 10457 22839
16 10458 22836
16 10458 22837
16 10458 22838
16 10459 22836
16 10459 22837
5 0 7
5 0 8
5 10 11
5 10 12
5 10 13
5 11 12
5 11 13
5 30 7
5 30 8
5 31 7
5 31 8
5 8 12
5 9 11
5 9 12
5 9 13
6 10 20
6 11 20
6 11 21
6 11 22
6 11 23
6 12 20
6 12 21
6 12 22
6 12 23
6 13 21
6 13 22
6 13 23
6 14 21
6 14 22
6 14 23
6 15 21
6 15 22
6 15 23
6 15 24
6 16 21
6 16 22
6 16 23
6 16 24
6 17 21
6 17 22
6 17 23
6 17 24
6 18 21
6 18 22
6 18 23
6 18 24
6 19 21
6 19 22
6 19 23
6 19 24
6 20 23
6 20 24
6 21 23
6 21 24
6 6 20
6 6 21
6 7 20
6 7 21
6 7 22
6 7 23
6 8 20
6 9 20
7 17 42
7 17 50
7 18 42
7 18 50
7 18 51
7 19 41
7 19 42
7 19 50
7 19 51
7 20 41
7 20 42
7 20 50
7 20 51
7 20 52
7 21 42
7 21 50
7 21 51
7 21 52
7 21 53
7 22 42
7 22 43
7 22 44
7 22 45
7 22 46
7 22 47
7 22 48
7 22 49
7 22 50
7 22 51
7 22 52
7 22 53
7 23 43
7 23 44
7 23 45
7 23 46
7 23 47
7 23 48
7 23 49
7 23 50
7 23 51
7 23 52
7 24 43
7 24 44
7 24 45
7 24 47
7 24 48
7 24 49
7 24 50
7 24 51
7 25 44
7 25 45
7 25 50
7 26 44
7 26 45
7 27 44
7 27 45
7 29 52
7 29 53
7 29 54
7 30 51
7 30 52
7 30 53
7 30 54
7 31 52
7 31 53
7 39 46
7 40 45
7 40 46
7 40 47
7 41 46
8 39 102
8 40 102
8 40 103
8 41 102
8 43 88
8 43 89
8 43 90
8 44 89
8 44 90
8 45 89
8 45 90
8 46 89
8 46 90
8 58 106
8 58 107
8 58 108
8 59 106
8 59 107
8 59 108
8 60 107
8 60 108
8 61 107
8 79 92
8 79 93
8 79 94
8 80 91
8 80 92
8 80 93
8 80 94
8 81 92
8 81 93
9 65 199
9 66 199
9 67 199
9 68 199
9 69 199
9 70 199
9 71 199
9 72 199
9 73 199
9 74 199
9 75 199
9 76 199
9 76 202
9 76 203
9 76 204
9 76 205
9 77 199
9 77 201
9 77 202
9 77 203
9 77 204
9 77 205
9 78 199
9 78 200
9 78 201
9 78 202
9 78 203
9 78 204
9 78 205
9 78 206
9 79 199
9 79 200
9 79 201
9 79 202
9 79 203
9 79 204
9 79 205
9 79 206
9 80 199
9 80 200
9 80 201
9 80 202
9 80 203
9 80 204
9 80 205
9 80 206
9 81 199
9 81 200
9 81 201
9 81 202
9 81 203
9 81 204
9 81 205
9 81 206
9 82 199
9 82 200
9 82 201
9 82 202
9 82 203
9 82 204
9 82 205
9 83 199
9 83 201
9 83 202
9 83 203
9 83 204
9 83 205
9 84 199
9 84 202
9 84 203
9 85 174
9 85 175
9 85 176
9 85 177
9 85 178
9 85 179
9 85 180
9 85 181
9 85 182
9 85 183
9 85 184
9 85 185
9 85 186
9 85 187
9 85 188
9 85 189
9 85 190
9 85 191
9 85 192
9 85 193
9 85 194
9 85 195
9 85 196
9 85 197
9 85 198
9 85 199
