10 292 400
10 292 401
10 292 402
10 292 403
10 293 399
10 293 400
10 293 401
10 293 402
10 293 403
10 294 400
10 294 401
10 294 402
10 295 400
11 588 799
12 1176 1576
12 1176 1576
12 1176 1598
12 1176 1598
12 1177 1576
12 1177 1576
12 1177 1598
12 1177 1598
12 1178 1576
12 1178 1576
12 1178 1598
12 1178 1598
12 1179 1576
12 1179 1576
12 1179 1598
12 1179 1598
12 1180 1576
12 1180 1576
12 1180 1598
12 1180 1598
12 1181 1576
12 1181 1576
12 1181 1598
12 1181 1598
12 1182 1576
12 1182 1576
12 1182 1598
12 1182 1598
12 1183 1576
12 1183 1576
12 1183 1598
12 1183 1598
12 1184 1576
12 1184 1576
12 1184 1598
12 1184 1598
12 1185 1576
12 1185 1576
12 1185 1598
12 1185 1598
12 1186 1576
12 1186 1576
12 1186 1598
12 1186 1598
12 1187 1576
12 1187 1576
12 1187 1598
12 1187 1598
13 2352 3152
13 2352 3152
13 2352 3153
13 2352 3153
13 2352 3195
13 2352 3195
13 2352 3196
13 2352 3196
13 2353 3152
13 2353 3152
13 2353 3153
13 2353 3153
13 2353 3195
13 2353 3195
13 2353 3196
13 2353 3196
13 2354 3152
13 2354 3152
13 2354 3153
13 2354 3153
13 2354 3195
13 2354 3195
13 2354 3196
13 2354 3196
13 2355 3152
13 2355 3152
13 2355 3153
13 2355 3153
13 2355 3195
13 2355 3195
13 2355 3196
13 2355 3196
13 2356 3152
13 2356 3152
13 2356 3153
13 2356 3153
13 2356 3195
13 2356 3195
13 2356 3196
13 2356 3196
13 2357 3152
13 2357 3152
13 2357 3153
13 2357 3153
13 2357 3195
13 2357 3195
13 2357 3196
13 2357 3196
13 2358 3152
13 2358 3152
13 2358 3153
13 2358 3153
13 2358 3195
13 2358 3195
13 2358 3196
13 2358 3196
13 2359 3152
13 2359 3152
13 2359 3153
13 2359 3153
13 2359 3195
13 2359 3195
13 2359 3196
13 2359 3196
13 2360 3152
13 2360 3152
13 2360 3153
13 2360 3153
13 2360 3195
13 2360 3195
13 2360 3196
13 2360 3196
13 2361 3152
13 2361 3152
13 2361 3153
13 2361 3153
13 2361 3195
13 2361 3195
13 2361 3196
13 2361 3196
13 2362 3152
13 2362 3152
13 2362 3153
13 2362 3153
13 2362 3195
13 2362 3195
13 2362 3196
13 2362 3196
13 2363 3152
13 2363 3152
13 2363 3153
13 2363 3153
13 2363 3195
13 2363 3195
13 2363 3196
13 2363 3196
13 2364 3152
13 2364 3152
13 2364 3153
13 2364 3153
13 2364 3195
13 2364 3195
13 2364 3196
13 2364 3196
13 2365 3152
13 2365 3152
13 2365 3153
13 2365 3153
13 2365 3195
13 2365 3195
13 2365 3196
13 2365 3196
13 2366 3152
13 2366 3152
13 2366 3153
13 2366 3153
13 2366 3195
13 2366 3195
13 2366 3196
13 2366 3196
13 2367 3152
13 2367 3152
13 2367 3153
13 2367 3153
13 2367 3195
13 2367 3195
13 2367 3196
13 2367 3196
13 2368 3152
13 2368 3152
13 2368 3153
13 2368 3153
13 2368 3195
13 2368 3195
13 2368 3196
13 2368 3196
13 2369 3152
13 2369 3152
13 2369 3153
13 2369 3153
13 2369 3195
13 2369 3195
13 2369 3196
13 2369 3196
13 2370 3152
13 2370 3152
13 2370 3153
13 2370 3153
13 2370 3195
13 2370 3195
13 2370 3196
13 2370 3196
13 2371 3152
13 2371 3152
13 2371 3153
13 2371 3153
13 2371 3195
13 2371 3195
13 2371 3196
13 2371 3196
13 2372 3152
13 2372 3152
13 2372 3153
13 2372 3153
13 2372 3195
13 2372 3195
13 2372 3196
13 2372 3196
13 2373 3152
13 2373 3152
13 2373 3153
13 2373 3153
13 2373 3195
13 2373 3195
13 2373 3196
13 2373 3196
13 2374 3152
13 2374 3152
13 2374 3153
13 2374 3153
13 2374 3195
13 2374 3195
13 2374 3196
13 2374 3196
13 2375 3152
13 2375 3152
13 2375 3153
13 2375 3153
13 2375 3154
13 2375 3154
13 2375 3155
13 2375 3155
13 2375 3156
13 2375 3156
13 2375 3157
13 2375 3157
13 2375 3158
13 2375 3158
13 2375 3159
13 2375 3159
13 2375 3160
13 2375 3160
13 2375 3161
13 2375 3161
13 2375 3162
13 2375 3162
13 2375 3163
13 2375 3163
13 2375 3164
13 2375 3164
13 2375 3165
13 2375 3165
13 2375 3166
13 2375 3166
13 2375 3167
13 2375 3167
13 2375 3168
13 2375 3168
13 2375 3169
13 2375 3169
13 2375 3170
13 2375 3170
13 2375 3171
13 2375 3171
13 2375 3172
13 2375 3172
13 2375 3173
13 2375 3173
13 2375 3174
13 2375 3174
13 2375 3175
13 2375 3175
13 2375 3176
13 2375 3176
13 2375 3177
13 2375 3177
13 2375 3178
13 2375 3178
13 2375 3179
13 2375 3179
13 2375 3180
13 2375 3180
13 2375 3181
13 2375 3181
13 2375 3182
13 2375 3182
13 2375 3183
13 2375 3183
13 2375 3184
13 2375 3184
13 2375 3185
13 2375 3185
13 2375 3186
13 2375 3186
13 2375 3187
13 2375 3187
13 2375 3188
13 2375 3188
13 2375 3189
13 2375 3189
13 2375 3190
13 2375 3190
13 2375 3191
13 2375 3191
13 2375 3192
13 2375 3192
13 2375 3193
13 2375 3193
13 2375 3194
13 2375 3194
13 2375 3195
13 2375 3195
13 2375 3196
13 2375 3196
14 4704 6304
14 4704 6305
14 4704 6306
14 4704 6307
14 4704 6308
14 4704 6309
14 4704 6310
14 4704 6311
14 4704 6312
14 4704 6313
14 4704 6314
14 4704 6315
14 4704 6316
14 4704 6317
14 4704 6318
14 4704 6319
14 4704 6320
14 4704 6321
14 4704 6322
14 4704 6323
14 4704 6324
14 4704 6325
14 4704 6326
14 4704 6327
14 4704 6328
14 4704 6329
14 4704 6330
14 4704 6331
14 4704 6332
14 4704 6333
14 4704 6334
14 4704 6335
14 4704 6336
14 4704 6337
14 4704 6338
14 4704 6339
14 4704 6340
14 4704 6341
14 4704 6342
14 4704 6343
14 4704 6344
14 4704 6345
14 4704 6346
14 4704 6347
14 4704 6348
14 4704 6349
14 4704 6350
14 4704 6351
14 4704 6352
14 4704 6353
14 4704 6354
14 4704 6355
14 4704 6356
14 4704 6357
14 4704 6358
14 4704 6359
14 4704 6360
14 4704 6361
14 4704 6362
14 4704 6363
14 4704 6364
14 4704 6365
14 4704 6366
14 4704 6367
14 4704 6368
14 4704 6369
14 4704 6370
14 4704 6371
14 4704 6372
14 4704 6373
14 4704 6374
14 4704 6375
14 4704 6376
14 4704 6377
14 4704 6378
14 4704 6379
14 4704 6380
14 4704 6381
14 4704 6382
14 4704 6383
14 4704 6384
14 4704 6385
14 4704 6386
14 4704 6387
14 4704 6388
14 4704 6389
14 4704 6390
14 4704 6391
14 4704 6392
14 4706 6384
14 4707 6317
14 4708 6335
14 4709 6363
14 4715 6306
14 4717 6349
14 4718 6350
14 4718 6384
14 4720 6326
14 4731 6322
14 4734 6360
14 4735 6346
14 4735 6365
14 4737 6348
14 4738 6365
14 4743 6317
14 4745 6330
14 4746 6316
15 9408 12609
15 9408 12610
15 9408 12611
15 9408 12612
15 9408 12613
15 9408 12614
15 9408 12615
15 9408 12616
15 9408 12617
15 9408 12618
15 9408 12619
15 9408 12620
15 9408 12621
15 9408 12622
15 9408 12623
15 9408 12624
15 9408 12625
15 9408 12626
15 9408 12627
15 9408 12628
15 9408 12629
15 9408 12630
15 9408 12631
15 9408 12632
15 9408 12633
15 9408 12634
15 9408 12635
15 9408 12636
15 9408 12637
15 9408 12638
15 9408 12639
15 9408 12640
15 9408 12641
15 9408 12642
15 9408 12643
15 9408 12644
15 9408 12645
15 9408 12646
15 9408 12647
15 9408 12648
15 9408 12649
15 9408 12650
15 9408 12651
15 9408 12652
15 9408 12653
15 9408 12654
15 9408 12655
15 9408 12656
15 9408 12657
15 9408 12658
15 9408 12659
15 9408 12660
15 9408 12661
15 9408 12662
15 9408 12663
15 9408 12664
15 9408 12665
15 9408 12666
15 9408 12667
15 9408 12668
15 9408 12669
15 9408 12670
15 9408 12671
15 9408 12672
15 9408 12673
15 9408 12674
15 9408 12675
15 9408 12676
15 9408 12677
15 9408 12678
15 9408 12679
15 9408 12680
15 9408 12681
15 9408 12682
15 9408 12683
15 9408 12684
15 9408 12685
15 9408 12686
15 9408 12687
15 9408 12688
15 9408 12689
15 9408 12690
15 9408 12691
15 9408 12692
15 9408 12693
15 9408 12694
15 9408 12695
15 9408 12696
15 9408 12697
15 9408 12698
15 9408 12699
15 9408 12700
15 9408 12701
15 9408 12702
15 9408 12703
15 9408 12704
15 9408 12705
15 9408 12706
15 9408 12707
15 9408 12708
15 9408 12709
15 9408 12710
15 9408 12711
15 9408 12712
15 9408 12713
15 9408 12714
15 9408 12715
15 9408 12716
15 9408 12717
15 9408 12718
15 9408 12719
15 9408 12720
15 9408 12721
15 9408 12722
15 9408 12723
15 9408 12724
15 9408 12725
15 9408 12726
15 9408 12727
15 9408 12728
15 9408 12729
15 9408 12730
15 9408 12731
15 9408 12732
15 9408 12733
15 9408 12734
15 9408 12735
15 9408 12736
15 9408 12737
15 9408 12738
15 9408 12739
15 9408 12740
15 9408 12741
15 9408 12742
15 9408 12743
15 9408 12744
15 9408 12745
15 9408 12746
15 9408 12747
15 9408 12748
15 9408 12749
15 9408 12750
15 9408 12751
15 9408 12752
15 9408 12753
15 9408 12754
15 9408 12755
15 9408 12756
15 9408 12757
15 9408 12758
15 9408 12759
15 9408 12760
15 9408 12761
15 9408 12762
15 9408 12763
15 9408 12764
15 9408 12765
15 9408 12766
15 9408 12767
15 9408 12768
15 9408 12769
15 9408 12770
15 9408 12771
15 9408 12772
15 9408 12773
15 9408 12774
15 9408 12775
15 9408 12776
15 9408 12777
15 9408 12778
15 9408 12779
15 9408 12780
15 9408 12781
15 9408 12782
15 9408 12783
15 9408 12784
15 9409 12669
15 9413 12769
15 9415 12634
15 9416 12670
15 9419 12727
15 9430 12613
15 9435 12699
15 9436 12768
15 9437 12700
15 9441 12652
15 9463 12644
15 9468 12721
15 9470 12731
15 9471 12692
15 9475 12696
15 9476 12730
15 9487 12635
15 9490 12660
15 9492 12633
16 18816 25218
16 18816 25219
16 18816 25220
16 18816 25221
16 18816 25222
16 18816 25223
16 18816 25224
16 18816 25225
16 18816 25226
16 18816 25227
16 18816 25228
16 18816 25229
16 18816 25230
16 18816 25231
16 18816 25232
16 18816 25233
16 18816 25234
16 18816 25235
16 18816 25236
16 18816 25237
16 18816 25238
16 18816 25239
16 18816 25240
16 18816 25241
16 18816 25242
16 18816 25243
16 18816 25244
16 18816 25245
16 18816 25246
16 18816 25247
16 18816 25248
16 18816 25249
16 18816 25250
16 18816 25251
16 18816 25252
16 18816 25253
16 18816 25254
16 18816 25255
16 18816 25256
16 18816 25257
16 18816 25258
16 18816 25259
16 18816 25260
16 18816 25261
16 18816 25262
16 18816 25263
16 18816 25264
16 18816 25265
16 18816 25266
16 18816 25267
16 18816 25268
16 18816 25269
16 18816 25270
16 18816 25271
16 18816 25272
16 18816 25273
16 18816 25274
16 18816 25275
16 18816 25276
16 18816 25277
16 18816 25278
16 18816 25279
16 18816 25280
16 18816 25281
16 18816 25282
16 18816 25283
16 18816 25284
16 18816 25285
16 18816 25286
16 18816 25287
16 18816 25288
16 18816 25289
16 18816 25290
16 18816 25291
16 18816 25292
16 18816 25293
16 18816 25294
16 18816 25295
16 18816 25296
16 18816 25297
16 18816 25298
16 18816 25299
16 18816 25300
16 18816 25301
16 18816 25302
16 18816 25303
16 18816 25304
16 18816 25305
16 18816 25306
16 18816 25307
16 18816 25308
16 18816 25309
16 18816 25310
16 18816 25311
16 18816 25312
16 18816 25313
16 18816 25314
16 18816 25315
16 18816 25316
16 18816 25317
16 18816 25318
16 18816 25319
16 18816 25320
16 18816 25321
16 18816 25322
16 18816 25323
16 18816 25324
16 18816 25325
16 18816 25326
16 18816 25327
16 18816 25328
16 18816 25329
16 18816 25330
16 18816 25331
16 18816 25332
16 18816 25333
16 18816 25334
16 18816 25335
16 18816 25336
16 18816 25337
16 18816 25338
16 18816 25339
16 18816 25340
16 18816 25341
16 18816 25342
16 18816 25343
16 18816 25344
16 18816 25345
16 18816 25346
16 18816 25347
16 18816 25348
16 18816 25349
16 18816 25350
16 18816 25351
16 18816 25352
16 18816 25353
16 18816 25354
16 18816 25355
16 18816 25356
16 18816 25357
16 18816 25358
16 18816 25359
16 18816 25360
16 18816 25361
16 18816 25362
16 18816 25363
16 18816 25364
16 18816 25365
16 18816 25366
16 18816 25367
16 18816 25368
16 18816 25369
16 18816 25370
16 18816 25371
16 18816 25372
16 18816 25373
16 18816 25374
16 18816 25375
16 18816 25376
16 18816 25377
16 18816 25378
16 18816 25379
16 18816 25380
16 18816 25381
16 18816 25382
16 18816 25383
16 18816 25384
16 18816 25385
16 18816 25386
16 18816 25387
16 18816 25388
16 18816 25389
16 18816 25390
16 18816 25391
16 18816 25392
16 18816 25393
16 18816 25394
16 18816 25395
16 18816 25396
16 18816 25397
16 18816 25398
16 18816 25399
16 18816 25400
16 18816 25401
16 18816 25402
16 18816 25403
16 18816 25404
16 18816 25405
16 18816 25406
16 18816 25407
16 18816 25408
16 18816 25409
16 18816 25410
16 18816 25411
16 18816 25412
16 18816 25413
16 18816 25414
16 18816 25415
16 18816 25416
16 18816 25417
16 18816 25418
16 18816 25419
16 18816 25420
16 18816 25421
16 18816 25422
16 18816 25423
16 18816 25424
16 18816 25425
16 18816 25426
16 18816 25427
16 18816 25428
16 18816 25429
16 18816 25430
16 18816 25431
16 18816 25432
16 18816 25433
16 18816 25434
16 18816 25435
16 18816 25436
16 18816 25437
16 18816 25438
16 18816 25439
16 18816 25440
16 18816 25441
16 18816 25442
16 18816 25443
16 18816 25444
16 18816 25445
16 18816 25446
16 18816 25447
16 18816 25448
16 18816 25449
16 18816 25450
16 18816 25451
16 18816 25452
16 18816 25453
16 18816 25454
16 18816 25455
16 18816 25456
16 18816 25457
16 18816 25458
16 18816 25459
16 18816 25460
16 18816 25461
16 18816 25462
16 18816 25463
16 18816 25464
16 18816 25465
16 18816 25466
16 18816 25467
16 18816 25468
16 18816 25469
16 18816 25470
16 18816 25471
16 18816 25472
16 18816 25473
16 18816 25474
16 18816 25475
16 18816 25476
16 18816 25477
16 18816 25478
16 18816 25479
16 18816 25480
16 18816 25481
16 18816 25482
16 18816 25483
16 18816 25484
16 18816 25485
16 18816 25486
16 18816 25487
16 18816 25488
16 18816 25489
16 18816 25490
16 18816 25491
16 18816 25492
16 18816 25493
16 18816 25494
16 18816 25495
16 18816 25496
16 18816 25497
16 18816 25498
16 18816 25499
16 18816 25500
16 18816 25501
16 18816 25502
16 18816 25503
16 18816 25504
16 18816 25505
16 18816 25506
16 18816 25507
16 18816 25508
16 18816 25509
16 18816 25510
16 18816 25511
16 18816 25512
16 18816 25513
16 18816 25514
16 18816 25515
16 18816 25516
16 18816 25517
16 18816 25518
16 18816 25519
16 18816 25520
16 18816 25521
16 18816 25522
16 18816 25523
16 18816 25524
16 18816 25525
16 18816 25526
16 18816 25527
16 18816 25528
16 18816 25529
16 18816 25530
16 18816 25531
16 18816 25532
16 18816 25533
16 18816 25534
16 18816 25535
16 18816 25536
16 18816 25537
16 18816 25538
16 18816 25539
16 18816 25540
16 18816 25541
16 18816 25542
16 18816 25543
16 18816 25544
16 18816 25545
16 18816 25546
16 18816 25547
16 18816 25548
16 18816 25549
16 18816 25550
16 18816 25551
16 18816 25552
16 18816 25553
16 18816 25554
16 18816 25555
16 18816 25556
16 18816 25557
16 18816 25558
16 18816 25559
16 18816 25560
16 18816 25561
16 18816 25562
16 18816 25563
16 18816 25564
16 18816 25565
16 18816 25566
16 18816 25567
16 18816 25568
16 18819 25339
16 18826 25539
16 18831 25268
16 18833 25340
16 18839 25454
16 18861 25226
16 18870 25398
16 18872 25536
16 18874 25400
16 18882 25304
16 18927 25288
16 18937 25443
16 18940 25462
16 18943 25384
16 18950 25392
16 18953 25461
16 18974 25270
16 18980 25320
16 18985 25266
17 37632 50437
17 37632 50438
17 37632 50439
17 37632 50440
17 37632 50441
17 37632 50442
17 37632 50443
17 37632 50444
17 37632 50445
17 37632 50446
17 37632 50447
17 37632 50448
17 37632 50449
17 37632 50450
17 37632 50451
17 37632 50452
17 37632 50453
17 37632 50454
17 37632 50455
17 37632 50456
17 37632 50457
17 37632 50458
17 37632 50459
17 37632 50460
17 37632 50461
17 37632 50462
17 37632 50463
17 37632 50464
17 37632 50465
17 37632 50466
17 37632 50467
17 37632 50468
17 37632 50469
17 37632 50470
17 37632 50471
17 37632 50472
17 37632 50473
17 37632 50474
17 37632 50475
17 37632 50476
17 37632 50477
17 37632 50478
17 37632 50479
17 37632 50480
17 37632 50481
17 37632 50482
17 37632 50483
17 37632 50484
17 37632 50485
17 37632 50486
17 37632 50487
17 37632 50488
17 37632 50489
17 37632 50490
17 37632 50491
17 37632 50492
17 37632 50493
17 37632 50494
17 37632 50495
17 37632 50496
17 37632 50497
17 37632 50498
17 37632 50499
17 37632 50500
17 37632 50501
17 37632 50502
17 37632 50503
17 37632 50504
17 37632 50505
17 37632 50506
17 37632 50507
17 37632 50508
17 37632 50509
17 37632 50510
17 37632 50511
17 37632 50512
17 37632 50513
17 37632 50514
17 37632 50515
17 37632 50516
17 37632 50517
17 37632 50518
17 37632 50519
17 37632 50520
17 37632 50521
17 37632 50522
17 37632 50523
17 37632 50524
17 37632 50525
17 37632 50526
17 37632 50527
17 37632 50528
17 37632 50529
17 37632 50530
17 37632 50531
17 37632 50532
17 37632 50533
17 37632 50534
17 37632 50535
17 37632 50536
17 37632 50537
17 37632 50538
17 37632 50539
17 37632 50540
17 37632 50541
17 37632 50542
17 37632 50543
17 37632 50544
17 37632 50545
17 37632 50546
17 37632 50547
17 37632 50548
17 37632 50549
17 37632 50550
17 37632 50551
17 37632 50552
17 37632 50553
17 37632 50554
17 37632 50555
17 37632 50556
17 37632 50557
17 37632 50558
17 37632 50559
17 37632 50560
17 37632 50561
17 37632 50562
17 37632 50563
17 37632 50564
17 37632 50565
17 37632 50566
17 37632 50567
17 37632 50568
17 37632 50569
17 37632 50570
17 37632 50571
17 37632 50572
17 37632 50573
17 37632 50574
17 37632 50575
17 37632 50576
17 37632 50577
17 37632 50578
17 37632 50579
17 37632 50580
17 37632 50581
17 37632 50582
17 37632 50583
17 37632 50584
17 37632 50585
17 37632 50586
17 37632 50587
17 37632 50588
17 37632 50589
17 37632 50590
17 37632 50591
17 37632 50592
17 37632 50593
17 37632 50594
17 37632 50595
17 37632 50596
17 37632 50597
17 37632 50598
17 37632 50599
17 37632 50600
17 37632 50601
17 37632 50602
17 37632 50603
17 37632 50604
17 37632 50605
17 37632 50606
17 37632 50607
17 37632 50608
17 37632 50609
17 37632 50610
17 37632 50611
17 37632 50612
17 37632 50613
17 37632 50614
17 37632 50615
17 37632 50616
17 37632 50617
17 37632 50618
17 37632 50619
17 37632 50620
17 37632 50621
17 37632 50622
17 37632 50623
17 37632 50624
17 37632 50625
17 37632 50626
17 37632 50627
17 37632 50628
17 37632 50629
17 37632 50630
17 37632 50631
17 37632 50632
17 37632 50633
17 37632 50634
17 37632 50635
17 37632 50636
17 37632 50637
17 37632 50638
17 37632 50639
17 37632 50640
17 37632 50641
17 37632 50642
17 37632 50643
17 37632 50644
17 37632 50645
17 37632 50646
17 37632 50647
17 37632 50648
17 37632 50649
17 37632 50650
17 37632 50651
17 37632 50652
17 37632 50653
17 37632 50654
17 37632 50655
17 37632 50656
17 37632 50657
17 37632 50658
17 37632 50659
17 37632 50660
17 37632 50661
17 37632 50662
17 37632 50663
17 37632 50664
17 37632 50665
17 37632 50666
17 37632 50667
17 37632 50668
17 37632 50669
17 37632 50670
17 37632 50671
17 37632 50672
17 37632 50673
17 37632 50674
17 37632 50675
17 37632 50676
17 37632 50677
17 37632 50678
17 37632 50679
17 37632 50680
17 37632 50681
17 37632 50682
17 37632 50683
17 37632 50684
17 37632 50685
17 37632 50686
17 37632 50687
17 37632 50688
17 37632 50689
17 37632 50690
17 37632 50691
17 37632 50692
17 37632 50693
17 37632 50694
17 37632 50695
17 37632 50696
17 37632 50697
17 37632 50698
17 37632 50699
17 37632 50700
17 37632 50701
17 37632 50702
17 37632 50703
17 37632 50704
17 37632 50705
17 37632 50706
17 37632 50707
17 37632 50708
17 37632 50709
17 37632 50710
17 37632 50711
17 37632 50712
17 37632 50713
17 37632 50714
17 37632 50715
17 37632 50716
17 37632 50717
17 37632 50718
17 37632 50719
17 37632 50720
17 37632 50721
17 37632 50722
17 37632 50723
17 37632 50724
17 37632 50725
17 37632 50726
17 37632 50727
17 37632 50728
17 37632 50729
17 37632 50730
17 37632 50731
17 37632 50732
17 37632 50733
17 37632 50734
17 37632 50735
17 37632 50736
17 37632 50737
17 37632 50738
17 37632 50739
17 37632 50740
17 37632 50741
17 37632 50742
17 37632 50743
17 37632 50744
17 37632 50745
17 37632 50746
17 37632 50747
17 37632 50748
17 37632 50749
17 37632 50750
17 37632 50751
17 37632 50752
17 37632 50753
17 37632 50754
17 37632 50755
17 37632 50756
17 37632 50757
17 37632 50758
17 37632 50759
17 37632 50760
17 37632 50761
17 37632 50762
17 37632 50763
17 37632 50764
17 37632 50765
17 37632 50766
17 37632 50767
17 37632 50768
17 37632 50769
17 37632 50770
17 37632 50771
17 37632 50772
17 37632 50773
17 37632 50774
17 37632 50775
17 37632 50776
17 37632 50777
17 37632 50778
17 37632 50779
17 37632 50780
17 37632 50781
17 37632 50782
17 37632 50783
17 37632 50784
17 37632 50785
17 37632 50786
17 37632 50787
17 37632 50788
17 37632 50789
17 37632 50790
17 37632 50791
17 37632 50792
17 37632 50793
17 37632 50794
17 37632 50795
17 37632 50796
17 37632 50797
17 37632 50798
17 37632 50799
17 37632 50800
17 37632 50801
17 37632 50802
17 37632 50803
17 37632 50804
17 37632 50805
17 37632 50806
17 37632 50807
17 37632 50808
17 37632 50809
17 37632 50810
17 37632 50811
17 37632 50812
17 37632 50813
17 37632 50814
17 37632 50815
17 37632 50816
17 37632 50817
17 37632 50818
17 37632 50819
17 37632 50820
17 37632 50821
17 37632 50822
17 37632 50823
17 37632 50824
17 37632 50825
17 37632 50826
17 37632 50827
17 37632 50828
17 37632 50829
17 37632 50830
17 37632 50831
17 37632 50832
17 37632 50833
17 37632 50834
17 37632 50835
17 37632 50836
17 37632 50837
17 37632 50838
17 37632 50839
17 37632 50840
17 37632 50841
17 37632 50842
17 37632 50843
17 37632 50844
17 37632 50845
17 37632 50846
17 37632 50847
17 37632 50848
17 37632 50849
17 37632 50850
17 37632 50851
17 37632 50852
17 37632 50853
17 37632 50854
17 37632 50855
17 37632 50856
17 37632 50857
17 37632 50858
17 37632 50859
17 37632 50860
17 37632 50861
17 37632 50862
17 37632 50863
17 37632 50864
17 37632 50865
17 37632 50866
17 37632 50867
17 37632 50868
17 37632 50869
17 37632 50870
17 37632 50871
17 37632 50872
17 37632 50873
17 37632 50874
17 37632 50875
17 37632 50876
17 37632 50877
17 37632 50878
17 37632 50879
17 37632 50880
17 37632 50881
17 37632 50882
17 37632 50883
17 37632 50884
17 37632 50885
17 37632 50886
17 37632 50887
17 37632 50888
17 37632 50889
17 37632 50890
17 37632 50891
17 37632 50892
17 37632 50893
17 37632 50894
17 37632 50895
17 37632 50896
17 37632 50897
17 37632 50898
17 37632 50899
17 37632 50900
17 37632 50901
17 37632 50902
17 37632 50903
17 37632 50904
17 37632 50905
17 37632 50906
17 37632 50907
17 37632 50908
17 37632 50909
17 37632 50910
17 37632 50911
17 37632 50912
17 37632 50913
17 37632 50914
17 37632 50915
17 37632 50916
17 37632 50917
17 37632 50918
17 37632 50919
17 37632 50920
17 37632 50921
17 37632 50922
17 37632 50923
17 37632 50924
17 37632 50925
17 37632 50926
17 37632 50927
17 37632 50928
17 37632 50929
17 37632 50930
17 37632 50931
17 37632 50932
17 37632 50933
17 37632 50934
17 37632 50935
17 37632 50936
17 37632 50937
17 37632 50938
17 37632 50939
17 37632 50940
17 37632 50941
17 37632 50942
17 37632 50943
17 37632 50944
17 37632 50945
17 37632 50946
17 37632 50947
17 37632 50948
17 37632 50949
17 37632 50950
17 37632 50951
17 37632 50952
17 37632 50953
17 37632 50954
17 37632 50955
17 37632 50956
17 37632 50957
17 37632 50958
17 37632 50959
17 37632 50960
17 37632 50961
17 37632 50962
17 37632 50963
17 37632 50964
17 37632 50965
17 37632 50966
17 37632 50967
17 37632 50968
17 37632 50969
17 37632 50970
17 37632 50971
17 37632 50972
17 37632 50973
17 37632 50974
17 37632 50975
17 37632 50976
17 37632 50977
17 37632 50978
17 37632 50979
17 37632 50980
17 37632 50981
17 37632 50982
17 37632 50983
17 37632 50984
17 37632 50985
17 37632 50986
17 37632 50987
17 37632 50988
17 37632 50989
17 37632 50990
17 37632 50991
17 37632 50992
17 37632 50993
17 37632 50994
17 37632 50995
17 37632 50996
17 37632 50997
17 37632 50998
17 37632 50999
17 37632 51000
17 37632 51001
17 37632 51002
17 37632 51003
17 37632 51004
17 37632 51005
17 37632 51006
17 37632 51007
17 37632 51008
17 37632 51009
17 37632 51010
17 37632 51011
17 37632 51012
17 37632 51013
17 37632 51014
17 37632 51015
17 37632 51016
17 37632 51017
17 37632 51018
17 37632 51019
17 37632 51020
17 37632 51021
17 37632 51022
17 37632 51023
17 37632 51024
17 37632 51025
17 37632 51026
17 37632 51027
17 37632 51028
17 37632 51029
17 37632 51030
17 37632 51031
17 37632 51032
17 37632 51033
17 37632 51034
17 37632 51035
17 37632 51036
17 37632 51037
17 37632 51038
17 37632 51039
17 37632 51040
17 37632 51041
17 37632 51042
17 37632 51043
17 37632 51044
17 37632 51045
17 37632 51046
17 37632 51047
17 37632 51048
17 37632 51049
17 37632 51050
17 37632 51051
17 37632 51052
17 37632 51053
17 37632 51054
17 37632 51055
17 37632 51056
17 37632 51057
17 37632 51058
17 37632 51059
17 37632 51060
17 37632 51061
17 37632 51062
17 37632 51063
17 37632 51064
17 37632 51065
17 37632 51066
17 37632 51067
17 37632 51068
17 37632 51069
17 37632 51070
17 37632 51071
17 37632 51072
17 37632 51073
17 37632 51074
17 37632 51075
17 37632 51076
17 37632 51077
17 37632 51078
17 37632 51079
17 37632 51080
17 37632 51081
17 37632 51082
17 37632 51083
17 37632 51084
17 37632 51085
17 37632 51086
17 37632 51087
17 37632 51088
17 37632 51089
17 37632 51090
17 37632 51091
17 37632 51092
17 37632 51093
17 37632 51094
17 37632 51095
17 37632 51096
17 37632 51097
17 37632 51098
17 37632 51099
17 37632 51100
17 37632 51101
17 37632 51102
17 37632 51103
17 37632 51104
17 37632 51105
17 37632 51106
17 37632 51107
17 37632 51108
17 37632 51109
17 37632 51110
17 37632 51111
17 37632 51112
17 37632 51113
17 37632 51114
17 37632 51115
17 37632 51116
17 37632 51117
17 37632 51118
17 37632 51119
17 37632 51120
17 37632 51121
17 37632 51122
17 37632 51123
17 37632 51124
17 37632 51125
17 37632 51126
17 37632 51127
17 37632 51128
17 37632 51129
17 37632 51130
17 37632 51131
17 37632 51132
17 37632 51133
17 37632 51134
17 37632 51135
17 37632 51136
17 37638 50678
17 37652 51078
17 37662 50537
17 37679 50908
17 37722 50453
17 37740 50796
17 37745 51072
17 37765 50609
17 37854 50576
17 37880 50924
17 37887 50768
17 37900 50784
17 37906 50923
17 37948 50540
17 37960 50640
17 37971 50533
18 75264 100874
18 75264 100875
18 75264 100876
18 75264 100877
18 75264 100878
18 75264 100879
18 75264 100880
18 75264 100881
18 75264 100882
18 75264 100883
18 75264 100884
18 75264 100885
18 75264 100886
18 75264 100887
18 75264 100888
18 75264 100889
18 75264 100890
18 75264 100891
18 75264 100892
18 75264 100893
18 75264 100894
18 75264 100895
18 75264 100896
18 75264 100897
18 75264 100898
18 75264 100899
18 75264 100900
18 75264 100901
18 75264 100902
18 75264 100903
18 75264 100904
18 75264 100905
18 75264 100906
18 75264 100907
18 75264 100908
18 75264 100909
18 75264 100910
18 75264 100911
18 75264 100912
18 75264 100913
18 75264 100914
18 75264 100915
18 75264 100916
18 75264 100917
18 75264 100918
18 75264 100919
18 75264 100920
18 75264 100921
18 75264 100922
18 75264 100923
18 75264 100924
18 75264 100925
18 75264 100926
18 75264 100927
18 75264 100928
18 75264 100929
18 75264 100930
18 75264 100931
18 75264 100932
18 75264 100933
18 75264 100934
18 75264 100935
18 75264 100936
18 75264 100937
18 75264 100938
18 75264 100939
18 75264 100940
18 75264 100941
18 75264 100942
18 75264 100943
18 75264 100944
18 75264 100945
18 75264 100946
18 75264 100947
18 75264 100948
18 75264 100949
18 75264 100950
18 75264 100951
18 75264 100952
18 75264 100953
18 75264 100954
18 75264 100955
18 75264 100956
18 75264 100957
18 75264 100958
18 75264 100959
18 75264 100960
18 75264 100961
18 75264 100962
18 75264 100963
18 75264 100964
18 75264 100965
18 75264 100966
18 75264 100967
18 75264 100968
18 75264 100969
18 75264 100970
18 75264 100971
18 75264 100972
18 75264 100973
18 75264 100974
18 75264 100975
18 75264 100976
18 75264 100977
18 75264 100978
18 75264 100979
18 75264 100980
18 75264 100981
18 75264 100982
18 75264 100983
18 75264 100984
18 75264 100985
18 75264 100986
18 75264 100987
18 75264 100988
18 75264 100989
18 75264 100990
18 75264 100991
18 75264 100992
18 75264 100993
18 75264 100994
18 75264 100995
18 75264 100996
18 75264 100997
18 75264 100998
18 75264 100999
18 75264 101000
18 75264 101001
18 75264 101002
18 75264 101003
18 75264 101004
18 75264 101005
18 75264 101006
18 75264 101007
18 75264 101008
18 75264 101009
18 75264 101010
18 75264 101011
18 75264 101012
18 75264 101013
18 75264 101014
18 75264 101015
18 75264 101016
18 75264 101017
18 75264 101018
18 75264 101019
18 75264 101020
18 75264 101021
18 75264 101022
18 75264 101023
18 75264 101024
18 75264 101025
18 75264 101026
18 75264 101027
18 75264 101028
18 75264 101029
18 75264 101030
18 75264 101031
18 75264 101032
18 75264 101033
18 75264 101034
18 75264 101035
18 75264 101036
18 75264 101037
18 75264 101038
18 75264 101039
18 75264 101040
18 75264 101041
18 75264 101042
18 75264 101043
18 75264 101044
18 75264 101045
18 75264 101046
18 75264 101047
18 75264 101048
18 75264 101049
18 75264 101050
18 75264 101051
18 75264 101052
18 75264 101053
18 75264 101054
18 75264 101055
18 75264 101056
18 75264 101057
18 75264 101058
18 75264 101059
18 75264 101060
18 75264 101061
18 75264 101062
18 75264 101063
18 75264 101064
18 75264 101065
18 75264 101066
18 75264 101067
18 75264 101068
18 75264 101069
18 75264 101070
18 75264 101071
18 75264 101072
18 75264 101073
18 75264 101074
18 75264 101075
18 75264 101076
18 75264 101077
18 75264 101078
18 75264 101079
18 75264 101080
18 75264 101081
18 75264 101082
18 75264 101083
18 75264 101084
18 75264 101085
18 75264 101086
18 75264 101087
18 75264 101088
18 75264 101089
18 75264 101090
18 75264 101091
18 75264 101092
18 75264 101093
18 75264 101094
18 75264 101095
18 75264 101096
18 75264 101097
18 75264 101098
18 75264 101099
18 75264 101100
18 75264 101101
18 75264 101102
18 75264 101103
18 75264 101104
18 75264 101105
18 75264 101106
18 75264 101107
18 75264 101108
18 75264 101109
18 75264 101110
18 75264 101111
18 75264 101112
18 75264 101113
18 75264 101114
18 75264 101115
18 75264 101116
18 75264 101117
18 75264 101118
18 75264 101119
18 75264 101120
18 75264 101121
18 75264 101122
18 75264 101123
18 75264 101124
18 75264 101125
18 75264 101126
18 75264 101127
18 75264 101128
18 75264 101129
18 75264 101130
18 75264 101131
18 75264 101132
18 75264 101133
18 75264 101134
18 75264 101135
18 75264 101136
18 75264 101137
18 75264 101138
18 75264 101139
18 75264 101140
18 75264 101141
18 75264 101142
18 75264 101143
18 75264 101144
18 75264 101145
18 75264 101146
18 75264 101147
18 75264 101148
18 75264 101149
18 75264 101150
18 75264 101151
18 75264 101152
18 75264 101153
18 75264 101154
18 75264 101155
18 75264 101156
18 75264 101157
18 75264 101158
18 75264 101159
18 75264 101160
18 75264 101161
18 75264 101162
18 75264 101163
18 75264 101164
18 75264 101165
18 75264 101166
18 75264 101167
18 75264 101168
18 75264 101169
18 75264 101170
18 75264 101171
18 75264 101172
18 75264 101173
18 75264 101174
18 75264 101175
18 75264 101176
18 75264 101177
18 75264 101178
18 75264 101179
18 75264 101180
18 75264 101181
18 75264 101182
18 75264 101183
18 75264 101184
18 75264 101185
18 75264 101186
18 75264 101187
18 75264 101188
18 75264 101189
18 75264 101190
18 75264 101191
18 75264 101192
18 75264 101193
18 75264 101194
18 75264 101195
18 75264 101196
18 75264 101197
18 75264 101198
18 75264 101199
18 75264 101200
18 75264 101201
18 75264 101202
18 75264 101203
18 75264 101204
18 75264 101205
18 75264 101206
18 75264 101207
18 75264 101208
18 75264 101209
18 75264 101210
18 75264 101211
18 75264 101212
18 75264 101213
18 75264 101214
18 75264 101215
18 75264 101216
18 75264 101217
18 75264 101218
18 75264 101219
18 75264 101220
18 75264 101221
18 75264 101222
18 75264 101223
18 75264 101224
18 75264 101225
18 75264 101226
18 75264 101227
18 75264 101228
18 75264 101229
18 75264 101230
18 75264 101231
18 75264 101232
18 75264 101233
18 75264 101234
18 75264 101235
18 75264 101236
18 75264 101237
18 75264 101238
18 75264 101239
18 75264 101240
18 75264 101241
18 75264 101242
18 75264 101243
18 75264 101244
18 75264 101245
18 75264 101246
18 75264 101247
18 75264 101248
18 75264 101249
18 75264 101250
18 75264 101251
18 75264 101252
18 75264 101253
18 75264 101254
18 75264 101255
18 75264 101256
18 75264 101257
18 75264 101258
18 75264 101259
18 75264 101260
18 75264 101261
18 75264 101262
18 75264 101263
18 75264 101264
18 75264 101265
18 75264 101266
18 75264 101267
18 75264 101268
18 75264 101269
18 75264 101270
18 75264 101271
18 75264 101272
18 75264 101273
18 75264 101274
18 75264 101275
18 75264 101276
18 75264 101277
18 75264 101278
18 75264 101279
18 75264 101280
18 75264 101281
18 75264 101282
18 75264 101283
18 75264 101284
18 75264 101285
18 75264 101286
18 75264 101287
18 75264 101288
18 75264 101289
18 75264 101290
18 75264 101291
18 75264 101292
18 75264 101293
18 75264 101294
18 75264 101295
18 75264 101296
18 75264 101297
18 75264 101298
18 75264 101299
18 75264 101300
18 75264 101301
18 75264 101302
18 75264 101303
18 75264 101304
18 75264 101305
18 75264 101306
18 75264 101307
18 75264 101308
18 75264 101309
18 75264 101310
18 75264 101311
18 75264 101312
18 75264 101313
18 75264 101314
18 75264 101315
18 75264 101316
18 75264 101317
18 75264 101318
18 75264 101319
18 75264 101320
18 75264 101321
18 75264 101322
18 75264 101323
18 75264 101324
18 75264 101325
18 75264 101326
18 75264 101327
18 75264 101328
18 75264 101329
18 75264 101330
18 75264 101331
18 75264 101332
18 75264 101333
18 75264 101334
18 75264 101335
18 75264 101336
18 75264 101337
18 75264 101338
18 75264 101339
18 75264 101340
18 75264 101341
18 75264 101342
18 75264 101343
18 75264 101344
18 75264 101345
18 75264 101346
18 75264 101347
18 75264 101348
18 75264 101349
18 75264 101350
18 75264 101351
18 75264 101352
18 75264 101353
18 75264 101354
18 75264 101355
18 75264 101356
18 75264 101357
18 75264 101358
18 75264 101359
18 75264 101360
18 75264 101361
18 75264 101362
18 75264 101363
18 75264 101364
18 75264 101365
18 75264 101366
18 75264 101367
18 75264 101368
18 75264 101369
18 75264 101370
18 75264 101371
18 75264 101372
18 75264 101373
18 75264 101374
18 75264 101375
18 75264 101376
18 75264 101377
18 75264 101378
18 75264 101379
18 75264 101380
18 75264 101381
18 75264 101382
18 75264 101383
18 75264 101384
18 75264 101385
18 75264 101386
18 75264 101387
18 75264 101388
18 75264 101389
18 75264 101390
18 75264 101391
18 75264 101392
18 75264 101393
18 75264 101394
18 75264 101395
18 75264 101396
18 75264 101397
18 75264 101398
18 75264 101399
18 75264 101400
18 75264 101401
18 75264 101402
18 75264 101403
18 75264 101404
18 75264 101405
18 75264 101406
18 75264 101407
18 75264 101408
18 75264 101409
18 75264 101410
18 75264 101411
18 75264 101412
18 75264 101413
18 75264 101414
18 75264 101415
18 75264 101416
18 75264 101417
18 75264 101418
18 75264 101419
18 75264 101420
18 75264 101421
18 75264 101422
18 75264 101423
18 75264 101424
18 75264 101425
18 75264 101426
18 75264 101427
18 75264 101428
18 75264 101429
18 75264 101430
18 75264 101431
18 75264 101432
18 75264 101433
18 75264 101434
18 75264 101435
18 75264 101436
18 75264 101437
18 75264 101438
18 75264 101439
18 75264 101440
18 75264 101441
18 75264 101442
18 75264 101443
18 75264 101444
18 75264 101445
18 75264 101446
18 75264 101447
18 75264 101448
18 75264 101449
18 75264 101450
18 75264 101451
18 75264 101452
18 75264 101453
18 75264 101454
18 75264 101455
18 75264 101456
18 75264 101457
18 75264 101458
18 75264 101459
18 75264 101460
18 75264 101461
18 75264 101462
18 75264 101463
18 75264 101464
18 75264 101465
18 75264 101466
18 75264 101467
18 75264 101468
18 75264 101469
18 75264 101470
18 75264 101471
18 75264 101472
18 75264 101473
18 75264 101474
18 75264 101475
18 75264 101476
18 75264 101477
18 75264 101478
18 75264 101479
18 75264 101480
18 75264 101481
18 75264 101482
18 75264 101483
18 75264 101484
18 75264 101485
18 75264 101486
18 75264 101487
18 75264 101488
18 75264 101489
18 75264 101490
18 75264 101491
18 75264 101492
18 75264 101493
18 75264 101494
18 75264 101495
18 75264 101496
18 75264 101497
18 75264 101498
18 75264 101499
18 75264 101500
18 75264 101501
18 75264 101502
18 75264 101503
18 75264 101504
18 75264 101505
18 75264 101506
18 75264 101507
18 75264 101508
18 75264 101509
18 75264 101510
18 75264 101511
18 75264 101512
18 75264 101513
18 75264 101514
18 75264 101515
18 75264 101516
18 75264 101517
18 75264 101518
18 75264 101519
18 75264 101520
18 75264 101521
18 75264 101522
18 75264 101523
18 75264 101524
18 75264 101525
18 75264 101526
18 75264 101527
18 75264 101528
18 75264 101529
18 75264 101530
18 75264 101531
18 75264 101532
18 75264 101533
18 75264 101534
18 75264 101535
18 75264 101536
18 75264 101537
18 75264 101538
18 75264 101539
18 75264 101540
18 75264 101541
18 75264 101542
18 75264 101543
18 75264 101544
18 75264 101545
18 75264 101546
18 75264 101547
18 75264 101548
18 75264 101549
18 75264 101550
18 75264 101551
18 75264 101552
18 75264 101553
18 75264 101554
18 75264 101555
18 75264 101556
18 75264 101557
18 75264 101558
18 75264 101559
18 75264 101560
18 75264 101561
18 75264 101562
18 75264 101563
18 75264 101564
18 75264 101565
18 75264 101566
18 75264 101567
18 75264 101568
18 75264 101569
18 75264 101570
18 75264 101571
18 75264 101572
18 75264 101573
18 75264 101574
18 75264 101575
18 75264 101576
18 75264 101577
18 75264 101578
18 75264 101579
18 75264 101580
18 75264 101581
18 75264 101582
18 75264 101583
18 75264 101584
18 75264 101585
18 75264 101586
18 75264 101587
18 75264 101588
18 75264 101589
18 75264 101590
18 75264 101591
18 75264 101592
18 75264 101593
18 75264 101594
18 75264 101595
18 75264 101596
18 75264 101597
18 75264 101598
18 75264 101599
18 75264 101600
18 75264 101601
18 75264 101602
18 75264 101603
18 75264 101604
18 75264 101605
18 75264 101606
18 75264 101607
18 75264 101608
18 75264 101609
18 75264 101610
18 75264 101611
18 75264 101612
18 75264 101613
18 75264 101614
18 75264 101615
18 75264 101616
18 75264 101617
18 75264 101618
18 75264 101619
18 75264 101620
18 75264 101621
18 75264 101622
18 75264 101623
18 75264 101624
18 75264 101625
18 75264 101626
18 75264 101627
18 75264 101628
18 75264 101629
18 75264 101630
18 75264 101631
18 75264 101632
18 75264 101633
18 75264 101634
18 75264 101635
18 75264 101636
18 75264 101637
18 75264 101638
18 75264 101639
18 75264 101640
18 75264 101641
18 75264 101642
18 75264 101643
18 75264 101644
18 75264 101645
18 75264 101646
18 75264 101647
18 75264 101648
18 75264 101649
18 75264 101650
18 75264 101651
18 75264 101652
18 75264 101653
18 75264 101654
18 75264 101655
18 75264 101656
18 75264 101657
18 75264 101658
18 75264 101659
18 75264 101660
18 75264 101661
18 75264 101662
18 75264 101663
18 75264 101664
18 75264 101665
18 75264 101666
18 75264 101667
18 75264 101668
18 75264 101669
18 75264 101670
18 75264 101671
18 75264 101672
18 75264 101673
18 75264 101674
18 75264 101675
18 75264 101676
18 75264 101677
18 75264 101678
18 75264 101679
18 75264 101680
18 75264 101681
18 75264 101682
18 75264 101683
18 75264 101684
18 75264 101685
18 75264 101686
18 75264 101687
18 75264 101688
18 75264 101689
18 75264 101690
18 75264 101691
18 75264 101692
18 75264 101693
18 75264 101694
18 75264 101695
18 75264 101696
18 75264 101697
18 75264 101698
18 75264 101699
18 75264 101700
18 75264 101701
18 75264 101702
18 75264 101703
18 75264 101704
18 75264 101705
18 75264 101706
18 75264 101707
18 75264 101708
18 75264 101709
18 75264 101710
18 75264 101711
18 75264 101712
18 75264 101713
18 75264 101714
18 75264 101715
18 75264 101716
18 75264 101717
18 75264 101718
18 75264 101719
18 75264 101720
18 75264 101721
18 75264 101722
18 75264 101723
18 75264 101724
18 75264 101725
18 75264 101726
18 75264 101727
18 75264 101728
18 75264 101729
18 75264 101730
18 75264 101731
18 75264 101732
18 75264 101733
18 75264 101734
18 75264 101735
18 75264 101736
18 75264 101737
18 75264 101738
18 75264 101739
18 75264 101740
18 75264 101741
18 75264 101742
18 75264 101743
18 75264 101744
18 75264 101745
18 75264 101746
18 75264 101747
18 75264 101748
18 75264 101749
18 75264 101750
18 75264 101751
18 75264 101752
18 75264 101753
18 75264 101754
18 75264 101755
18 75264 101756
18 75264 101757
18 75264 101758
18 75264 101759
18 75264 101760
18 75264 101761
18 75264 101762
18 75264 101763
18 75264 101764
18 75264 101765
18 75264 101766
18 75264 101767
18 75264 101768
18 75264 101769
18 75264 101770
18 75264 101771
18 75264 101772
18 75264 101773
18 75264 101774
18 75264 101775
18 75264 101776
18 75264 101777
18 75264 101778
18 75264 101779
18 75264 101780
18 75264 101781
18 75264 101782
18 75264 101783
18 75264 101784
18 75264 101785
18 75264 101786
18 75264 101787
18 75264 101788
18 75264 101789
18 75264 101790
18 75264 101791
18 75264 101792
18 75264 101793
18 75264 101794
18 75264 101795
18 75264 101796
18 75264 101797
18 75264 101798
18 75264 101799
18 75264 101800
18 75264 101801
18 75264 101802
18 75264 101803
18 75264 101804
18 75264 101805
18 75264 101806
18 75264 101807
18 75264 101808
18 75264 101809
18 75264 101810
18 75264 101811
18 75264 101812
18 75264 101813
18 75264 101814
18 75264 101815
18 75264 101816
18 75264 101817
18 75264 101818
18 75264 101819
18 75264 101820
18 75264 101821
18 75264 101822
18 75264 101823
18 75264 101824
18 75264 101825
18 75264 101826
18 75264 101827
18 75264 101828
18 75264 101829
18 75264 101830
18 75264 101831
18 75264 101832
18 75264 101833
18 75264 101834
18 75264 101835
18 75264 101836
18 75264 101837
18 75264 101838
18 75264 101839
18 75264 101840
18 75264 101841
18 75264 101842
18 75264 101843
18 75264 101844
18 75264 101845
18 75264 101846
18 75264 101847
18 75264 101848
18 75264 101849
18 75264 101850
18 75264 101851
18 75264 101852
18 75264 101853
18 75264 101854
18 75264 101855
18 75264 101856
18 75264 101857
18 75264 101858
18 75264 101859
18 75264 101860
18 75264 101861
18 75264 101862
18 75264 101863
18 75264 101864
18 75264 101865
18 75264 101866
18 75264 101867
18 75264 101868
18 75264 101869
18 75264 101870
18 75264 101871
18 75264 101872
18 75264 101873
18 75264 101874
18 75264 101875
18 75264 101876
18 75264 101877
18 75264 101878
18 75264 101879
18 75264 101880
18 75264 101881
18 75264 101882
18 75264 101883
18 75264 101884
18 75264 101885
18 75264 101886
18 75264 101887
18 75264 101888
18 75264 101889
18 75264 101890
18 75264 101891
18 75264 101892
18 75264 101893
18 75264 101894
18 75264 101895
18 75264 101896
18 75264 101897
18 75264 101898
18 75264 101899
18 75264 101900
18 75264 101901
18 75264 101902
18 75264 101903
18 75264 101904
18 75264 101905
18 75264 101906
18 75264 101907
18 75264 101908
18 75264 101909
18 75264 101910
18 75264 101911
18 75264 101912
18 75264 101913
18 75264 101914
18 75264 101915
18 75264 101916
18 75264 101917
18 75264 101918
18 75264 101919
18 75264 101920
18 75264 101921
18 75264 101922
18 75264 101923
18 75264 101924
18 75264 101925
18 75264 101926
18 75264 101927
18 75264 101928
18 75264 101929
18 75264 101930
18 75264 101931
18 75264 101932
18 75264 101933
18 75264 101934
18 75264 101935
18 75264 101936
18 75264 101937
18 75264 101938
18 75264 101939
18 75264 101940
18 75264 101941
18 75264 101942
18 75264 101943
18 75264 101944
18 75264 101945
18 75264 101946
18 75264 101947
18 75264 101948
18 75264 101949
18 75264 101950
18 75264 101951
18 75264 101952
18 75264 101953
18 75264 101954
18 75264 101955
18 75264 101956
18 75264 101957
18 75264 101958
18 75264 101959
18 75264 101960
18 75264 101961
18 75264 101962
18 75264 101963
18 75264 101964
18 75264 101965
18 75264 101966
18 75264 101967
18 75264 101968
18 75264 101969
18 75264 101970
18 75264 101971
18 75264 101972
18 75264 101973
18 75264 101974
18 75264 101975
18 75264 101976
18 75264 101977
18 75264 101978
18 75264 101979
18 75264 101980
18 75264 101981
18 75264 101982
18 75264 101983
18 75264 101984
18 75264 101985
18 75264 101986
18 75264 101987
18 75264 101988
18 75264 101989
18 75264 101990
18 75264 101991
18 75264 101992
18 75264 101993
18 75264 101994
18 75264 101995
18 75264 101996
18 75264 101997
18 75264 101998
18 75264 101999
18 75264 102000
18 75264 102001
18 75264 102002
18 75264 102003
18 75264 102004
18 75264 102005
18 75264 102006
18 75264 102007
18 75264 102008
18 75264 102009
18 75264 102010
18 75264 102011
18 75264 102012
18 75264 102013
18 75264 102014
18 75264 102015
18 75264 102016
18 75264 102017
18 75264 102018
18 75264 102019
18 75264 102020
18 75264 102021
18 75264 102022
18 75264 102023
18 75264 102024
18 75264 102025
18 75264 102026
18 75264 102027
18 75264 102028
18 75264 102029
18 75264 102030
18 75264 102031
18 75264 102032
18 75264 102033
18 75264 102034
18 75264 102035
18 75264 102036
18 75264 102037
18 75264 102038
18 75264 102039
18 75264 102040
18 75264 102041
18 75264 102042
18 75264 102043
18 75264 102044
18 75264 102045
18 75264 102046
18 75264 102047
18 75264 102048
18 75264 102049
18 75264 102050
18 75264 102051
18 75264 102052
18 75264 102053
18 75264 102054
18 75264 102055
18 75264 102056
18 75264 102057
18 75264 102058
18 75264 102059
18 75264 102060
18 75264 102061
18 75264 102062
18 75264 102063
18 75264 102064
18 75264 102065
18 75264 102066
18 75264 102067
18 75264 102068
18 75264 102069
18 75264 102070
18 75264 102071
18 75264 102072
18 75264 102073
18 75264 102074
18 75264 102075
18 75264 102076
18 75264 102077
18 75264 102078
18 75264 102079
18 75264 102080
18 75264 102081
18 75264 102082
18 75264 102083
18 75264 102084
18 75264 102085
18 75264 102086
18 75264 102087
18 75264 102088
18 75264 102089
18 75264 102090
18 75264 102091
18 75264 102092
18 75264 102093
18 75264 102094
18 75264 102095
18 75264 102096
18 75264 102097
18 75264 102098
18 75264 102099
18 75264 102100
18 75264 102101
18 75264 102102
18 75264 102103
18 75264 102104
18 75264 102105
18 75264 102106
18 75264 102107
18 75264 102108
18 75264 102109
18 75264 102110
18 75264 102111
18 75264 102112
18 75264 102113
18 75264 102114
18 75264 102115
18 75264 102116
18 75264 102117
18 75264 102118
18 75264 102119
18 75264 102120
18 75264 102121
18 75264 102122
18 75264 102123
18 75264 102124
18 75264 102125
18 75264 102126
18 75264 102127
18 75264 102128
18 75264 102129
18 75264 102130
18 75264 102131
18 75264 102132
18 75264 102133
18 75264 102134
18 75264 102135
18 75264 102136
18 75264 102137
18 75264 102138
18 75264 102139
18 75264 102140
18 75264 102141
18 75264 102142
18 75264 102143
18 75264 102144
18 75264 102145
18 75264 102146
18 75264 102147
18 75264 102148
18 75264 102149
18 75264 102150
18 75264 102151
18 75264 102152
18 75264 102153
18 75264 102154
18 75264 102155
18 75264 102156
18 75264 102157
18 75264 102158
18 75264 102159
18 75264 102160
18 75264 102161
18 75264 102162
18 75264 102163
18 75264 102164
18 75264 102165
18 75264 102166
18 75264 102167
18 75264 102168
18 75264 102169
18 75264 102170
18 75264 102171
18 75264 102172
18 75264 102173
18 75264 102174
18 75264 102175
18 75264 102176
18 75264 102177
18 75264 102178
18 75264 102179
18 75264 102180
18 75264 102181
18 75264 102182
18 75264 102183
18 75264 102184
18 75264 102185
18 75264 102186
18 75264 102187
18 75264 102188
18 75264 102189
18 75264 102190
18 75264 102191
18 75264 102192
18 75264 102193
18 75264 102194
18 75264 102195
18 75264 102196
18 75264 102197
18 75264 102198
18 75264 102199
18 75264 102200
18 75264 102201
18 75264 102202
18 75264 102203
18 75264 102204
18 75264 102205
18 75264 102206
18 75264 102207
18 75264 102208
18 75264 102209
18 75264 102210
18 75264 102211
18 75264 102212
18 75264 102213
18 75264 102214
18 75264 102215
18 75264 102216
18 75264 102217
18 75264 102218
18 75264 102219
18 75264 102220
18 75264 102221
18 75264 102222
18 75264 102223
18 75264 102224
18 75264 102225
18 75264 102226
18 75264 102227
18 75264 102228
18 75264 102229
18 75264 102230
18 75264 102231
18 75264 102232
18 75264 102233
18 75264 102234
18 75264 102235
18 75264 102236
18 75264 102237
18 75264 102238
18 75264 102239
18 75264 102240
18 75264 102241
18 75264 102242
18 75264 102243
18 75264 102244
18 75264 102245
18 75264 102246
18 75264 102247
18 75264 102248
18 75264 102249
18 75264 102250
18 75264 102251
18 75264 102252
18 75264 102253
18 75264 102254
18 75264 102255
18 75264 102256
18 75264 102257
18 75264 102258
18 75264 102259
18 75264 102260
18 75264 102261
18 75264 102262
18 75264 102263
18 75264 102264
18 75264 102265
18 75264 102266
18 75264 102267
18 75264 102268
18 75264 102269
18 75264 102270
18 75264 102271
18 75264 102272
18 75277 101357
18 75305 102157
18 75325 101075
18 75359 101816
18 75445 100906
18 75480 101592
18 75491 102145
18 75531 101219
18 75708 101153
18 75761 101849
18 75775 101537
18 75800 101568
18 75812 101847
18 75897 101080
18 75921 101280
18 75942 101067
3 2 3
4 4 6
4 4 6
5 9 12
5 9 12
9 146 200
9 146 201
9 146 202
9 147 196
9 147 200
9 147 201
9 147 202
9 148 196
