13 2252 3402
13 2252 3402
13 2252 3403
13 2252 3403
13 2252 3404
13 2252 3404
13 2252 3405
13 2252 3405
13 2252 3406
13 2252 3406
13 2252 3407
13 2252 3407
13 2252 3408
13 2252 3408
13 2252 3409
13 2252 3409
13 2252 3410
13 2252 3410
13 2252 3411
13 2252 3411
13 2252 3412
13 2252 3412
13 2252 3413
13 2252 3413
13 2252 3414
13 2252 3414
13 2252 3415
13 2252 3415
13 2252 3416
13 2252 3416
13 2252 3417
13 2252 3417
13 2252 3418
13 2252 3418
13 2252 3419
13 2252 3419
13 2252 3420
13 2252 3420
13 2252 3421
13 2252 3421
13 2252 3422
13 2252 3422
13 2252 3423
13 2252 3423
13 2253 3423
13 2253 3423
13 2254 3423
13 2254 3423
13 2255 3423
13 2255 3423
13 2256 3423
13 2256 3423
13 2257 3423
13 2257 3423
13 2258 3423
13 2258 3423
13 2259 3423
13 2259 3423
13 2260 3423
13 2260 3423
13 2261 3423
13 2261 3423
13 2262 3423
13 2262 3423
13 2263 3423
13 2263 3423
13 2264 3423
13 2264 3423
13 2265 3423
13 2265 3423
13 2266 3423
13 2266 3423
13 2267 3423
13 2267 3423
13 2268 3423
13 2268 3423
13 2269 3402
13 2269 3402
13 2269 3403
13 2269 3403
13 2269 3404
13 2269 3404
13 2269 3405
13 2269 3405
13 2269 3406
13 2269 3406
13 2269 3407
13 2269 3407
13 2269 3408
13 2269 3408
13 2269 3409
13 2269 3409
13 2269 3410
13 2269 3410
13 2269 3411
13 2269 3411
13 2269 3412
13 2269 3412
13 2269 3413
13 2269 3413
13 2269 3414
13 2269 3414
13 2269 3415
13 2269 3415
13 2269 3416
13 2269 3416
13 2269 3417
13 2269 3417
13 2269 3418
13 2269 3418
13 2269 3419
13 2269 3419
13 2269 3420
13 2269 3420
13 2269 3421
13 2269 3421
13 2269 3422
13 2269 3422
13 2269 3423
13 2269 3423
14 4505 6804
14 4505 6805
14 4505 6806
14 4505 6807
14 4505 6808
14 4505 6809
14 4505 6810
14 4505 6811
14 4505 6812
14 4505 6813
14 4505 6814
14 4505 6815
14 4505 6816
14 4505 6817
14 4505 6818
14 4505 6819
14 4505 6820
14 4505 6821
14 4505 6822
14 4505 6823
14 4505 6824
14 4505 6825
14 4505 6826
14 4505 6827
14 4505 6828
14 4505 6829
14 4505 6830
14 4505 6831
14 4505 6832
14 4505 6833
14 4505 6834
14 4505 6835
14 4505 6836
14 4505 6837
14 4505 6838
14 4505 6839
14 4505 6840
14 4505 6841
14 4505 6842
14 4505 6843
14 4505 6844
14 4505 6845
14 4505 6846
14 4506 6804
14 4506 6846
14 4515 6846
14 4519 6846
14 4522 6846
15 9010 13609
15 9010 13610
15 9010 13611
15 9010 13612
15 9010 13613
15 9010 13614
15 9010 13615
15 9010 13616
15 9010 13617
15 9010 13618
15 9010 13619
15 9010 13620
15 9010 13621
15 9010 13622
15 9010 13623
15 9010 13624
15 9010 13625
15 9010 13626
15 9010 13627
15 9010 13628
15 9010 13629
15 9010 13630
15 9010 13631
15 9010 13632
15 9010 13633
15 9010 13634
15 9010 13635
15 9010 13636
15 9010 13637
15 9010 13638
15 9010 13639
15 9010 13640
15 9010 13641
15 9010 13642
15 9010 13643
15 9010 13644
15 9010 13645
15 9010 13646
15 9010 13647
15 9010 13648
15 9010 13649
15 9010 13650
15 9010 13651
15 9010 13652
15 9010 13653
15 9010 13654
15 9010 13655
15 9010 13656
15 9010 13657
15 9010 13658
15 9010 13659
15 9010 13660
15 9010 13661
15 9010 13662
15 9010 13663
15 9010 13664
15 9010 13665
15 9010 13666
15 9010 13667
15 9010 13668
15 9010 13669
15 9010 13670
15 9010 13671
15 9010 13672
15 9010 13673
15 9010 13674
15 9010 13675
15 9010 13676
15 9010 13677
15 9010 13678
15 9010 13679
15 9010 13680
15 9010 13681
15 9010 13682
15 9010 13683
15 9010 13684
15 9010 13685
15 9010 13686
15 9010 13687
15 9010 13688
15 9010 13689
15 9010 13690
15 9010 13691
15 9010 13692
15 9010 13693
15 9011 13638
15 9011 13662
15 9011 13664
15 9012 13609
15 9012 13693
15 9030 13693
15 9039 13693
15 9044 13692
15 9045 13692
15 9045 13693
16 18021 27218
16 18021 27219
16 18021 27220
16 18021 27221
16 18021 27222
16 18021 27223
16 18021 27224
16 18021 27225
16 18021 27226
16 18021 27227
16 18021 27228
16 18021 27229
16 18021 27230
16 18021 27231
16 18021 27232
16 18021 27233
16 18021 27234
16 18021 27235
16 18021 27236
16 18021 27237
16 18021 27238
16 18021 27239
16 18021 27240
16 18021 27241
16 18021 27242
16 18021 27243
16 18021 27244
16 18021 27245
16 18021 27246
16 18021 27247
16 18021 27248
16 18021 27249
16 18021 27250
16 18021 27251
16 18021 27252
16 18021 27253
16 18021 27254
16 18021 27255
16 18021 27256
16 18021 27257
16 18021 27258
16 18021 27259
16 18021 27260
16 18021 27261
16 18021 27262
16 18021 27263
16 18021 27264
16 18021 27265
16 18021 27266
16 18021 27267
16 18021 27268
16 18021 27269
16 18021 27270
16 18021 27271
16 18021 27272
16 18021 27273
16 18021 27274
16 18021 27275
16 18021 27276
16 18021 27277
16 18021 27278
16 18021 27279
16 18021 27280
16 18021 27281
16 18021 27282
16 18021 27283
16 18021 27284
16 18021 27285
16 18021 27286
16 18021 27287
16 18021 27288
16 18021 27289
16 18021 27290
16 18021 27291
16 18021 27292
16 18021 27293
16 18021 27294
16 18021 27295
16 18021 27296
16 18021 27297
16 18021 27298
16 18021 27299
16 18021 27300
16 18021 27301
16 18021 27302
16 18021 27303
16 18021 27304
16 18021 27305
16 18021 27306
16 18021 27307
16 18021 27308
16 18021 27309
16 18021 27310
16 18021 27311
16 18021 27312
16 18021 27313
16 18021 27314
16 18021 27315
16 18021 27316
16 18021 27317
16 18021 27318
16 18021 27319
16 18021 27320
16 18021 27321
16 18021 27322
16 18021 27323
16 18021 27324
16 18021 27325
16 18021 27326
16 18021 27327
16 18021 27328
16 18021 27329
16 18021 27330
16 18021 27331
16 18021 27332
16 18021 27333
16 18021 27334
16 18021 27335
16 18021 27336
16 18021 27337
16 18021 27338
16 18021 27339
16 18021 27340
16 18021 27341
16 18021 27342
16 18021 27343
16 18021 27344
16 18021 27345
16 18021 27346
16 18021 27347
16 18021 27348
16 18021 27349
16 18021 27350
16 18021 27351
16 18021 27352
16 18021 27353
16 18021 27354
16 18021 27355
16 18021 27356
16 18021 27357
16 18021 27358
16 18021 27359
16 18021 27360
16 18021 27361
16 18021 27362
16 18021 27363
16 18021 27364
16 18021 27365
16 18021 27366
16 18021 27367
16 18021 27368
16 18021 27369
16 18021 27370
16 18021 27371
16 18021 27372
16 18021 27373
16 18021 27374
16 18021 27375
16 18021 27376
16 18021 27377
16 18021 27378
16 18021 27379
16 18021 27380
16 18021 27381
16 18021 27382
16 18021 27383
16 18021 27384
16 18021 27385
16 18021 27386
16 18021 27387
16 18022 27277
16 18022 27325
16 18023 27328
16 18024 27219
16 18024 27309
16 18024 27386
16 18025 27219
16 18026 27222
16 18027 27242
16 18027 27335
16 18028 27222
16 18028 27225
16 18029 27309
16 18029 27319
16 18029 27329
16 18029 27339
16 18030 27225
16 18031 27225
16 18031 27336
16 18032 27252
16 18033 27229
16 18034 27231
16 18036 27234
16 18036 27243
16 18036 27271
16 18036 27312
16 18037 27231
16 18037 27242
16 18038 27237
16 18038 27241
16 18038 27276
16 18039 27239
16 18039 27240
16 18040 27245
16 18040 27250
16 18041 27252
16 18041 27296
16 18042 27247
16 18042 27304
16 18043 27252
16 18043 27371
16 18045 27253
16 18045 27255
16 18045 27333
16 18045 27356
16 18046 27253
16 18046 27256
16 18046 27260
16 18046 27271
16 18046 27332
16 18047 27263
16 18047 27265
16 18047 27268
16 18048 27257
16 18049 27258
16 18049 27288
16 18050 27268
16 18050 27298
16 18050 27346
16 18051 27258
16 18052 27274
16 18052 27292
16 18052 27326
16 18052 27368
16 18053 27318
16 18053 27342
16 18054 27270
16 18054 27271
16 18055 27266
16 18055 27339
16 18056 27297
16 18058 27297
16 18059 27295
16 18060 27349
16 18061 27273
16 18061 27313
16 18061 27326
16 18061 27342
16 18061 27350
16 18061 27365
16 18061 27387
16 18062 27319
16 18062 27327
16 18062 27344
16 18062 27353
16 18063 27280
16 18063 27286
16 18063 27312
16 18063 27315
16 18063 27329
16 18063 27359
16 18064 27301
16 18064 27328
16 18065 27285
16 18065 27298
16 18065 27359
16 18066 27302
16 18066 27303
16 18066 27370
16 18067 27286
16 18067 27302
16 18068 27304
16 18069 27308
16 18069 27375
16 18070 27371
16 18070 27377
16 18071 27308
16 18072 27331
16 18072 27332
16 18072 27382
16 18075 27332
16 18075 27360
16 18075 27370
16 18077 27305
16 18077 27314
16 18078 27306
16 18078 27386
16 18081 27317
16 18082 27334
16 18083 27329
16 18083 27377
16 18084 27313
16 18084 27315
16 18084 27325
16 18084 27327
16 18084 27329
16 18084 27330
16 18084 27364
16 18084 27383
16 18085 27315
16 18085 27359
16 18086 27356
16 18086 27357
16 18088 27318
16 18088 27351
16 18088 27384
16 18089 27327
16 18089 27329
16 18090 27330
16 18090 27384
16 18091 27323
16 18091 27345
16 18091 27380
16 18091 27387
16 18092 27327
16 18092 27330
16 18092 27377
16 18092 27383
16 18093 27333
16 18093 27334
16 18093 27342
16 18093 27381
16 18094 27332
16 18094 27371
16 18095 27334
16 18095 27359
16 18095 27365
16 18095 27368
16 18096 27333
16 18096 27334
16 18096 27356
16 18096 27368
16 18097 27340
16 18098 27340
16 18098 27359
16 18098 27362
16 18099 27333
16 18099 27353
16 18101 27344
16 18102 27364
16 18105 27359
16 18106 27357
16 18107 27332
16 18107 27360
16 18126 27348
17 36043 54437
17 36043 54438
17 36043 54439
17 36043 54440
17 36043 54441
17 36043 54442
17 36043 54443
17 36043 54444
17 36043 54445
17 36043 54446
17 36043 54447
17 36043 54448
17 36043 54449
17 36043 54450
17 36043 54451
17 36043 54452
17 36043 54453
17 36043 54454
17 36043 54455
17 36043 54456
17 36043 54457
17 36043 54458
17 36043 54459
17 36043 54460
17 36043 54461
17 36043 54462
17 36043 54463
17 36043 54464
17 36043 54465
17 36043 54466
17 36043 54467
17 36043 54468
17 36043 54469
17 36043 54470
17 36043 54471
17 36043 54472
17 36043 54473
17 36043 54474
17 36043 54475
17 36043 54476
17 36043 54477
17 36043 54478
17 36043 54479
17 36043 54480
17 36043 54481
17 36043 54482
17 36043 54483
17 36043 54484
17 36043 54485
17 36043 54486
17 36043 54487
17 36043 54488
17 36043 54489
17 36043 54490
17 36043 54491
17 36043 54492
17 36043 54493
17 36043 54494
17 36043 54495
17 36043 54496
17 36043 54497
17 36043 54498
17 36043 54499
17 36043 54500
17 36043 54501
17 36043 54502
17 36043 54503
17 36043 54504
17 36043 54505
17 36043 54506
17 36043 54507
17 36043 54508
17 36043 54509
17 36043 54510
17 36043 54511
17 36043 54512
17 36043 54513
17 36043 54514
17 36043 54515
17 36043 54516
17 36043 54517
17 36043 54518
17 36043 54519
17 36043 54520
17 36043 54521
17 36043 54522
17 36043 54523
17 36043 54524
17 36043 54525
17 36043 54526
17 36043 54527
17 36043 54528
17 36043 54529
17 36043 54530
17 36043 54531
17 36043 54532
17 36043 54533
17 36043 54534
17 36043 54535
17 36043 54536
17 36043 54537
17 36043 54538
17 36043 54539
17 36043 54540
17 36043 54541
17 36043 54542
17 36043 54543
17 36043 54544
17 36043 54545
17 36043 54546
17 36043 54547
17 36043 54548
17 36043 54549
17 36043 54550
17 36043 54551
17 36043 54552
17 36043 54553
17 36043 54554
17 36043 54555
17 36043 54556
17 36043 54557
17 36043 54558
17 36043 54559
17 36043 54560
17 36043 54561
17 36043 54562
17 36043 54563
17 36043 54564
17 36043 54565
17 36043 54566
17 36043 54567
17 36043 54568
17 36043 54569
17 36043 54570
17 36043 54571
17 36043 54572
17 36043 54573
17 36043 54574
17 36043 54575
17 36043 54576
17 36043 54577
17 36043 54578
17 36043 54579
17 36043 54580
17 36043 54581
17 36043 54582
17 36043 54583
17 36043 54584
17 36043 54585
17 36043 54586
17 36043 54587
17 36043 54588
17 36043 54589
17 36043 54590
17 36043 54591
17 36043 54592
17 36043 54593
17 36043 54594
17 36043 54595
17 36043 54596
17 36043 54597
17 36043 54598
17 36043 54599
17 36043 54600
17 36043 54601
17 36043 54602
17 36043 54603
17 36043 54604
17 36043 54605
17 36043 54606
17 36043 54607
17 36043 54608
17 36043 54609
17 36043 54610
17 36043 54611
17 36043 54612
17 36043 54613
17 36043 54614
17 36043 54615
17 36043 54616
17 36043 54617
17 36043 54618
17 36043 54619
17 36043 54620
17 36043 54621
17 36043 54622
17 36043 54623
17 36043 54624
17 36043 54625
17 36043 54626
17 36043 54627
17 36043 54628
17 36043 54629
17 36043 54630
17 36043 54631
17 36043 54632
17 36043 54633
17 36043 54634
17 36043 54635
17 36043 54636
17 36043 54637
17 36043 54638
17 36043 54639
17 36043 54640
17 36043 54641
17 36043 54642
17 36043 54643
17 36043 54644
17 36043 54645
17 36043 54646
17 36043 54647
17 36043 54648
17 36043 54649
17 36043 54650
17 36043 54651
17 36043 54652
17 36043 54653
17 36043 54654
17 36043 54655
17 36043 54656
17 36043 54657
17 36043 54658
17 36043 54659
17 36043 54660
17 36043 54661
17 36043 54662
17 36043 54663
17 36043 54664
17 36043 54665
17 36043 54666
17 36043 54667
17 36043 54668
17 36043 54669
17 36043 54670
17 36043 54671
17 36043 54672
17 36043 54673
17 36043 54674
17 36043 54675
17 36043 54676
17 36043 54677
17 36043 54678
17 36043 54679
17 36043 54680
17 36043 54681
17 36043 54682
17 36043 54683
17 36043 54684
17 36043 54685
17 36043 54686
17 36043 54687
17 36043 54688
17 36043 54689
17 36043 54690
17 36043 54691
17 36043 54692
17 36043 54693
17 36043 54694
17 36043 54695
17 36043 54696
17 36043 54697
17 36043 54698
17 36043 54699
17 36043 54700
17 36043 54701
17 36043 54702
17 36043 54703
17 36043 54704
17 36043 54705
17 36043 54706
17 36043 54707
17 36043 54708
17 36043 54709
17 36043 54710
17 36043 54711
17 36043 54712
17 36043 54713
17 36043 54714
17 36043 54715
17 36043 54716
17 36043 54717
17 36043 54718
17 36043 54719
17 36043 54720
17 36043 54721
17 36043 54722
17 36043 54723
17 36043 54724
17 36043 54725
17 36043 54726
17 36043 54727
17 36043 54728
17 36043 54729
17 36043 54730
17 36043 54731
17 36043 54732
17 36043 54733
17 36043 54734
17 36043 54735
17 36043 54736
17 36043 54737
17 36043 54738
17 36043 54739
17 36043 54740
17 36043 54741
17 36043 54742
17 36043 54743
17 36043 54744
17 36043 54745
17 36043 54746
17 36043 54747
17 36043 54748
17 36043 54749
17 36043 54750
17 36043 54751
17 36043 54752
17 36043 54753
17 36043 54754
17 36043 54755
17 36043 54756
17 36043 54757
17 36043 54758
17 36043 54759
17 36043 54760
17 36043 54761
17 36043 54762
17 36043 54763
17 36043 54764
17 36043 54765
17 36043 54766
17 36043 54767
17 36043 54768
17 36043 54769
17 36043 54770
17 36043 54771
17 36043 54772
17 36043 54773
17 36043 54774
17 36043 54775
18 72087 108875
3 2 3
4 4 6
4 4 6
5 8 13
5 8 13
6 17 26
6 17 26
7 35 53
7 35 53
