12 1118 1683
12 1118 1683
13 2237 3367
13 2237 3367
14 4475 6735
14 4475 6737
15 8951 13471
15 8951 13474
15 8954 13472
16 17902 26942
16 17902 26943
16 17902 26944
16 17902 26945
16 17902 26947
16 17902 26948
16 17902 26949
16 17909 26946
17 35805 53885
17 35805 53886
17 35805 53887
17 35805 53888
17 35805 53889
17 35805 53890
17 35805 53891
17 35805 53892
17 35805 53894
17 35805 53895
17 35805 53896
17 35805 53897
17 35805 53898
17 35818 53893
18 71610 107771
18 71610 107772
18 71610 107773
18 71610 107774
18 71610 107775
18 71610 107776
18 71610 107777
18 71610 107778
18 71610 107779
18 71610 107780
18 71610 107781
18 71610 107782
18 71610 107783
18 71610 107784
18 71610 107785
18 71610 107786
18 71610 107787
18 71610 107788
18 71610 107789
18 71610 107790
18 71610 107791
18 71610 107792
18 71610 107793
18 71610 107794
18 71610 107795
18 71610 107796
3 2 3
4 4 6
4 4 6
5 8 13
5 8 13
6 17 26
6 17 26
7 34 52
7 34 52
8 69 105
8 69 105
9 139 210
9 139 210
