13 2262 3506
13 2262 3506
13 2262 3509
13 2262 3509
13 2264 3506
13 2264 3506
13 2264 3509
13 2264 3509
14 4524 7013
14 4524 7014
14 4524 7017
14 4524 7018
14 4529 7013
15 9049 14026
15 9049 14027
15 9049 14028
15 9049 14029
15 9049 14033
15 9049 14034
15 9049 14035
15 9049 14036
15 9050 14035
15 9058 14027
15 9059 14030
15 9059 14031
15 9059 14032
16 18098 28053
16 18098 28054
16 18098 28055
16 18098 28056
16 18098 28057
16 18098 28058
16 18098 28059
16 18098 28060
16 18098 28061
16 18098 28063
16 18098 28064
16 18098 28065
16 18098 28066
16 18098 28067
16 18098 28068
16 18098 28069
16 18098 28070
16 18098 28071
16 18098 28072
16 18101 28070
16 18117 28055
16 18118 28062
17 36197 56106
17 36197 56107
17 36197 56108
17 36197 56109
17 36197 56110
17 36197 56111
17 36197 56112
17 36197 56113
17 36197 56114
17 36197 56115
17 36197 56116
17 36197 56117
17 36197 56118
17 36197 56119
17 36197 56120
17 36197 56121
17 36197 56122
17 36197 56123
17 36197 56124
17 36197 56125
17 36197 56126
17 36197 56127
17 36197 56128
17 36197 56129
17 36197 56130
17 36197 56131
17 36197 56132
17 36197 56133
17 36197 56134
17 36197 56135
17 36197 56136
17 36197 56137
17 36197 56138
17 36197 56139
17 36197 56140
17 36197 56141
17 36197 56142
17 36197 56143
17 36197 56144
17 36197 56145
18 72394 112212
3 2 3
4 4 6
4 4 6
5 8 13
5 8 13
6 17 27
6 17 27
7 35 54
7 35 54
8 70 109
8 70 109
