10 236 426
11 473 853
11 473 853
12 947 1706
12 947 1706
12 947 1707
12 947 1707
12 947 1708
12 947 1708
12 947 1709
12 947 1709
12 947 1710
12 947 1710
12 947 1711
12 947 1711
12 947 1712
12 947 1712
12 947 1713
12 947 1713
12 947 1714
12 947 1714
12 948 1714
12 948 1714
12 949 1714
12 949 1714
12 950 1714
12 950 1714
12 951 1714
12 951 1714
12 952 1714
12 952 1714
12 953 1714
12 953 1714
12 954 1714
12 954 1714
12 955 1714
12 955 1714
12 956 1714
12 956 1714
12 957 1714
12 957 1714
13 1895 3412
13 1895 3412
13 1895 3413
13 1895 3413
13 1895 3414
13 1895 3414
13 1895 3415
13 1895 3415
13 1895 3416
13 1895 3416
13 1895 3417
13 1895 3417
13 1895 3418
13 1895 3418
13 1895 3419
13 1895 3419
13 1895 3420
13 1895 3420
13 1895 3421
13 1895 3421
13 1895 3422
13 1895 3422
13 1895 3423
13 1895 3423
13 1895 3424
13 1895 3424
13 1895 3425
13 1895 3425
13 1895 3426
13 1895 3426
13 1895 3427
13 1895 3427
13 1895 3428
13 1895 3428
13 1896 3428
13 1896 3428
13 1897 3428
13 1897 3428
13 1898 3428
13 1898 3428
13 1899 3428
13 1899 3428
13 1900 3428
13 1900 3428
13 1901 3428
13 1901 3428
13 1902 3428
13 1902 3428
13 1903 3428
13 1903 3428
13 1904 3428
13 1904 3428
13 1905 3428
13 1905 3428
13 1906 3428
13 1906 3428
13 1907 3428
13 1907 3428
13 1908 3428
13 1908 3428
13 1909 3428
13 1909 3428
13 1910 3428
13 1910 3428
13 1911 3428
13 1911 3428
13 1912 3428
13 1912 3428
13 1913 3428
13 1913 3428
13 1914 3428
13 1914 3428
13 1915 3428
13 1915 3428
14 3791 6824
14 3791 6825
14 3791 6826
14 3791 6827
14 3791 6828
14 3791 6829
14 3791 6830
14 3791 6831
14 3791 6832
14 3791 6833
14 3791 6834
14 3791 6835
14 3791 6836
14 3791 6837
14 3791 6838
14 3791 6839
14 3791 6840
14 3791 6841
14 3791 6842
14 3791 6843
14 3791 6844
14 3791 6845
14 3791 6846
14 3791 6847
14 3791 6848
14 3791 6849
14 3791 6850
14 3791 6851
14 3791 6852
14 3791 6853
14 3791 6854
14 3791 6855
14 3791 6856
15 7583 13648
15 7583 13649
15 7583 13650
15 7583 13651
15 7583 13652
15 7583 13653
15 7583 13654
15 7583 13655
15 7583 13656
15 7583 13657
15 7583 13658
15 7583 13659
15 7583 13660
15 7583 13661
15 7583 13662
15 7583 13663
15 7583 13664
15 7583 13665
15 7583 13666
15 7583 13667
15 7583 13668
15 7583 13669
15 7583 13670
15 7583 13671
15 7583 13672
15 7583 13673
15 7583 13674
15 7583 13675
15 7583 13676
15 7583 13677
15 7583 13678
15 7583 13679
15 7583 13680
15 7583 13681
15 7583 13682
15 7583 13683
15 7583 13684
15 7583 13685
15 7583 13686
15 7583 13687
15 7583 13688
15 7583 13689
15 7583 13690
15 7583 13691
15 7583 13692
15 7583 13693
15 7583 13694
15 7583 13695
15 7583 13696
15 7583 13697
15 7583 13698
15 7583 13699
15 7583 13700
15 7583 13701
15 7583 13702
15 7583 13703
15 7583 13704
15 7583 13705
15 7583 13706
15 7583 13707
15 7583 13708
15 7583 13709
15 7583 13710
15 7583 13711
15 7583 13712
15 7583 13713
16 15166 27297
16 15166 27298
16 15166 27299
16 15166 27300
16 15166 27301
16 15166 27302
16 15166 27303
16 15166 27304
16 15166 27305
16 15166 27306
16 15166 27307
16 15166 27308
16 15166 27309
16 15166 27310
16 15166 27311
16 15166 27312
16 15166 27313
16 15166 27314
16 15166 27315
16 15166 27316
16 15166 27317
16 15166 27318
16 15166 27319
16 15166 27320
16 15166 27321
16 15166 27322
16 15166 27323
16 15166 27324
16 15166 27325
16 15166 27326
16 15166 27327
16 15166 27328
16 15166 27329
16 15166 27330
16 15166 27331
16 15166 27332
16 15166 27333
16 15166 27334
16 15166 27335
16 15166 27336
16 15166 27337
16 15166 27338
16 15166 27339
16 15166 27340
16 15166 27341
16 15166 27342
16 15166 27343
16 15166 27344
16 15166 27345
16 15166 27346
16 15166 27347
16 15166 27348
16 15166 27349
16 15166 27350
16 15166 27351
16 15166 27352
16 15166 27353
16 15166 27354
16 15166 27355
16 15166 27356
16 15166 27357
16 15166 27358
16 15166 27359
16 15166 27360
16 15166 27361
16 15166 27362
16 15166 27363
16 15166 27364
16 15166 27365
16 15166 27366
16 15166 27367
16 15166 27368
16 15166 27369
16 15166 27370
16 15166 27371
16 15166 27372
16 15166 27373
16 15166 27374
16 15166 27375
16 15166 27376
16 15166 27377
16 15166 27378
16 15166 27379
16 15166 27380
16 15166 27381
16 15166 27382
16 15166 27383
16 15166 27384
16 15166 27385
16 15166 27386
16 15166 27387
16 15166 27388
16 15166 27389
16 15166 27390
16 15166 27391
16 15166 27392
16 15166 27393
16 15166 27394
16 15166 27395
16 15166 27396
16 15166 27397
16 15166 27398
16 15166 27399
16 15166 27400
16 15166 27401
16 15166 27402
16 15166 27403
16 15166 27404
16 15166 27405
16 15166 27406
16 15166 27407
16 15166 27408
16 15166 27409
16 15166 27410
16 15166 27411
16 15166 27412
16 15166 27413
16 15166 27414
16 15166 27415
16 15166 27416
16 15166 27417
16 15166 27418
16 15166 27419
16 15166 27420
16 15166 27421
16 15166 27422
16 15166 27423
16 15166 27424
16 15166 27425
16 15166 27426
16 15166 27427
17 30333 54595
18 60666 109191
3 1 3
4 3 6
4 3 6
5 7 13
5 7 13
6 14 26
6 14 26
7 29 53
7 29 53
