12 1130 1736
12 1130 1737
12 1130 1738
12 1130 1739
12 1130 1740
12 1130 1741
12 1130 1742
12 1130 1743
12 1130 1744
12 1130 1745
12 1130 1746
12 1130 1747
12 1131 1736
12 1131 1737
12 1131 1738
12 1131 1739
12 1131 1740
12 1131 1741
12 1131 1742
12 1131 1743
12 1131 1744
12 1131 1745
12 1131 1746
12 1131 1747
12 1132 1736
12 1132 1737
12 1132 1738
12 1132 1739
12 1132 1740
12 1132 1741
12 1132 1742
12 1132 1743
12 1132 1744
12 1132 1745
12 1132 1746
12 1132 1747
12 1133 1736
12 1133 1747
12 1134 1736
12 1134 1747
12 1135 1736
12 1135 1747
12 1136 1736
12 1136 1747
12 1137 1736
12 1137 1747
12 1138 1736
12 1138 1747
13 2261 3473
4 4 6
5 8 13
6 17 27
7 35 54
