12 1183 1556
12 1183 1556
12 1184 1556
12 1184 1556
12 1185 1556
12 1185 1556
12 1186 1556
12 1186 1556
13 2367 3112
13 2367 3112
13 2367 3113
13 2367 3113
13 2368 3112
13 2368 3112
13 2368 3113
13 2368 3113
13 2369 3112
13 2369 3112
13 2369 3113
13 2369 3113
13 2370 3112
13 2370 3112
13 2370 3113
13 2370 3113
13 2371 3112
13 2371 3112
13 2371 3113
13 2371 3113
13 2372 3112
13 2372 3112
13 2372 3113
13 2372 3113
13 2373 3112
13 2373 3112
13 2373 3113
13 2373 3113
13 2373 3114
13 2373 3114
13 2373 3115
13 2373 3115
13 2373 3116
13 2373 3116
14 4734 6225
14 4734 6226
14 4734 6227
14 4734 6228
14 4734 6229
14 4734 6230
14 4734 6231
14 4734 6232
14 4734 6233
14 4739 6228
14 4740 6227
14 4740 6228
14 4743 6227
14 4744 6226
14 4744 6228
14 4745 6225
14 4745 6226
14 4745 6228
15 9469 12450
15 9469 12451
15 9469 12452
15 9469 12453
15 9469 12454
15 9469 12455
15 9469 12456
15 9469 12457
15 9469 12458
15 9469 12459
15 9469 12460
15 9469 12461
15 9469 12462
15 9469 12463
15 9469 12464
15 9469 12465
15 9469 12466
15 9469 12467
15 9479 12457
15 9481 12454
15 9481 12456
15 9487 12454
15 9487 12455
15 9488 12456
15 9489 12452
15 9489 12453
15 9491 12451
15 9491 12453
15 9491 12457
16 18939 24900
16 18939 24901
16 18939 24902
16 18939 24903
16 18939 24904
16 18939 24905
16 18939 24906
16 18939 24907
16 18939 24908
16 18939 24909
16 18939 24910
16 18939 24911
16 18939 24912
16 18939 24913
16 18939 24914
16 18939 24915
16 18939 24916
16 18939 24917
16 18939 24918
16 18939 24919
16 18939 24920
16 18939 24921
16 18939 24922
16 18939 24923
16 18939 24924
16 18939 24925
16 18939 24926
16 18939 24927
16 18939 24928
16 18939 24929
16 18939 24930
16 18939 24931
16 18939 24932
16 18939 24933
16 18939 24934
16 18958 24914
16 18962 24908
16 18963 24913
16 18974 24909
16 18975 24910
16 18976 24913
16 18978 24907
16 18979 24904
16 18982 24907
16 18983 24902
16 18983 24906
16 18983 24907
16 18983 24915
17 37879 49801
17 37879 49802
17 37879 49803
17 37879 49804
17 37879 49805
17 37879 49806
17 37879 49807
17 37879 49808
17 37879 49809
17 37879 49810
17 37879 49811
17 37879 49812
17 37879 49813
17 37879 49814
17 37879 49815
17 37879 49816
17 37879 49817
17 37879 49818
17 37879 49819
17 37879 49820
17 37879 49821
17 37879 49822
17 37879 49823
17 37879 49824
17 37879 49825
17 37879 49826
17 37879 49827
17 37879 49828
17 37879 49829
17 37879 49830
17 37879 49831
17 37879 49832
17 37879 49833
17 37879 49834
17 37879 49835
17 37879 49836
17 37879 49837
17 37879 49838
17 37879 49839
17 37879 49840
17 37879 49841
17 37879 49842
17 37879 49843
17 37879 49844
17 37879 49845
17 37879 49846
17 37879 49847
17 37879 49848
17 37879 49849
17 37879 49850
17 37879 49851
17 37879 49852
17 37879 49853
17 37879 49854
17 37879 49855
17 37879 49856
17 37879 49857
17 37879 49858
17 37879 49859
17 37879 49860
17 37879 49861
17 37879 49862
17 37879 49863
17 37879 49864
17 37879 49865
17 37879 49866
17 37879 49867
17 37879 49868
18 75759 99602
3 2 3
4 4 6
4 4 6
5 9 12
5 9 12
6 18 24
6 18 24
7 36 48
7 36 48
7 37 48
7 37 48
8 73 97
8 73 97
8 74 97
8 74 97
