10 294 397
11 589 795
12 1178 1591
12 1178 1591
12 1179 1591
12 1179 1591
12 1180 1591
12 1180 1591
12 1181 1591
12 1181 1591
12 1182 1591
12 1182 1591
12 1183 1591
12 1183 1591
12 1184 1591
12 1184 1591
13 2356 3183
13 2356 3183
13 2356 3184
13 2356 3184
13 2356 3185
13 2356 3185
13 2356 3186
13 2356 3186
13 2356 3187
13 2356 3187
13 2356 3188
13 2356 3188
13 2356 3189
13 2356 3189
13 2356 3190
13 2356 3190
13 2356 3191
13 2356 3191
13 2356 3192
13 2356 3192
13 2356 3193
13 2356 3193
13 2357 3183
13 2357 3183
13 2357 3193
13 2357 3193
13 2358 3183
13 2358 3183
13 2358 3193
13 2358 3193
13 2359 3183
13 2359 3183
13 2359 3193
13 2359 3193
13 2360 3183
13 2360 3183
13 2360 3193
13 2360 3193
13 2361 3183
13 2361 3183
13 2361 3193
13 2361 3193
13 2362 3183
13 2362 3183
13 2362 3193
13 2362 3193
13 2363 3183
13 2363 3183
13 2363 3193
13 2363 3193
13 2364 3183
13 2364 3183
13 2364 3193
13 2364 3193
13 2365 3183
13 2365 3183
13 2365 3193
13 2365 3193
13 2366 3183
13 2366 3183
13 2366 3193
13 2366 3193
13 2367 3183
13 2367 3183
13 2367 3193
13 2367 3193
13 2368 3183
13 2368 3183
13 2368 3193
13 2368 3193
14 4713 6367
14 4713 6368
14 4713 6369
14 4713 6370
14 4713 6371
14 4713 6372
14 4713 6373
14 4713 6374
14 4713 6375
14 4713 6376
14 4713 6377
14 4713 6378
14 4713 6379
14 4713 6380
14 4713 6381
14 4713 6382
14 4713 6383
14 4713 6384
14 4713 6385
14 4713 6386
15 9427 12735
15 9427 12736
15 9427 12737
15 9427 12738
15 9427 12739
15 9427 12740
15 9427 12741
15 9427 12742
15 9427 12743
15 9427 12744
15 9427 12745
15 9427 12746
15 9427 12747
15 9427 12748
15 9427 12749
15 9427 12750
15 9427 12751
15 9427 12752
15 9427 12753
15 9427 12754
15 9427 12755
15 9427 12756
15 9427 12757
15 9427 12758
15 9427 12759
15 9427 12760
15 9427 12761
15 9427 12762
15 9427 12763
15 9427 12764
15 9427 12765
15 9427 12766
15 9427 12767
15 9427 12768
15 9427 12769
15 9427 12770
15 9427 12771
15 9427 12772
16 18855 25471
16 18855 25472
16 18855 25473
16 18855 25474
16 18855 25475
16 18855 25476
16 18855 25477
16 18855 25478
16 18855 25479
16 18855 25480
16 18855 25481
16 18855 25482
16 18855 25483
16 18855 25484
16 18855 25485
16 18855 25486
16 18855 25487
16 18855 25488
16 18855 25489
16 18855 25490
16 18855 25491
16 18855 25492
16 18855 25493
16 18855 25494
16 18855 25495
16 18855 25496
16 18855 25497
16 18855 25498
16 18855 25499
16 18855 25500
16 18855 25501
16 18855 25502
16 18855 25503
16 18855 25504
16 18855 25505
16 18855 25506
16 18855 25507
16 18855 25508
16 18855 25509
16 18855 25510
16 18855 25511
16 18855 25512
16 18855 25513
16 18855 25514
16 18855 25515
16 18855 25516
16 18855 25517
16 18855 25518
16 18855 25519
16 18855 25520
16 18855 25521
16 18855 25522
16 18855 25523
16 18855 25524
16 18855 25525
16 18855 25526
16 18855 25527
16 18855 25528
16 18855 25529
16 18855 25530
16 18855 25531
16 18855 25532
16 18855 25533
16 18855 25534
16 18855 25535
16 18855 25536
16 18855 25537
16 18855 25538
16 18855 25539
16 18855 25540
16 18855 25541
16 18855 25542
16 18855 25543
16 18855 25544
16 18855 25545
16 18872 25536
17 37711 50943
18 75423 101887
3 2 3
4 4 6
4 4 6
5 9 12
5 9 12
6 18 24
6 18 24
7 36 49
7 36 49
7 37 49
7 37 49
9 147 198
9 147 198
9 148 198
9 148 198
