11 591 803
12 1183 1606
12 1183 1606
12 1184 1606
12 1184 1606
13 2366 3212
13 2366 3212
13 2367 3212
13 2367 3212
13 2368 3210
13 2368 3210
13 2368 3212
13 2368 3212
14 4732 6420
14 4732 6421
14 4732 6422
14 4732 6423
14 4732 6424
15 9465 12840
15 9465 12841
15 9465 12842
15 9465 12843
15 9465 12844
15 9465 12845
15 9465 12846
15 9465 12847
15 9465 12848
16 18931 25681
16 18931 25682
16 18931 25683
16 18931 25684
16 18931 25685
16 18931 25686
16 18931 25687
16 18931 25688
16 18931 25689
16 18931 25690
16 18931 25691
16 18931 25692
16 18931 25693
16 18931 25694
16 18931 25695
16 18931 25696
17 37863 51363
17 37863 51364
17 37863 51365
17 37863 51366
17 37863 51367
17 37863 51368
17 37863 51369
17 37863 51370
17 37863 51371
17 37863 51372
17 37863 51373
17 37863 51374
17 37863 51375
17 37863 51376
17 37863 51377
17 37863 51378
17 37863 51379
17 37863 51380
17 37863 51381
17 37863 51382
17 37863 51383
17 37863 51384
17 37863 51385
17 37863 51386
17 37863 51387
17 37863 51388
17 37863 51389
17 37863 51390
17 37863 51391
17 37863 51392
18 75727 102727
3 2 3
4 4 6
4 4 6
5 9 12
5 9 12
6 18 25
6 18 25
