11 562 830
12 1125 1661
12 1125 1661
13 2251 3323
13 2251 3323
13 2253 3323
13 2253 3323
14 4502 6647
14 4502 6648
14 4502 6649
14 4502 6650
14 4502 6653
14 4507 6651
14 4507 6652
15 9004 13294
15 9004 13295
15 9004 13296
15 9004 13297
15 9004 13298
15 9004 13299
15 9004 13300
15 9004 13301
15 9004 13302
15 9004 13303
15 9004 13304
15 9004 13305
15 9004 13306
15 9004 13307
16 18009 26589
16 18009 26590
16 18009 26591
16 18009 26592
16 18009 26593
16 18009 26594
16 18009 26595
16 18009 26596
16 18009 26597
16 18009 26598
16 18009 26599
16 18009 26600
16 18009 26601
16 18009 26602
16 18009 26603
16 18009 26604
16 18009 26605
16 18009 26606
16 18009 26607
16 18009 26608
16 18009 26609
16 18009 26610
16 18009 26611
16 18009 26612
16 18009 26613
16 18009 26614
16 18009 26615
17 36019 53178
18 72038 106357
3 2 3
4 4 6
4 4 6
5 8 12
5 8 12
6 17 25
6 17 25
7 35 51
7 35 51
