11 565 830
12 1130 1661
12 1130 1661
12 1130 1662
12 1130 1662
12 1130 1663
12 1130 1663
12 1130 1664
12 1130 1664
12 1130 1665
12 1130 1665
13 2260 3322
13 2260 3322
13 2260 3323
13 2260 3323
13 2260 3324
13 2260 3324
13 2260 3325
13 2260 3325
13 2260 3326
13 2260 3326
13 2260 3327
13 2260 3327
13 2260 3328
13 2260 3328
13 2260 3329
13 2260 3329
13 2260 3330
13 2260 3330
14 4498 6661
14 4520 6644
14 4520 6645
14 4520 6646
14 4520 6647
14 4520 6648
14 4520 6649
14 4520 6650
14 4520 6651
14 4520 6652
14 4520 6653
14 4520 6654
14 4520 6655
14 4520 6656
14 4520 6657
14 4520 6658
14 4520 6659
14 4520 6660
15 8996 13288
15 8996 13292
15 8996 13293
15 8996 13294
15 8996 13295
15 8996 13296
15 8996 13297
15 8996 13298
15 8996 13299
15 8996 13300
15 8996 13301
15 8996 13302
15 8996 13303
15 8996 13304
15 8996 13305
15 8996 13306
15 8996 13307
15 8996 13308
15 8996 13309
15 8996 13310
15 8996 13311
15 8996 13312
15 8996 13313
15 8996 13314
15 8996 13315
15 8996 13316
15 8996 13317
15 8996 13318
15 8996 13319
15 8996 13320
15 8996 13321
15 8996 13322
15 8996 13323
15 9040 13289
15 9040 13290
15 9040 13291
16 17993 26577
16 17993 26578
16 17993 26579
16 17993 26580
16 17993 26581
16 17993 26582
16 17993 26583
16 17993 26584
16 17993 26585
16 17993 26586
16 17993 26587
16 17993 26588
16 17993 26589
16 17993 26590
16 17993 26591
16 17993 26592
16 17993 26593
16 17993 26594
16 17993 26595
16 17993 26596
16 17993 26597
16 17993 26598
16 17993 26599
16 17993 26600
16 17993 26601
16 17993 26602
16 17993 26603
16 17993 26604
16 17993 26605
16 17993 26606
16 17993 26607
16 17993 26608
16 17993 26609
16 17993 26610
16 17993 26611
16 17993 26612
16 17993 26613
16 17993 26614
16 17993 26615
16 17993 26616
16 17993 26617
16 17993 26618
16 17993 26619
16 17993 26620
16 17993 26621
16 17993 26622
16 17993 26623
16 17993 26624
16 17993 26625
16 17993 26626
16 17993 26627
16 17993 26628
16 17993 26629
16 17993 26630
16 17993 26631
16 17993 26632
16 17993 26633
16 17993 26634
16 17993 26635
16 17993 26636
16 17993 26637
16 17993 26638
16 17993 26639
16 17993 26640
16 17993 26641
16 17993 26642
16 17993 26643
16 17993 26644
16 17993 26645
16 17993 26646
16 18001 26602
16 18004 26596
16 18009 26588
17 35986 53155
17 35986 53156
17 35986 53157
17 35986 53158
17 35986 53159
17 35986 53160
17 35986 53161
17 35986 53162
17 35986 53163
17 35986 53164
17 35986 53165
17 35986 53166
17 35986 53167
17 35986 53168
17 35986 53169
17 35986 53170
17 35986 53171
17 35986 53172
17 35986 53173
17 35986 53174
17 35986 53175
17 35986 53176
17 35986 53177
17 35986 53178
17 35986 53179
17 35986 53180
17 35986 53181
17 35986 53182
17 35986 53183
17 35986 53184
17 35986 53185
17 35986 53186
17 35986 53187
17 35986 53188
17 35986 53189
17 35986 53190
17 35986 53191
17 35986 53192
17 35986 53193
17 35986 53194
17 35986 53195
17 35986 53196
17 35986 53197
17 35986 53198
17 35986 53199
17 35986 53200
17 35986 53201
17 35986 53202
17 35986 53203
17 35986 53204
17 35986 53205
17 35986 53206
17 35986 53207
17 35986 53208
17 35986 53209
17 35986 53210
17 35986 53211
17 35986 53212
17 35986 53213
17 35986 53214
17 35986 53215
17 35986 53216
17 35986 53217
17 35986 53218
17 35986 53219
17 35986 53220
17 35986 53221
17 35986 53222
17 35986 53223
17 35986 53224
17 35986 53225
17 35986 53226
17 35986 53227
17 35986 53228
17 35986 53229
17 35986 53230
17 35986 53231
17 35986 53232
17 35986 53233
17 35986 53234
17 35986 53235
17 35986 53236
17 35986 53237
17 35986 53238
17 35986 53239
17 35986 53240
17 35986 53241
17 35986 53242
17 35986 53243
17 35986 53244
17 35986 53245
17 35986 53246
17 35986 53247
17 35986 53248
17 35986 53249
17 35986 53250
17 35986 53251
17 35986 53252
17 35986 53253
17 35986 53254
17 35986 53255
17 35986 53256
17 35986 53257
17 35986 53258
17 35986 53259
17 35986 53260
17 35986 53261
17 35986 53262
17 35986 53263
17 35986 53264
17 35986 53265
17 35986 53266
17 35986 53267
17 35986 53268
17 35986 53269
17 35986 53270
17 35986 53271
17 35986 53272
17 35986 53273
17 35986 53274
17 35986 53275
17 35986 53276
17 35986 53277
17 35986 53278
17 35986 53279
17 35986 53280
17 35986 53281
17 35986 53282
17 35986 53283
17 35986 53284
17 35986 53285
17 35986 53286
17 35986 53287
17 35986 53288
17 35986 53289
17 35986 53290
17 35986 53291
17 35986 53292
17 35986 53293
17 36003 53204
17 36009 53193
17 36018 53176
18 71973 106310
18 72007 106409
18 72019 106387
18 72036 106353
3 2 3
4 4 6
4 4 6
5 8 12
5 8 12
5 8 13
5 8 13
6 17 25
6 17 25
6 17 26
6 17 26
7 35 51
7 35 51
7 35 52
7 35 52
