13 1956 3379
13 1956 3379
13 1956 3380
13 1956 3380
13 1956 3381
13 1956 3381
13 1956 3382
13 1956 3382
13 1956 3383
13 1956 3383
13 1956 3384
13 1956 3384
13 1956 3385
13 1956 3385
13 1956 3386
13 1956 3386
13 1956 3387
13 1956 3387
13 1956 3388
13 1956 3388
13 1956 3389
13 1956 3389
13 1956 3390
13 1956 3390
13 1963 3379
13 1963 3379
13 1963 3380
13 1963 3380
13 1963 3381
13 1963 3381
13 1963 3382
13 1963 3382
13 1963 3383
13 1963 3383
13 1963 3384
13 1963 3384
13 1963 3385
13 1963 3385
13 1963 3386
13 1963 3386
13 1963 3387
13 1963 3387
13 1963 3388
13 1963 3388
13 1963 3389
13 1963 3389
13 1963 3390
13 1963 3390
14 3913 6759
14 3913 6760
14 3913 6761
14 3913 6762
14 3913 6763
14 3913 6764
14 3913 6765
14 3913 6766
14 3913 6767
14 3913 6768
14 3913 6769
14 3913 6770
14 3913 6771
14 3913 6772
14 3913 6773
14 3913 6774
14 3913 6775
14 3913 6776
14 3913 6777
14 3913 6778
14 3913 6779
14 3913 6780
14 3913 6781
15 7827 13518
15 7827 13519
15 7827 13520
15 7827 13521
15 7827 13522
15 7827 13523
15 7827 13524
15 7827 13525
15 7827 13526
15 7827 13527
15 7827 13528
15 7827 13529
15 7827 13530
15 7827 13531
15 7827 13532
15 7827 13533
15 7827 13534
15 7827 13535
15 7827 13536
15 7827 13537
15 7827 13538
15 7827 13539
15 7827 13540
15 7827 13541
15 7827 13542
15 7827 13543
15 7827 13544
15 7827 13545
15 7827 13546
15 7827 13547
15 7827 13548
15 7827 13549
15 7827 13550
15 7827 13551
15 7827 13552
15 7827 13553
15 7827 13554
15 7827 13555
15 7827 13556
15 7827 13557
15 7827 13558
15 7827 13559
15 7827 13560
15 7827 13561
15 7827 13562
16 15655 27037
17 31310 54075
18 62621 108150
3 1 3
4 3 6
4 3 6
5 7 13
5 7 13
6 15 26
6 15 26
7 30 52
7 30 52
8 61 105
8 61 105
