11 508 849
11 508 849
12 1016 1698
12 1016 1698
13 2032 3395
13 2032 3395
13 2032 3396
13 2032 3396
13 2032 3397
13 2032 3397
14 4062 6781
14 4062 6795
14 4064 6789
14 4064 6790
14 4064 6791
14 4064 6792
14 4064 6793
14 4064 6794
15 8124 13563
15 8124 13564
15 8124 13565
15 8124 13566
15 8124 13567
15 8124 13568
15 8124 13569
15 8124 13570
15 8124 13571
15 8124 13572
15 8124 13573
15 8124 13574
15 8124 13575
15 8124 13576
15 8124 13577
15 8124 13578
15 8124 13579
15 8124 13580
15 8124 13581
15 8124 13582
15 8124 13583
15 8124 13584
15 8124 13585
15 8124 13590
15 8128 13586
15 8128 13587
15 8128 13588
15 8128 13589
16 16249 27127
17 32498 54254
18 64996 108508
3 1 3
4 3 6
4 3 6
5 7 13
5 7 13
6 15 26
6 15 26
7 31 52
7 31 52
7 31 53
7 31 53
8 63 105
8 63 105
8 63 106
8 63 106
