13 2383 3129
13 2383 3147
13 2384 3129
13 2384 3147
13 2385 3129
13 2385 3147
13 2386 3129
13 2386 3147
13 2387 3129
13 2387 3147
13 2388 3129
13 2388 3147
13 2389 3129
13 2389 3147
13 2390 3129
13 2390 3147
13 2391 3129
13 2391 3147
13 2392 3129
13 2392 3147
13 2393 3129
13 2393 3147
13 2394 3129
13 2394 3147
13 2395 3129
13 2395 3147
13 2396 3129
13 2396 3147
13 2397 3129
13 2397 3147
13 2398 3129
13 2398 3147
13 2399 3129
13 2399 3147
13 2400 3129
13 2400 3147
13 2401 3129
13 2401 3147
13 2402 3129
13 2402 3147
13 2403 3129
13 2403 3147
13 2404 3129
13 2404 3147
