10 280 414
11 561 829
12 1123 1658
12 1123 1658
12 1123 1659
12 1123 1659
12 1123 1660
12 1123 1660
12 1123 1661
12 1123 1661
12 1123 1662
12 1123 1662
12 1124 1658
12 1124 1658
12 1125 1658
12 1125 1658
12 1126 1658
12 1126 1658
12 1126 1659
12 1126 1659
12 1126 1660
12 1126 1660
12 1126 1661
12 1126 1661
13 2247 3317
13 2247 3317
13 2247 3318
13 2247 3318
13 2247 3319
13 2247 3319
13 2247 3320
13 2247 3320
13 2247 3321
13 2247 3321
13 2247 3322
13 2247 3322
13 2247 3323
13 2247 3323
13 2247 3324
13 2247 3324
13 2247 3325
13 2247 3325
13 2248 3317
13 2248 3317
13 2248 3318
13 2248 3318
13 2248 3320
13 2248 3320
13 2248 3323
13 2248 3323
13 2248 3324
13 2248 3324
13 2248 3325
13 2248 3325
13 2249 3317
13 2249 3317
13 2249 3325
13 2249 3325
13 2250 3317
13 2250 3317
13 2250 3318
13 2250 3318
13 2251 3317
13 2251 3317
13 2251 3318
13 2251 3318
13 2251 3319
13 2251 3319
13 2251 3320
13 2251 3320
13 2251 3321
13 2251 3321
13 2252 3317
13 2252 3317
13 2252 3318
13 2252 3318
13 2252 3319
13 2252 3319
13 2252 3320
13 2252 3320
13 2252 3321
13 2252 3321
13 2252 3322
13 2252 3322
13 2252 3323
13 2252 3323
13 2252 3325
13 2252 3325
14 4494 6635
14 4494 6636
14 4494 6637
14 4494 6638
14 4494 6639
14 4494 6640
14 4494 6641
14 4494 6642
14 4494 6643
14 4494 6644
14 4494 6645
14 4494 6646
14 4494 6647
14 4494 6648
14 4494 6649
14 4494 6650
15 8989 13270
15 8989 13271
15 8989 13272
15 8989 13273
15 8989 13274
15 8989 13275
15 8989 13276
15 8989 13277
15 8989 13278
15 8989 13279
15 8989 13280
15 8989 13281
15 8989 13282
15 8989 13283
15 8989 13284
15 8989 13285
15 8989 13286
15 8989 13287
15 8989 13288
15 8989 13289
15 8989 13290
15 8989 13291
15 8989 13292
15 8989 13293
15 8989 13294
15 8989 13295
15 8989 13296
15 8989 13297
15 8989 13298
15 8989 13299
15 8989 13300
15 8989 13301
15 9000 13301
16 17979 26541
16 17979 26542
16 17979 26543
16 17979 26544
16 17979 26545
16 17979 26546
16 17979 26547
16 17979 26548
16 17979 26549
16 17979 26550
16 17979 26551
16 17979 26552
16 17979 26553
16 17979 26554
16 17979 26555
16 17979 26556
16 17979 26557
16 17979 26558
16 17979 26559
16 17979 26560
16 17979 26561
16 17979 26562
16 17979 26563
16 17979 26564
16 17979 26565
16 17979 26566
16 17979 26567
16 17979 26568
16 17979 26569
16 17979 26570
16 17979 26571
16 17979 26572
16 17979 26573
16 17979 26574
16 17979 26575
16 17979 26576
16 17979 26577
16 17979 26578
16 17979 26579
16 17979 26580
16 17979 26581
16 17979 26582
16 17979 26583
16 17979 26584
16 17979 26585
16 17979 26586
16 17979 26587
16 17979 26588
16 17979 26589
16 17979 26590
16 17979 26591
16 17979 26592
16 17979 26593
16 17979 26594
16 17979 26595
16 17979 26596
16 17979 26597
16 17979 26598
16 17979 26599
16 17979 26600
16 17979 26601
16 17979 26602
16 18001 26602
17 35959 53082
17 35959 53083
17 35959 53084
17 35959 53085
17 35959 53086
17 35959 53087
17 35959 53088
17 35959 53089
17 35959 53090
17 35959 53091
17 35959 53092
17 35959 53093
17 35959 53094
17 35959 53095
17 35959 53096
17 35959 53097
17 35959 53098
17 35959 53099
17 35959 53100
17 35959 53101
17 35959 53102
17 35959 53103
17 35959 53104
17 35959 53105
17 35959 53106
17 35959 53107
17 35959 53108
17 35959 53109
17 35959 53110
17 35959 53111
17 35959 53112
17 35959 53113
17 35959 53114
17 35959 53115
17 35959 53116
17 35959 53117
17 35959 53118
17 35959 53119
17 35959 53120
17 35959 53121
17 35959 53122
17 35959 53123
17 35959 53124
17 35959 53125
17 35959 53126
17 35959 53127
17 35959 53128
17 35959 53129
17 35959 53130
17 35959 53131
17 35959 53132
17 35959 53133
17 35959 53134
17 35959 53135
17 35959 53136
17 35959 53137
17 35959 53138
17 35959 53139
17 35959 53140
17 35959 53141
17 35959 53142
17 35959 53143
17 35959 53144
17 35959 53145
17 35959 53146
17 35959 53147
17 35959 53148
17 35959 53149
17 35959 53150
17 35959 53151
17 35959 53152
17 35959 53153
17 35959 53154
17 35959 53155
17 35959 53156
17 35959 53157
17 35959 53158
17 35959 53159
17 35959 53160
17 35959 53161
17 35959 53162
17 35959 53163
17 35959 53164
17 35959 53165
17 35959 53166
17 35959 53167
17 35959 53168
17 35959 53169
17 35959 53170
17 35959 53171
17 35959 53172
17 35959 53173
17 35959 53174
17 35959 53175
17 35959 53176
17 35959 53177
17 35959 53178
17 35959 53179
17 35959 53180
17 35959 53181
17 35959 53182
17 35959 53183
17 35959 53184
17 35959 53185
17 35959 53186
17 35959 53187
17 35959 53188
17 35959 53189
17 35959 53190
17 35959 53191
17 35959 53192
17 35959 53193
17 35959 53194
17 35959 53195
17 35959 53196
17 35959 53197
17 35959 53198
17 35959 53199
17 35959 53200
17 35959 53201
17 35959 53202
17 35959 53203
17 35959 53204
17 35959 53205
17 36003 53204
17 36009 53193
17 36018 53176
18 71919 106165
18 72007 106409
18 72019 106387
18 72036 106353
3 2 3
4 4 6
4 4 6
5 8 12
5 8 12
6 17 25
6 17 25
7 35 51
7 35 51
8 70 103
8 70 103
