10 284 434
10 284 435
12 1137 1739
12 1137 1739
12 1137 1740
12 1137 1740
13 2274 3479
13 2274 3479
13 2274 3480
13 2274 3480
13 2274 3481
13 2274 3481
14 4548 6958
14 4548 6959
14 4548 6960
14 4548 6961
14 4548 6962
14 4548 6963
15 9096 13917
15 9096 13918
15 9096 13919
15 9096 13920
15 9096 13921
15 9096 13922
15 9096 13923
15 9096 13924
15 9096 13925
15 9096 13926
16 18176 27834
16 18176 27835
16 18176 27836
16 18176 27837
16 18176 27838
16 18176 27839
16 18176 27840
16 18176 27841
16 18176 27842
16 18176 27843
16 18176 27844
16 18176 27845
16 18176 27846
16 18176 27847
16 18176 27848
16 18176 27849
16 18176 27850
16 18176 27851
16 18176 27852
16 18176 27853
17 36353 55668
18 72706 111337
3 2 3
4 4 6
4 4 6
5 8 13
5 8 13
6 17 27
6 17 27
7 35 54
7 35 54
8 71 108
8 71 108
9 142 217
9 142 217
