10 298 386
11 597 773
12 1194 1547
12 1194 1547
12 1194 1548
12 1194 1548
12 1194 1549
12 1194 1549
12 1194 1550
12 1194 1550
12 1195 1547
12 1195 1547
12 1195 1548
12 1195 1548
12 1196 1550
12 1196 1550
12 1197 1550
12 1197 1550
12 1198 1547
12 1198 1547
12 1198 1549
12 1198 1549
12 1198 1550
12 1198 1550
13 2389 3094
13 2389 3094
13 2389 3095
13 2389 3095
13 2389 3096
13 2389 3096
13 2389 3097
13 2389 3097
13 2389 3098
13 2389 3098
13 2389 3099
13 2389 3099
13 2389 3100
13 2389 3100
13 2390 3094
13 2390 3094
13 2390 3095
13 2390 3095
13 2390 3096
13 2390 3096
13 2390 3097
13 2390 3097
13 2390 3100
13 2390 3100
13 2391 3094
13 2391 3094
13 2391 3095
13 2391 3095
13 2391 3096
13 2391 3096
13 2391 3097
13 2391 3097
13 2392 3094
13 2392 3094
13 2392 3095
13 2392 3095
13 2392 3096
13 2392 3096
13 2392 3100
13 2392 3100
13 2393 3100
13 2393 3100
13 2394 3099
13 2394 3099
13 2394 3100
13 2394 3100
13 2395 3099
13 2395 3099
13 2395 3100
13 2395 3100
13 2396 3094
13 2396 3094
13 2396 3095
13 2396 3095
13 2396 3098
13 2396 3098
13 2396 3099
13 2396 3099
13 2396 3100
13 2396 3100
14 4779 6188
15 9558 12377
16 19116 24754
17 38232 49508
18 76465 99016
3 2 3
4 4 6
4 4 6
5 9 12
5 9 12
6 18 24
6 18 24
7 37 48
7 37 48
8 74 96
8 74 96
14 4779 6189
14 4779 6190
14 4779 6191
14 4779 6192
14 4779 6193
14 4779 6194
14 4779 6195
14 4779 6196
14 4779 6197
14 4779 6198
14 4779 6199
14 4779 6200
15 9558 12378
15 9558 12379
15 9558 12380
15 9558 12381
15 9558 12382
15 9558 12383
15 9558 12384
15 9558 12385
15 9558 12386
15 9558 12387
15 9558 12388
15 9558 12389
15 9558 12390
15 9558 12391
15 9558 12392
15 9558 12393
15 9558 12394
15 9558 12395
15 9558 12396
15 9558 12397
15 9558 12398
15 9558 12399
15 9558 12400
15 9558 12401
