10 295 399
11 591 799
12 1182 1599
12 1182 1599
12 1182 1603
12 1182 1603
12 1182 1604
12 1182 1604
12 1182 1605
12 1182 1605
12 1182 1606
12 1182 1606
12 1182 1607
12 1182 1607
12 1183 1599
12 1183 1599
12 1183 1607
12 1183 1607
12 1184 1599
12 1184 1599
12 1184 1600
12 1184 1600
12 1184 1601
12 1184 1601
12 1184 1607
12 1184 1607
12 1185 1599
12 1185 1599
12 1185 1600
12 1185 1600
12 1185 1601
12 1185 1601
12 1185 1602
12 1185 1602
12 1185 1603
12 1185 1603
12 1185 1604
12 1185 1604
12 1185 1605
12 1185 1605
12 1185 1606
12 1185 1606
12 1185 1607
12 1185 1607
12 1186 1599
12 1186 1599
12 1186 1600
12 1186 1600
12 1186 1601
12 1186 1601
12 1186 1602
12 1186 1602
12 1186 1603
12 1186 1603
12 1186 1604
12 1186 1604
12 1186 1605
12 1186 1605
12 1186 1606
12 1186 1606
12 1186 1607
12 1186 1607
13 2364 3198
13 2364 3198
13 2364 3199
13 2364 3199
13 2364 3200
13 2364 3200
13 2364 3201
13 2364 3201
13 2364 3202
13 2364 3202
13 2364 3203
13 2364 3203
13 2364 3204
13 2364 3204
13 2364 3205
13 2364 3205
13 2364 3206
13 2364 3206
13 2364 3207
13 2364 3207
13 2364 3208
13 2364 3208
13 2364 3209
13 2364 3209
13 2364 3210
13 2364 3210
13 2364 3211
13 2364 3211
13 2364 3212
13 2364 3212
13 2364 3213
13 2364 3213
13 2364 3214
13 2364 3214
13 2364 3215
13 2364 3215
13 2365 3198
13 2365 3198
13 2365 3199
13 2365 3199
13 2365 3205
13 2365 3205
13 2365 3206
13 2365 3206
13 2365 3207
13 2365 3207
13 2365 3208
13 2365 3208
13 2365 3209
13 2365 3209
13 2365 3210
13 2365 3210
13 2365 3211
13 2365 3211
13 2365 3212
13 2365 3212
13 2365 3213
13 2365 3213
13 2365 3214
13 2365 3214
13 2365 3215
13 2365 3215
13 2366 3198
13 2366 3198
13 2366 3199
13 2366 3199
13 2366 3209
13 2366 3209
13 2366 3210
13 2366 3210
13 2366 3211
13 2366 3211
13 2366 3212
13 2366 3212
13 2366 3213
13 2366 3213
13 2366 3214
13 2366 3214
13 2366 3215
13 2366 3215
13 2367 3198
13 2367 3198
13 2367 3199
13 2367 3199
13 2367 3200
13 2367 3200
13 2367 3213
13 2367 3213
13 2367 3214
13 2367 3214
13 2367 3215
13 2367 3215
13 2368 3198
13 2368 3198
13 2368 3199
13 2368 3199
13 2368 3200
13 2368 3200
13 2368 3201
13 2368 3201
13 2368 3202
13 2368 3202
13 2368 3203
13 2368 3203
13 2368 3214
13 2368 3214
13 2368 3215
13 2368 3215
13 2369 3198
13 2369 3198
13 2369 3199
13 2369 3199
13 2369 3200
13 2369 3200
13 2369 3201
13 2369 3201
13 2369 3202
13 2369 3202
13 2369 3203
13 2369 3203
13 2369 3204
13 2369 3204
13 2369 3205
13 2369 3205
13 2369 3206
13 2369 3206
13 2369 3207
13 2369 3207
13 2369 3208
13 2369 3208
13 2369 3213
13 2369 3213
13 2369 3214
13 2369 3214
13 2369 3215
13 2369 3215
13 2370 3198
13 2370 3198
13 2370 3199
13 2370 3199
13 2370 3200
13 2370 3200
13 2370 3201
13 2370 3201
13 2370 3202
13 2370 3202
13 2370 3203
13 2370 3203
13 2370 3204
13 2370 3204
13 2370 3205
13 2370 3205
13 2370 3206
13 2370 3206
13 2370 3207
13 2370 3207
13 2370 3208
13 2370 3208
13 2370 3209
13 2370 3209
13 2370 3210
13 2370 3210
13 2370 3211
13 2370 3211
13 2370 3212
13 2370 3212
13 2370 3213
13 2370 3213
13 2370 3214
13 2370 3214
13 2370 3215
13 2370 3215
13 2371 3198
13 2371 3198
13 2371 3199
13 2371 3199
13 2371 3200
13 2371 3200
13 2371 3201
13 2371 3201
13 2371 3202
13 2371 3202
13 2371 3203
13 2371 3203
13 2371 3204
13 2371 3204
13 2371 3205
13 2371 3205
13 2371 3206
13 2371 3206
13 2371 3207
13 2371 3207
13 2371 3208
13 2371 3208
13 2371 3209
13 2371 3209
13 2371 3210
13 2371 3210
13 2371 3211
13 2371 3211
13 2371 3212
13 2371 3212
13 2371 3213
13 2371 3213
13 2371 3214
13 2371 3214
13 2371 3215
13 2371 3215
13 2372 3198
13 2372 3198
13 2372 3199
13 2372 3199
13 2372 3200
13 2372 3200
13 2372 3201
13 2372 3201
13 2372 3202
13 2372 3202
13 2372 3203
13 2372 3203
13 2372 3204
13 2372 3204
13 2372 3205
13 2372 3205
13 2372 3206
13 2372 3206
13 2372 3207
13 2372 3207
13 2372 3208
13 2372 3208
13 2372 3209
13 2372 3209
13 2372 3210
13 2372 3210
13 2372 3211
13 2372 3211
13 2372 3212
13 2372 3212
13 2372 3213
13 2372 3213
13 2372 3214
13 2372 3214
13 2372 3215
13 2372 3215
13 2373 3198
13 2373 3198
13 2373 3199
13 2373 3199
13 2373 3200
13 2373 3200
13 2373 3201
13 2373 3201
13 2373 3202
13 2373 3202
13 2373 3203
13 2373 3203
13 2373 3204
13 2373 3204
13 2373 3205
13 2373 3205
13 2373 3206
13 2373 3206
13 2373 3207
13 2373 3207
13 2373 3208
13 2373 3208
13 2373 3209
13 2373 3209
13 2373 3210
13 2373 3210
13 2373 3211
13 2373 3211
13 2373 3212
13 2373 3212
13 2373 3213
13 2373 3213
13 2373 3214
13 2373 3214
13 2373 3215
13 2373 3215
14 4729 6398
14 4729 6399
14 4729 6400
14 4729 6401
14 4729 6402
14 4729 6403
14 4729 6404
14 4729 6405
14 4729 6406
14 4729 6407
14 4729 6408
14 4729 6409
14 4729 6410
14 4729 6411
14 4729 6412
14 4729 6413
14 4729 6414
14 4729 6415
14 4729 6416
14 4729 6417
14 4729 6418
14 4729 6419
14 4729 6420
14 4729 6421
14 4729 6422
14 4729 6423
14 4729 6424
14 4729 6425
14 4729 6426
14 4729 6427
14 4729 6428
14 4729 6429
14 4729 6430
14 4741 6420
15 9459 12796
15 9459 12797
15 9459 12798
15 9459 12799
15 9459 12800
15 9459 12801
15 9459 12802
15 9459 12803
15 9459 12804
15 9459 12805
15 9459 12806
15 9459 12807
15 9459 12808
15 9459 12809
15 9459 12810
15 9459 12811
15 9459 12812
15 9459 12813
15 9459 12814
15 9459 12815
15 9459 12816
15 9459 12817
15 9459 12818
15 9459 12819
15 9459 12820
15 9459 12821
15 9459 12822
15 9459 12823
15 9459 12824
15 9459 12825
15 9459 12826
15 9459 12827
15 9459 12828
15 9459 12829
15 9459 12830
15 9459 12831
15 9459 12832
15 9459 12833
15 9459 12834
15 9459 12835
15 9459 12836
15 9459 12837
15 9459 12838
15 9459 12839
15 9459 12840
15 9459 12841
15 9459 12842
15 9459 12843
15 9459 12844
15 9459 12845
15 9459 12846
15 9459 12847
15 9459 12848
15 9459 12849
15 9459 12850
15 9459 12851
15 9459 12852
15 9459 12853
15 9459 12854
15 9459 12855
15 9459 12856
15 9459 12857
15 9459 12858
15 9459 12859
15 9459 12860
15 9483 12840
16 18919 25592
16 18919 25593
16 18919 25594
16 18919 25595
16 18919 25596
16 18919 25597
16 18919 25598
16 18919 25599
16 18919 25600
16 18919 25601
16 18919 25602
16 18919 25603
16 18919 25604
16 18919 25605
16 18919 25606
16 18919 25607
16 18919 25608
16 18919 25609
16 18919 25610
16 18919 25611
16 18919 25612
16 18919 25613
16 18919 25614
16 18919 25615
16 18919 25616
16 18919 25617
16 18919 25618
16 18919 25619
16 18919 25620
16 18919 25621
16 18919 25622
16 18919 25623
16 18919 25624
16 18919 25625
16 18919 25626
16 18919 25627
16 18919 25628
16 18919 25629
16 18919 25630
16 18919 25631
16 18919 25632
16 18919 25633
16 18919 25634
16 18919 25635
16 18919 25636
16 18919 25637
16 18919 25638
16 18919 25639
16 18919 25640
16 18919 25641
16 18919 25642
16 18919 25643
16 18919 25644
16 18919 25645
16 18919 25646
16 18919 25647
16 18919 25648
16 18919 25649
16 18919 25650
16 18919 25651
16 18919 25652
16 18919 25653
16 18919 25654
16 18919 25655
16 18919 25656
16 18919 25657
16 18919 25658
16 18919 25659
16 18919 25660
16 18919 25661
16 18919 25662
16 18919 25663
16 18919 25664
16 18919 25665
16 18919 25666
16 18919 25667
16 18919 25668
16 18919 25669
16 18919 25670
16 18919 25671
16 18919 25672
16 18919 25673
16 18919 25674
16 18919 25675
16 18919 25676
16 18919 25677
16 18919 25678
16 18919 25679
16 18919 25680
16 18919 25681
16 18919 25682
16 18919 25683
16 18919 25684
16 18919 25685
16 18919 25686
16 18919 25687
16 18919 25688
16 18919 25689
16 18919 25690
16 18919 25691
16 18919 25692
16 18919 25693
16 18919 25694
16 18919 25695
16 18919 25696
16 18919 25697
16 18919 25698
16 18919 25699
16 18919 25700
16 18919 25701
16 18919 25702
16 18919 25703
16 18919 25704
16 18919 25705
16 18919 25706
16 18919 25707
16 18919 25708
16 18919 25709
16 18919 25710
16 18919 25711
16 18919 25712
16 18919 25713
16 18919 25714
16 18919 25715
16 18919 25716
16 18919 25717
16 18919 25718
16 18919 25719
16 18919 25720
16 18967 25681
17 37838 51184
17 37838 51185
17 37838 51186
17 37838 51187
17 37838 51188
17 37838 51189
17 37838 51190
17 37838 51191
17 37838 51192
17 37838 51193
17 37838 51194
17 37838 51195
17 37838 51196
17 37838 51197
17 37838 51198
17 37838 51199
17 37838 51200
17 37838 51201
17 37838 51202
17 37838 51203
17 37838 51204
17 37838 51205
17 37838 51206
17 37838 51207
17 37838 51208
17 37838 51209
17 37838 51210
17 37838 51211
17 37838 51212
17 37838 51213
17 37838 51214
17 37838 51215
17 37838 51216
17 37838 51217
17 37838 51218
17 37838 51219
17 37838 51220
17 37838 51221
17 37838 51222
17 37838 51223
17 37838 51224
17 37838 51225
17 37838 51226
17 37838 51227
17 37838 51228
17 37838 51229
17 37838 51230
17 37838 51231
17 37838 51232
17 37838 51233
17 37838 51234
17 37838 51235
17 37838 51236
17 37838 51237
17 37838 51238
17 37838 51239
17 37838 51240
17 37838 51241
17 37838 51242
17 37838 51243
17 37838 51244
17 37838 51245
17 37838 51246
17 37838 51247
17 37838 51248
17 37838 51249
17 37838 51250
17 37838 51251
17 37838 51252
17 37838 51253
17 37838 51254
17 37838 51255
17 37838 51256
17 37838 51257
17 37838 51258
17 37838 51259
17 37838 51260
17 37838 51261
17 37838 51262
17 37838 51263
17 37838 51264
17 37838 51265
17 37838 51266
17 37838 51267
17 37838 51268
17 37838 51269
17 37838 51270
17 37838 51271
17 37838 51272
17 37838 51273
17 37838 51274
17 37838 51275
17 37838 51276
17 37838 51277
17 37838 51278
17 37838 51279
17 37838 51280
17 37838 51281
17 37838 51282
17 37838 51283
17 37838 51284
17 37838 51285
17 37838 51286
17 37838 51287
17 37838 51288
17 37838 51289
17 37838 51290
17 37838 51291
17 37838 51292
17 37838 51293
17 37838 51294
17 37838 51295
17 37838 51296
17 37838 51297
17 37838 51298
17 37838 51299
17 37838 51300
17 37838 51301
17 37838 51302
17 37838 51303
17 37838 51304
17 37838 51305
17 37838 51306
17 37838 51307
17 37838 51308
17 37838 51309
17 37838 51310
17 37838 51311
17 37838 51312
17 37838 51313
17 37838 51314
17 37838 51315
17 37838 51316
17 37838 51317
17 37838 51318
17 37838 51319
17 37838 51320
17 37838 51321
17 37838 51322
17 37838 51323
17 37838 51324
17 37838 51325
17 37838 51326
17 37838 51327
17 37838 51328
17 37838 51329
17 37838 51330
17 37838 51331
17 37838 51332
17 37838 51333
17 37838 51334
17 37838 51335
17 37838 51336
17 37838 51337
17 37838 51338
17 37838 51339
17 37838 51340
17 37838 51341
17 37838 51342
17 37838 51343
17 37838 51344
17 37838 51345
17 37838 51346
17 37838 51347
17 37838 51348
17 37838 51349
17 37838 51350
17 37838 51351
17 37838 51352
17 37838 51353
17 37838 51354
17 37838 51355
17 37838 51356
17 37838 51357
17 37838 51358
17 37838 51359
17 37838 51360
17 37838 51361
17 37838 51362
17 37838 51363
17 37838 51364
17 37838 51365
17 37838 51366
17 37838 51367
17 37838 51368
17 37838 51369
17 37838 51370
17 37838 51371
17 37838 51372
17 37838 51373
17 37838 51374
17 37838 51375
17 37838 51376
17 37838 51377
17 37838 51378
17 37838 51379
17 37838 51380
17 37838 51381
17 37838 51382
17 37838 51383
17 37838 51384
17 37838 51385
17 37838 51386
17 37838 51387
17 37838 51388
17 37838 51389
17 37838 51390
17 37838 51391
17 37838 51392
17 37838 51393
17 37838 51394
17 37838 51395
17 37838 51396
17 37838 51397
17 37838 51398
17 37838 51399
17 37838 51400
17 37838 51401
17 37838 51402
17 37838 51403
17 37838 51404
17 37838 51405
17 37838 51406
17 37838 51407
17 37838 51408
17 37838 51409
17 37838 51410
17 37838 51411
17 37838 51412
17 37838 51413
17 37838 51414
17 37838 51415
17 37838 51416
17 37838 51417
17 37838 51418
17 37838 51419
17 37838 51420
17 37838 51421
17 37838 51422
17 37838 51423
17 37838 51424
17 37838 51425
17 37838 51426
17 37838 51427
17 37838 51428
17 37838 51429
17 37838 51430
17 37838 51431
17 37838 51432
17 37838 51433
17 37838 51434
17 37838 51435
17 37838 51436
17 37838 51437
17 37838 51438
17 37838 51439
17 37838 51440
17 37935 51363
18 75677 102369
18 75677 102370
18 75677 102371
18 75677 102372
18 75677 102373
18 75677 102374
18 75677 102375
18 75677 102376
18 75677 102377
18 75677 102378
18 75677 102379
18 75677 102380
18 75677 102381
18 75677 102382
18 75677 102383
18 75677 102384
18 75677 102385
18 75677 102386
18 75677 102387
18 75677 102388
18 75677 102389
18 75677 102390
18 75677 102391
18 75677 102392
18 75677 102393
18 75677 102394
18 75677 102395
18 75677 102396
18 75677 102397
18 75677 102398
18 75677 102399
18 75677 102400
18 75677 102401
18 75677 102402
18 75677 102403
18 75677 102404
18 75677 102405
18 75677 102406
18 75677 102407
18 75677 102408
18 75677 102409
18 75677 102410
18 75677 102411
18 75677 102412
18 75677 102413
18 75677 102414
18 75677 102415
18 75677 102416
18 75677 102417
18 75677 102418
18 75677 102419
18 75677 102420
18 75677 102421
18 75677 102422
18 75677 102423
18 75677 102424
18 75677 102425
18 75677 102426
18 75677 102427
18 75677 102428
18 75677 102429
18 75677 102430
18 75677 102431
18 75677 102432
18 75677 102433
18 75677 102434
18 75677 102435
18 75677 102436
18 75677 102437
18 75677 102438
18 75677 102439
18 75677 102440
18 75677 102441
18 75677 102442
18 75677 102443
18 75677 102444
18 75677 102445
18 75677 102446
18 75677 102447
18 75677 102448
18 75677 102449
18 75677 102450
18 75677 102451
18 75677 102452
18 75677 102453
18 75677 102454
18 75677 102455
18 75677 102456
18 75677 102457
18 75677 102458
18 75677 102459
18 75677 102460
18 75677 102461
18 75677 102462
18 75677 102463
18 75677 102464
18 75677 102465
18 75677 102466
18 75677 102467
18 75677 102468
18 75677 102469
18 75677 102470
18 75677 102471
18 75677 102472
18 75677 102473
18 75677 102474
18 75677 102475
18 75677 102476
18 75677 102477
18 75677 102478
18 75677 102479
18 75677 102480
18 75677 102481
18 75677 102482
18 75677 102483
18 75677 102484
18 75677 102485
18 75677 102486
18 75677 102487
18 75677 102488
18 75677 102489
18 75677 102490
18 75677 102491
18 75677 102492
18 75677 102493
18 75677 102494
18 75677 102495
18 75677 102496
18 75677 102497
18 75677 102498
18 75677 102499
18 75677 102500
18 75677 102501
18 75677 102502
18 75677 102503
18 75677 102504
18 75677 102505
18 75677 102506
18 75677 102507
18 75677 102508
18 75677 102509
18 75677 102510
18 75677 102511
18 75677 102512
18 75677 102513
18 75677 102514
18 75677 102515
18 75677 102516
18 75677 102517
18 75677 102518
18 75677 102519
18 75677 102520
18 75677 102521
18 75677 102522
18 75677 102523
18 75677 102524
18 75677 102525
18 75677 102526
18 75677 102527
18 75677 102528
18 75677 102529
18 75677 102530
18 75677 102531
18 75677 102532
18 75677 102533
18 75677 102534
18 75677 102535
18 75677 102536
18 75677 102537
18 75677 102538
18 75677 102539
18 75677 102540
18 75677 102541
18 75677 102542
18 75677 102543
18 75677 102544
18 75677 102545
18 75677 102546
18 75677 102547
18 75677 102548
18 75677 102549
18 75677 102550
18 75677 102551
18 75677 102552
18 75677 102553
18 75677 102554
18 75677 102555
18 75677 102556
18 75677 102557
18 75677 102558
18 75677 102559
18 75677 102560
18 75677 102561
18 75677 102562
18 75677 102563
18 75677 102564
18 75677 102565
18 75677 102566
18 75677 102567
18 75677 102568
18 75677 102569
18 75677 102570
18 75677 102571
18 75677 102572
18 75677 102573
18 75677 102574
18 75677 102575
18 75677 102576
18 75677 102577
18 75677 102578
18 75677 102579
18 75677 102580
18 75677 102581
18 75677 102582
18 75677 102583
18 75677 102584
18 75677 102585
18 75677 102586
18 75677 102587
18 75677 102588
18 75677 102589
18 75677 102590
18 75677 102591
18 75677 102592
18 75677 102593
18 75677 102594
18 75677 102595
18 75677 102596
18 75677 102597
18 75677 102598
18 75677 102599
18 75677 102600
18 75677 102601
18 75677 102602
18 75677 102603
18 75677 102604
18 75677 102605
18 75677 102606
18 75677 102607
18 75677 102608
18 75677 102609
18 75677 102610
18 75677 102611
18 75677 102612
18 75677 102613
18 75677 102614
18 75677 102615
18 75677 102616
18 75677 102617
18 75677 102618
18 75677 102619
18 75677 102620
18 75677 102621
18 75677 102622
18 75677 102623
18 75677 102624
18 75677 102625
18 75677 102626
18 75677 102627
18 75677 102628
18 75677 102629
18 75677 102630
18 75677 102631
18 75677 102632
18 75677 102633
18 75677 102634
18 75677 102635
18 75677 102636
18 75677 102637
18 75677 102638
18 75677 102639
18 75677 102640
18 75677 102641
18 75677 102642
18 75677 102643
18 75677 102644
18 75677 102645
18 75677 102646
18 75677 102647
18 75677 102648
18 75677 102649
18 75677 102650
18 75677 102651
18 75677 102652
18 75677 102653
18 75677 102654
18 75677 102655
18 75677 102656
18 75677 102657
18 75677 102658
18 75677 102659
18 75677 102660
18 75677 102661
18 75677 102662
18 75677 102663
18 75677 102664
18 75677 102665
18 75677 102666
18 75677 102667
18 75677 102668
18 75677 102669
18 75677 102670
18 75677 102671
18 75677 102672
18 75677 102673
18 75677 102674
18 75677 102675
18 75677 102676
18 75677 102677
18 75677 102678
18 75677 102679
18 75677 102680
18 75677 102681
18 75677 102682
18 75677 102683
18 75677 102684
18 75677 102685
18 75677 102686
18 75677 102687
18 75677 102688
18 75677 102689
18 75677 102690
18 75677 102691
18 75677 102692
18 75677 102693
18 75677 102694
18 75677 102695
18 75677 102696
18 75677 102697
18 75677 102698
18 75677 102699
18 75677 102700
18 75677 102701
18 75677 102702
18 75677 102703
18 75677 102704
18 75677 102705
18 75677 102706
18 75677 102707
18 75677 102708
18 75677 102709
18 75677 102710
18 75677 102711
18 75677 102712
18 75677 102713
18 75677 102714
18 75677 102715
18 75677 102716
18 75677 102717
18 75677 102718
18 75677 102719
18 75677 102720
18 75677 102721
18 75677 102722
18 75677 102723
18 75677 102724
18 75677 102725
18 75677 102726
18 75677 102727
18 75677 102728
18 75677 102729
18 75677 102730
18 75677 102731
18 75677 102732
18 75677 102733
18 75677 102734
18 75677 102735
18 75677 102736
18 75677 102737
18 75677 102738
18 75677 102739
18 75677 102740
18 75677 102741
18 75677 102742
18 75677 102743
18 75677 102744
18 75677 102745
18 75677 102746
18 75677 102747
18 75677 102748
18 75677 102749
18 75677 102750
18 75677 102751
18 75677 102752
18 75677 102753
18 75677 102754
18 75677 102755
18 75677 102756
18 75677 102757
18 75677 102758
18 75677 102759
18 75677 102760
18 75677 102761
18 75677 102762
18 75677 102763
18 75677 102764
18 75677 102765
18 75677 102766
18 75677 102767
18 75677 102768
18 75677 102769
18 75677 102770
18 75677 102771
18 75677 102772
18 75677 102773
18 75677 102774
18 75677 102775
18 75677 102776
18 75677 102777
18 75677 102778
18 75677 102779
18 75677 102780
18 75677 102781
18 75677 102782
18 75677 102783
18 75677 102784
18 75677 102785
18 75677 102786
18 75677 102787
18 75677 102788
18 75677 102789
18 75677 102790
18 75677 102791
18 75677 102792
18 75677 102793
18 75677 102794
18 75677 102795
18 75677 102796
18 75677 102797
18 75677 102798
18 75677 102799
18 75677 102800
18 75677 102801
18 75677 102802
18 75677 102803
18 75677 102804
18 75677 102805
18 75677 102806
18 75677 102807
18 75677 102808
18 75677 102809
18 75677 102810
18 75677 102811
18 75677 102812
18 75677 102813
18 75677 102814
18 75677 102815
18 75677 102816
18 75677 102817
18 75677 102818
18 75677 102819
18 75677 102820
18 75677 102821
18 75677 102822
18 75677 102823
18 75677 102824
18 75677 102825
18 75677 102826
18 75677 102827
18 75677 102828
18 75677 102829
18 75677 102830
18 75677 102831
18 75677 102832
18 75677 102833
18 75677 102834
18 75677 102835
18 75677 102836
18 75677 102837
18 75677 102838
18 75677 102839
18 75677 102840
18 75677 102841
18 75677 102842
18 75677 102843
18 75677 102844
18 75677 102845
18 75677 102846
18 75677 102847
18 75677 102848
18 75677 102849
18 75677 102850
18 75677 102851
18 75677 102852
18 75677 102853
18 75677 102854
18 75677 102855
18 75677 102856
18 75677 102857
18 75677 102858
18 75677 102859
18 75677 102860
18 75677 102861
18 75677 102862
18 75677 102863
18 75677 102864
18 75677 102865
18 75677 102866
18 75677 102867
18 75677 102868
18 75677 102869
18 75677 102870
18 75677 102871
18 75677 102872
18 75677 102873
18 75677 102874
18 75677 102875
18 75677 102876
18 75677 102877
18 75677 102878
18 75677 102879
18 75677 102880
18 75677 102881
18 75870 102727
3 2 3
4 4 6
4 4 6
5 9 12
5 9 12
6 18 24
6 18 24
6 18 25
6 18 25
7 36 49
7 36 49
7 36 50
7 36 50
7 37 49
7 37 49
7 37 50
7 37 50
8 73 99
8 73 99
8 74 99
8 74 99
9 147 199
9 147 199
9 148 199
9 148 199
