10 278 440
11 557 878
11 557 880
11 560 878
12 1115 1756
12 1115 1756
12 1115 1757
12 1115 1757
12 1115 1760
12 1115 1760
12 1115 1761
12 1115 1761
12 1116 1756
12 1116 1756
12 1117 1756
12 1117 1756
12 1117 1761
12 1117 1761
12 1118 1756
12 1118 1756
12 1118 1761
12 1118 1761
12 1119 1756
12 1119 1756
12 1119 1761
12 1119 1761
12 1120 1756
12 1120 1756
12 1120 1757
12 1120 1757
12 1120 1761
12 1120 1761
13 2231 3513
13 2231 3513
13 2231 3514
13 2231 3514
13 2231 3515
13 2231 3515
13 2231 3519
13 2231 3519
13 2231 3520
13 2231 3520
13 2231 3521
13 2231 3521
13 2231 3522
13 2231 3522
13 2232 3513
13 2232 3513
13 2232 3514
13 2232 3514
13 2233 3513
13 2233 3513
13 2233 3514
13 2233 3514
13 2234 3513
13 2234 3513
13 2234 3514
13 2234 3514
13 2234 3522
13 2234 3522
13 2235 3513
13 2235 3513
13 2235 3514
13 2235 3514
13 2235 3522
13 2235 3522
13 2236 3513
13 2236 3513
13 2236 3514
13 2236 3514
13 2236 3522
13 2236 3522
13 2237 3513
13 2237 3513
13 2237 3522
13 2237 3522
13 2238 3513
13 2238 3513
13 2238 3521
13 2238 3521
13 2238 3522
13 2238 3522
13 2239 3513
13 2239 3513
13 2239 3521
13 2239 3521
13 2239 3522
13 2239 3522
13 2240 3513
13 2240 3513
13 2240 3514
13 2240 3514
13 2240 3515
13 2240 3515
13 2240 3521
13 2240 3521
13 2240 3522
13 2240 3522
13 2241 3513
13 2241 3513
13 2241 3514
13 2241 3514
13 2241 3515
13 2241 3515
13 2241 3516
13 2241 3516
13 2241 3517
13 2241 3517
13 2241 3518
13 2241 3518
13 2241 3521
13 2241 3521
13 2241 3522
13 2241 3522
14 4462 7027
14 4462 7028
14 4462 7029
14 4462 7030
14 4462 7031
14 4462 7032
14 4462 7033
14 4462 7034
14 4462 7035
14 4462 7036
14 4462 7037
14 4462 7038
14 4462 7039
14 4462 7040
14 4462 7041
14 4462 7042
14 4462 7043
14 4462 7044
14 4463 7038
14 4463 7039
14 4463 7042
14 4464 7042
14 4480 7028
14 4480 7029
14 4480 7030
14 4481 7031
14 4482 7028
14 4482 7033
14 4482 7034
15 8924 14055
15 8924 14056
15 8924 14057
15 8924 14058
15 8924 14059
15 8924 14060
15 8924 14061
15 8924 14062
15 8924 14063
15 8924 14064
15 8924 14065
15 8924 14066
15 8924 14067
15 8924 14068
15 8924 14069
15 8924 14070
15 8924 14071
15 8924 14072
15 8924 14073
15 8924 14074
15 8924 14075
15 8924 14076
15 8924 14077
15 8924 14078
15 8924 14079
15 8924 14080
15 8924 14081
15 8924 14082
15 8924 14083
15 8924 14084
15 8924 14085
15 8924 14086
15 8924 14087
15 8924 14088
15 8924 14089
15 8926 14079
15 8927 14077
15 8927 14078
15 8927 14084
15 8929 14084
15 8959 14056
15 8960 14058
15 8960 14061
15 8961 14057
15 8961 14067
15 8961 14068
15 8962 14063
15 8964 14057
15 8964 14067
15 8964 14068
15 8964 14069
16 17849 28110
16 17849 28111
16 17849 28112
16 17849 28113
16 17849 28114
16 17849 28115
16 17849 28116
16 17849 28117
16 17849 28118
16 17849 28119
16 17849 28120
16 17849 28121
16 17849 28122
16 17849 28123
16 17849 28124
16 17849 28125
16 17849 28126
16 17849 28127
16 17849 28128
16 17849 28129
16 17849 28130
16 17849 28131
16 17849 28132
16 17849 28133
16 17849 28134
16 17849 28135
16 17849 28136
16 17849 28137
16 17849 28138
16 17849 28139
16 17849 28140
16 17849 28141
16 17849 28142
16 17849 28143
16 17849 28144
16 17849 28145
16 17849 28146
16 17849 28147
16 17849 28148
16 17849 28149
16 17849 28150
16 17849 28151
16 17849 28152
16 17849 28153
16 17849 28154
16 17849 28155
16 17849 28156
16 17849 28157
16 17849 28158
16 17849 28159
16 17849 28160
16 17849 28161
16 17849 28162
16 17849 28163
16 17849 28164
16 17849 28165
16 17849 28166
16 17849 28167
16 17849 28168
16 17849 28169
16 17849 28170
16 17849 28171
16 17849 28172
16 17849 28173
16 17849 28174
16 17849 28175
16 17849 28176
16 17849 28177
16 17849 28178
16 17849 28179
16 17853 28159
16 17854 28144
16 17854 28156
16 17854 28168
16 17855 28154
16 17858 28168
16 17919 28113
16 17921 28116
16 17921 28122
16 17922 28114
16 17922 28134
16 17923 28136
16 17925 28127
16 17928 28114
16 17928 28135
16 17929 28136
16 17929 28139
17 35699 56221
17 35699 56222
17 35699 56223
17 35699 56224
17 35699 56225
17 35699 56226
17 35699 56227
17 35699 56228
17 35699 56229
17 35699 56230
17 35699 56231
17 35699 56232
17 35699 56233
17 35699 56234
17 35699 56235
17 35699 56236
17 35699 56237
17 35699 56238
17 35699 56239
17 35699 56240
17 35699 56241
17 35699 56242
17 35699 56243
17 35699 56244
17 35699 56245
17 35699 56246
17 35699 56247
17 35699 56248
17 35699 56249
17 35699 56250
17 35699 56251
17 35699 56252
17 35699 56253
17 35699 56254
17 35699 56255
17 35699 56256
17 35699 56257
17 35699 56258
17 35699 56259
17 35699 56260
17 35699 56261
17 35699 56262
17 35699 56263
17 35699 56264
17 35699 56265
17 35699 56266
17 35699 56267
17 35699 56268
17 35699 56269
17 35699 56270
17 35699 56271
17 35699 56272
17 35699 56273
17 35699 56274
17 35699 56275
17 35699 56276
17 35699 56277
17 35699 56278
17 35699 56279
17 35699 56280
17 35699 56281
17 35699 56282
17 35699 56283
17 35699 56284
17 35699 56285
17 35699 56286
17 35699 56287
17 35699 56288
17 35699 56289
17 35699 56290
17 35699 56291
17 35699 56292
17 35699 56293
17 35699 56294
17 35699 56295
17 35699 56296
17 35699 56297
17 35699 56298
17 35699 56299
17 35699 56300
17 35699 56301
17 35699 56302
17 35699 56303
17 35699 56304
17 35699 56305
17 35699 56306
17 35699 56307
17 35699 56308
17 35699 56309
17 35699 56310
17 35699 56311
17 35699 56312
17 35699 56313
17 35699 56314
17 35699 56315
17 35699 56316
17 35699 56317
17 35699 56318
17 35699 56319
17 35699 56320
17 35699 56321
17 35699 56322
17 35699 56323
17 35699 56324
17 35699 56325
17 35699 56326
17 35699 56327
17 35699 56328
17 35699 56329
17 35699 56330
17 35699 56331
17 35699 56332
17 35699 56333
17 35699 56334
17 35699 56335
17 35699 56336
17 35699 56337
17 35699 56338
17 35699 56339
17 35699 56340
17 35699 56341
17 35699 56342
17 35699 56343
17 35699 56344
17 35699 56345
17 35699 56346
17 35699 56347
17 35699 56348
17 35699 56349
17 35699 56350
17 35699 56351
17 35699 56352
17 35699 56353
17 35699 56354
17 35699 56355
17 35699 56356
17 35699 56357
17 35699 56358
17 35699 56359
18 71399 112442
3 2 3
4 4 6
4 4 6
5 8 13
5 8 13
6 17 27
6 17 27
7 34 54
7 34 54
7 34 55
7 34 55
7 35 54
7 35 54
7 35 55
7 35 55
8 69 109
8 69 109
8 69 110
8 69 110
8 70 109
8 70 109
8 70 110
8 70 110
