12 965 1697
12 965 1697
12 966 1697
12 966 1697
12 967 1697
12 967 1697
13 1931 3393
13 1931 3393
13 1931 3394
13 1931 3394
13 1932 3393
13 1932 3393
13 1932 3394
13 1932 3394
13 1933 3393
13 1933 3393
13 1933 3394
13 1933 3394
13 1934 3393
13 1934 3393
13 1934 3394
13 1934 3394
14 3863 6780
14 3863 6785
14 3863 6786
14 3863 6787
14 3863 6788
14 3863 6789
15 7727 13561
15 7727 13562
15 7727 13570
15 7727 13571
15 7727 13572
15 7727 13573
15 7727 13574
15 7727 13575
15 7727 13576
15 7727 13577
15 7727 13578
15 7737 13563
15 7737 13564
15 7737 13565
15 7737 13566
15 7737 13567
15 7737 13568
15 7737 13569
16 15455 27122
17 30910 54245
18 61820 108491
3 1 3
4 3 6
4 3 6
5 7 13
5 7 13
6 15 26
6 15 26
7 30 52
7 30 52
7 30 53
7 30 53
8 60 105
8 60 105
8 60 106
8 60 106
