13 1309 2857
13 1309 2858
13 1309 2859
13 1310 2857
13 1310 2858
13 1310 2859
13 1310 2862
13 1310 2863
13 1310 2864
13 1311 2857
13 1311 2858
13 1311 2859
13 1311 2860
13 1311 2862
13 1311 2863
13 1311 2864
13 1312 2858
13 1312 2859
13 1312 2860
13 2352 3133
13 2352 3133
13 2353 3133
13 2353 3133
13 2354 3133
13 2354 3133
13 2355 3133
13 2355 3133
13 2356 3133
13 2356 3133
13 2357 3133
13 2357 3133
13 2358 3133
13 2358 3133
13 2532 2972
13 2532 2973
13 2532 2974
13 2533 2972
13 2533 2973
13 2533 2974
13 2534 2973
13 2534 2974
14 4704 6266
15 9408 12532
16 18816 25020
16 18816 25021
16 18816 25022
16 18816 25023
16 18816 25024
16 18816 25025
16 18816 25026
16 18816 25027
16 18816 25028
16 18816 25029
16 18816 25030
16 18816 25031
16 18816 25032
16 18816 25033
16 18816 25034
16 18816 25035
16 18816 25036
16 18816 25037
16 18816 25038
16 18816 25039
16 18816 25040
16 18816 25041
16 18816 25042
16 18816 25043
16 18816 25044
16 18816 25045
16 18816 25046
16 18816 25047
16 18816 25048
16 18816 25049
16 18816 25050
16 18816 25051
16 18816 25052
16 18816 25053
16 18816 25054
16 18816 25055
16 18816 25056
16 18816 25057
16 18816 25058
16 18816 25059
16 18816 25060
16 18816 25061
16 18816 25062
16 18816 25063
16 18816 25064
17 37632 50041
17 37632 50042
17 37632 50043
17 37632 50044
17 37632 50045
17 37632 50046
17 37632 50047
17 37632 50048
17 37632 50049
17 37632 50050
17 37632 50051
17 37632 50052
17 37632 50053
17 37632 50054
17 37632 50055
17 37632 50056
17 37632 50057
17 37632 50058
17 37632 50059
17 37632 50060
17 37632 50061
17 37632 50062
17 37632 50063
17 37632 50064
17 37632 50065
17 37632 50066
17 37632 50067
17 37632 50068
17 37632 50069
17 37632 50070
17 37632 50071
17 37632 50072
17 37632 50073
17 37632 50074
17 37632 50075
17 37632 50076
17 37632 50077
17 37632 50078
17 37632 50079
17 37632 50080
17 37632 50081
17 37632 50082
17 37632 50083
17 37632 50084
17 37632 50085
17 37632 50086
17 37632 50087
17 37632 50088
17 37632 50089
17 37632 50090
17 37632 50091
17 37632 50092
17 37632 50093
17 37632 50094
17 37632 50095
17 37632 50096
17 37632 50097
17 37632 50098
17 37632 50099
17 37632 50100
17 37632 50101
17 37632 50102
17 37632 50103
17 37632 50104
17 37632 50105
17 37632 50106
17 37632 50107
17 37632 50108
17 37632 50109
17 37632 50110
17 37632 50111
17 37632 50112
17 37632 50113
17 37632 50114
17 37632 50115
17 37632 50116
17 37632 50117
17 37632 50118
17 37632 50119
17 37632 50120
17 37632 50121
17 37632 50122
17 37632 50123
17 37632 50124
17 37632 50125
17 37632 50126
17 37632 50127
17 37632 50128
17 37673 50054
17 37675 50100
18 75264 100083
18 75264 100084
18 75264 100085
18 75264 100086
18 75264 100087
18 75264 100088
18 75264 100089
18 75264 100090
18 75264 100091
18 75264 100092
18 75264 100093
18 75264 100094
18 75264 100095
18 75264 100096
18 75264 100097
18 75264 100098
18 75264 100099
18 75264 100100
18 75264 100101
18 75264 100102
18 75264 100103
18 75264 100104
18 75264 100105
18 75264 100106
18 75264 100107
18 75264 100108
18 75264 100109
18 75264 100110
18 75264 100111
18 75264 100112
18 75264 100113
18 75264 100114
18 75264 100115
18 75264 100116
18 75264 100117
18 75264 100118
18 75264 100119
18 75264 100120
18 75264 100121
18 75264 100122
18 75264 100123
18 75264 100124
18 75264 100125
18 75264 100126
18 75264 100127
18 75264 100128
18 75264 100129
18 75264 100130
18 75264 100131
18 75264 100132
18 75264 100133
18 75264 100134
18 75264 100135
18 75264 100136
18 75264 100137
18 75264 100138
18 75264 100139
18 75264 100140
18 75264 100141
18 75264 100142
18 75264 100143
18 75264 100144
18 75264 100145
18 75264 100146
18 75264 100147
18 75264 100148
18 75264 100149
18 75264 100150
18 75264 100151
18 75264 100152
18 75264 100153
18 75264 100154
18 75264 100155
18 75264 100156
18 75264 100157
18 75264 100158
18 75264 100159
18 75264 100160
18 75264 100161
18 75264 100162
18 75264 100163
18 75264 100164
18 75264 100165
18 75264 100166
18 75264 100167
18 75264 100168
18 75264 100169
18 75264 100170
18 75264 100171
18 75264 100172
18 75264 100173
18 75264 100174
18 75264 100175
18 75264 100176
18 75264 100177
18 75264 100178
18 75264 100179
18 75264 100180
18 75264 100181
18 75264 100182
18 75264 100183
18 75264 100184
18 75264 100185
18 75264 100186
18 75264 100187
18 75264 100188
18 75264 100189
18 75264 100190
18 75264 100191
18 75264 100192
18 75264 100193
18 75264 100194
18 75264 100195
18 75264 100196
18 75264 100197
18 75264 100198
18 75264 100199
18 75264 100200
18 75264 100201
18 75264 100202
18 75264 100203
18 75264 100204
18 75264 100205
18 75264 100206
18 75264 100207
18 75264 100208
18 75264 100209
18 75264 100210
18 75264 100211
18 75264 100212
18 75264 100213
18 75264 100214
18 75264 100215
18 75264 100216
18 75264 100217
18 75264 100218
18 75264 100219
18 75264 100220
18 75264 100221
18 75264 100222
18 75264 100223
18 75264 100224
18 75264 100225
18 75264 100226
18 75264 100227
18 75264 100228
18 75264 100229
18 75264 100230
18 75264 100231
18 75264 100232
18 75264 100233
18 75264 100234
18 75264 100235
18 75264 100236
18 75264 100237
18 75264 100238
18 75264 100239
18 75264 100240
18 75264 100241
18 75264 100242
18 75264 100243
18 75264 100244
18 75264 100245
18 75264 100246
18 75264 100247
18 75264 100248
18 75264 100249
18 75264 100250
18 75264 100251
18 75264 100252
18 75264 100253
18 75264 100254
18 75264 100255
18 75264 100256
18 75264 100257
18 75347 100108
18 75350 100201
3 2 3
4 4 6
4 4 6
5 9 12
5 9 12
6 18 24
6 18 24
7 36 48
7 36 48
8 73 97
8 73 97
