11 507 843
12 1012 1687
12 1012 1687
12 1012 1689
12 1012 1689
12 1012 1690
12 1012 1690
12 1013 1690
12 1013 1690
12 1014 1687
12 1014 1687
12 1015 1687
12 1015 1687
12 1015 1688
12 1015 1688
13 2025 3374
13 2025 3374
13 2025 3375
13 2025 3375
13 2025 3377
13 2025 3377
13 2025 3378
13 2025 3378
13 2025 3379
13 2025 3379
13 2025 3380
13 2025 3380
13 2025 3381
13 2025 3381
13 2026 3374
13 2026 3374
13 2026 3379
13 2026 3379
13 2026 3380
13 2026 3380
13 2026 3381
13 2026 3381
13 2027 3374
13 2027 3374
13 2027 3380
13 2027 3380
13 2027 3381
13 2027 3381
13 2028 3374
13 2028 3374
13 2028 3375
13 2028 3375
13 2028 3376
13 2028 3376
13 2028 3381
13 2028 3381
13 2029 3374
13 2029 3374
13 2029 3375
13 2029 3375
13 2029 3376
13 2029 3376
13 2030 3374
13 2030 3374
13 2030 3375
13 2030 3375
13 2030 3376
13 2030 3376
13 2030 3377
13 2030 3377
13 2030 3381
13 2030 3381
13 2031 3374
13 2031 3374
13 2031 3375
13 2031 3375
13 2031 3376
13 2031 3376
13 2031 3377
13 2031 3377
13 2031 3381
13 2031 3381
14 4051 6749
15 8102 13499
16 16205 26999
17 32411 53999
18 64822 107998
3 1 3
4 3 6
4 3 6
5 7 13
5 7 13
6 15 26
6 15 26
7 31 52
7 31 52
8 63 105
8 63 105
14 4051 6750
14 4051 6751
14 4051 6752
14 4056 6753
14 4051 6754
14 4051 6755
14 4051 6756
14 4051 6757
14 4051 6758
14 4051 6759
14 4051 6760
14 4051 6761
14 4051 6762
15 8102 13500
15 8102 13501
15 8102 13502
15 8102 13503
15 8102 13504
15 8102 13505
15 8102 13506
15 8102 13507
15 8102 13508
15 8102 13509
15 8102 13510
15 8102 13511
15 8102 13512
15 8102 13513
15 8102 13514
15 8102 13515
15 8102 13516
15 8102 13517
15 8102 13518
15 8102 13519
15 8102 13520
15 8102 13521
15 8102 13522
15 8102 13523
15 8102 13524
