11 588 806
12 1177 1612
12 1177 1612
12 1177 1613
12 1177 1613
12 1178 1612
12 1178 1612
12 1178 1613
12 1178 1613
12 1179 1612
12 1179 1612
12 1179 1615
12 1179 1615
12 1180 1612
12 1180 1612
12 1180 1615
12 1180 1615
12 1181 1615
12 1181 1615
12 1182 1614
12 1182 1614
12 1182 1615
12 1182 1615
13 2354 3225
13 2354 3225
13 2354 3226
13 2354 3226
13 2354 3227
13 2354 3227
13 2354 3228
13 2354 3228
13 2354 3231
13 2354 3231
13 2355 3225
13 2355 3225
13 2355 3226
13 2355 3226
13 2355 3227
13 2355 3227
13 2356 3225
13 2356 3225
13 2356 3226
13 2356 3226
13 2356 3227
13 2356 3227
13 2356 3231
13 2356 3231
13 2357 3225
13 2357 3225
13 2357 3226
13 2357 3226
13 2357 3227
13 2357 3227
13 2357 3231
13 2357 3231
13 2358 3225
13 2358 3225
13 2358 3226
13 2358 3226
13 2358 3230
13 2358 3230
13 2358 3231
13 2358 3231
13 2359 3225
13 2359 3225
13 2359 3226
13 2359 3226
13 2359 3230
13 2359 3230
13 2359 3231
13 2359 3231
13 2360 3225
13 2360 3225
13 2360 3226
13 2360 3226
13 2360 3230
13 2360 3230
13 2360 3231
13 2360 3231
13 2361 3225
13 2361 3225
13 2361 3229
13 2361 3229
13 2361 3230
13 2361 3230
13 2361 3231
13 2361 3231
13 2362 3229
13 2362 3229
13 2362 3230
13 2362 3230
13 2362 3231
13 2362 3231
13 2363 3228
13 2363 3228
13 2363 3229
13 2363 3229
13 2363 3230
13 2363 3230
13 2363 3231
13 2363 3231
13 2364 3228
13 2364 3228
13 2364 3229
13 2364 3229
13 2364 3230
13 2364 3230
13 2364 3231
13 2364 3231
13 2365 3228
13 2365 3228
13 2365 3229
13 2365 3229
13 2365 3230
13 2365 3230
13 2365 3231
13 2365 3231
14 4709 6450
14 4709 6451
14 4709 6452
14 4709 6453
14 4709 6454
14 4709 6455
14 4709 6456
14 4709 6457
14 4709 6461
14 4709 6462
14 4716 6459
14 4716 6460
14 4721 6458
15 9418 12900
15 9418 12901
15 9418 12902
15 9418 12903
15 9418 12904
15 9418 12905
15 9418 12906
15 9418 12907
15 9418 12908
15 9418 12909
15 9418 12910
15 9418 12911
15 9418 12912
15 9418 12913
15 9418 12914
15 9418 12915
15 9418 12916
15 9418 12918
15 9418 12919
15 9418 12920
15 9418 12921
15 9418 12922
15 9418 12923
15 9418 12924
15 9433 12917
16 18837 25800
16 18837 25801
16 18837 25802
16 18837 25803
16 18837 25804
16 18837 25805
16 18837 25806
16 18837 25807
16 18837 25808
16 18837 25809
16 18837 25810
16 18837 25811
16 18837 25812
16 18837 25813
16 18837 25814
16 18837 25815
16 18837 25816
16 18837 25817
16 18837 25818
16 18837 25819
16 18837 25820
16 18837 25821
16 18837 25822
16 18837 25823
16 18837 25824
16 18837 25825
16 18837 25826
16 18837 25827
16 18837 25828
16 18837 25829
16 18837 25830
16 18837 25831
16 18837 25832
16 18837 25833
16 18837 25834
16 18837 25835
16 18837 25836
16 18837 25837
16 18837 25838
16 18837 25839
16 18837 25840
16 18837 25841
16 18837 25842
16 18837 25843
16 18837 25844
16 18837 25845
16 18837 25846
16 18837 25847
16 18837 25848
16 18837 25849
16 18909 25805
17 37674 51601
18 75349 103202
3 2 3
4 4 6
4 4 6
5 9 12
5 9 12
6 18 25
6 18 25
7 36 50
7 36 50
