11 468 864
11 468 864
12 937 1728
12 937 1728
12 937 1729
12 937 1729
12 937 1730
12 937 1730
12 937 1731
12 937 1731
13 1875 3452
13 1875 3452
13 1875 3455
13 1875 3455
13 1875 3456
13 1875 3456
13 1875 3457
13 1875 3457
13 1875 3458
13 1875 3458
13 1875 3459
13 1875 3459
13 1875 3460
13 1875 3460
13 1875 3461
13 1875 3461
13 1875 3462
13 1875 3462
13 1875 3463
13 1875 3463
13 1876 3452
13 1876 3452
13 1877 3452
13 1877 3452
13 1881 3452
13 1881 3452
13 1881 3453
13 1881 3453
13 1881 3454
13 1881 3454
13 1881 3455
13 1881 3455
13 1881 3456
13 1881 3456
13 1881 3457
13 1881 3457
13 1881 3458
13 1881 3458
13 1881 3459
13 1881 3459
13 1881 3463
13 1881 3463
14 3751 6905
14 3751 6909
14 3751 6910
14 3751 6911
14 3751 6912
14 3751 6913
14 3751 6914
14 3751 6915
14 3751 6916
14 3751 6917
14 3751 6918
14 3751 6919
14 3751 6920
14 3751 6921
14 3751 6922
14 3751 6923
14 3751 6924
14 3751 6925
14 3751 6926
14 3761 6906
14 3762 6907
14 3762 6908
15 7503 13811
15 7503 13818
15 7503 13819
15 7503 13820
15 7503 13821
15 7503 13822
15 7503 13823
15 7503 13824
15 7503 13825
15 7503 13826
15 7503 13827
15 7503 13828
15 7503 13829
15 7503 13830
15 7503 13831
15 7503 13832
15 7503 13833
15 7503 13834
15 7503 13835
15 7503 13836
15 7503 13837
15 7503 13838
15 7503 13839
15 7503 13840
15 7503 13841
15 7503 13842
15 7503 13843
15 7503 13844
15 7503 13845
15 7503 13846
15 7503 13847
15 7503 13848
15 7503 13849
15 7503 13850
15 7503 13851
15 7503 13852
15 7503 13853
15 7522 13812
15 7522 13813
15 7523 13814
15 7523 13815
15 7523 13816
15 7523 13817
16 15006 27622
16 15006 27623
16 15006 27624
16 15006 27625
16 15006 27626
16 15006 27627
16 15006 27628
16 15006 27629
16 15006 27630
16 15006 27631
16 15006 27632
16 15006 27633
16 15006 27634
16 15006 27635
16 15006 27636
16 15006 27637
16 15006 27638
16 15006 27639
16 15006 27640
16 15006 27641
16 15006 27642
16 15006 27643
16 15006 27644
16 15006 27645
16 15006 27646
16 15006 27647
16 15006 27648
16 15006 27649
16 15006 27650
16 15006 27651
16 15006 27652
16 15006 27653
16 15006 27654
16 15006 27655
16 15006 27656
16 15006 27657
16 15006 27658
16 15006 27659
16 15006 27660
16 15006 27661
16 15006 27662
16 15006 27663
16 15006 27664
16 15006 27665
16 15006 27666
16 15006 27667
16 15006 27668
16 15006 27669
16 15006 27670
16 15006 27671
16 15006 27672
16 15006 27673
16 15006 27674
16 15006 27675
16 15006 27676
16 15006 27677
16 15006 27678
16 15006 27679
16 15006 27680
16 15006 27681
16 15006 27682
16 15006 27683
16 15006 27684
16 15006 27685
16 15006 27686
16 15006 27687
16 15006 27688
16 15006 27689
16 15006 27690
16 15006 27691
16 15006 27692
16 15006 27693
16 15006 27694
16 15006 27695
16 15006 27696
16 15006 27697
16 15006 27698
16 15006 27699
16 15006 27700
16 15006 27701
16 15006 27702
16 15006 27703
16 15006 27704
16 15006 27705
16 15006 27706
17 30013 55244
17 30013 55245
17 30013 55246
17 30013 55247
17 30013 55248
17 30013 55249
17 30013 55250
17 30013 55251
17 30013 55252
17 30013 55253
17 30013 55254
17 30013 55255
17 30013 55256
17 30013 55257
17 30013 55258
17 30013 55259
17 30013 55260
17 30013 55261
17 30013 55262
17 30013 55263
17 30013 55264
17 30013 55265
17 30013 55266
17 30013 55267
17 30013 55268
17 30013 55269
17 30013 55270
17 30013 55271
17 30013 55272
17 30013 55273
17 30013 55274
17 30013 55275
17 30013 55276
17 30013 55277
17 30013 55278
17 30013 55279
17 30013 55280
17 30013 55281
17 30013 55282
17 30013 55283
17 30013 55284
17 30013 55285
17 30013 55286
17 30013 55287
17 30013 55288
17 30013 55289
17 30013 55290
17 30013 55291
17 30013 55292
17 30013 55293
17 30013 55294
17 30013 55295
17 30013 55296
17 30013 55297
17 30013 55298
17 30013 55299
17 30013 55300
17 30013 55301
17 30013 55302
17 30013 55303
17 30013 55304
17 30013 55305
17 30013 55306
17 30013 55307
17 30013 55308
17 30013 55309
17 30013 55310
17 30013 55311
17 30013 55312
17 30013 55313
17 30013 55314
17 30013 55315
17 30013 55316
17 30013 55317
17 30013 55318
17 30013 55319
17 30013 55320
17 30013 55321
17 30013 55322
17 30013 55323
17 30013 55324
17 30013 55325
17 30013 55326
17 30013 55327
17 30013 55328
17 30013 55329
17 30013 55330
17 30013 55331
17 30013 55332
17 30013 55333
17 30013 55334
17 30013 55335
17 30013 55336
17 30013 55337
17 30013 55338
17 30013 55339
17 30013 55340
17 30013 55341
17 30013 55342
17 30013 55343
17 30013 55344
17 30013 55345
17 30013 55346
17 30013 55347
17 30013 55348
17 30013 55349
17 30013 55350
17 30013 55351
17 30013 55352
17 30013 55353
17 30013 55354
17 30013 55355
17 30013 55356
17 30013 55357
17 30013 55358
17 30013 55359
17 30013 55360
17 30013 55361
17 30013 55362
17 30013 55363
17 30013 55364
17 30013 55365
17 30013 55366
17 30013 55367
17 30013 55368
17 30013 55369
17 30013 55370
17 30013 55371
17 30013 55372
17 30013 55373
17 30013 55374
17 30013 55375
17 30013 55376
17 30013 55377
17 30013 55378
17 30013 55379
17 30013 55380
17 30013 55381
17 30013 55382
17 30013 55383
17 30013 55384
17 30013 55385
17 30013 55386
17 30013 55387
17 30013 55388
17 30013 55389
17 30013 55390
17 30013 55391
17 30013 55392
17 30013 55393
17 30013 55394
17 30013 55395
17 30013 55396
17 30013 55397
17 30013 55398
17 30013 55399
17 30013 55400
17 30013 55401
17 30013 55402
17 30013 55403
17 30013 55404
17 30013 55405
17 30013 55406
17 30013 55407
17 30013 55408
17 30013 55409
17 30013 55410
17 30013 55411
17 30013 55412
17 30013 55413
18 60027 110488
3 1 3
4 3 6
4 3 6
5 7 13
5 7 13
6 14 26
6 14 26
6 14 27
6 14 27
7 29 53
7 29 53
7 29 54
7 29 54
8 58 107
8 58 107
8 58 108
8 58 108
