10 291 393
11 583 787
12 1167 1575
12 1167 1575
12 1167 1577
12 1167 1577
12 1167 1578
12 1167 1578
12 1168 1575
12 1168 1575
12 1168 1578
12 1168 1578
12 1169 1575
12 1169 1575
12 1169 1578
12 1169 1578
12 1170 1575
12 1170 1575
12 1170 1576
12 1170 1576
12 1171 1575
12 1171 1575
12 1171 1576
12 1171 1576
12 1171 1578
12 1171 1578
13 2334 3150
13 2334 3150
13 2334 3151
13 2334 3151
13 2334 3153
13 2334 3153
13 2334 3154
13 2334 3154
13 2334 3155
13 2334 3155
13 2334 3156
13 2334 3156
13 2335 3150
13 2335 3150
13 2335 3151
13 2335 3151
13 2335 3154
13 2335 3154
13 2335 3155
13 2335 3155
13 2335 3156
13 2335 3156
13 2336 3150
13 2336 3150
13 2336 3151
13 2336 3151
13 2336 3154
13 2336 3154
13 2336 3155
13 2336 3155
13 2336 3156
13 2336 3156
13 2337 3150
13 2337 3150
13 2337 3151
13 2337 3151
13 2337 3155
13 2337 3155
13 2337 3156
13 2337 3156
13 2338 3150
13 2338 3150
13 2338 3151
13 2338 3151
13 2338 3155
13 2338 3155
13 2338 3156
13 2338 3156
13 2339 3150
13 2339 3150
13 2339 3151
13 2339 3151
13 2339 3152
13 2339 3152
13 2339 3156
13 2339 3156
13 2340 3150
13 2340 3150
13 2340 3151
13 2340 3151
13 2340 3152
13 2340 3152
13 2340 3153
13 2340 3153
13 2340 3156
13 2340 3156
13 2341 3150
13 2341 3150
13 2341 3151
13 2341 3151
13 2341 3152
13 2341 3152
13 2341 3153
13 2341 3153
13 2342 3150
13 2342 3150
13 2342 3151
13 2342 3151
13 2342 3152
13 2342 3152
13 2342 3153
13 2342 3153
13 2342 3154
13 2342 3154
13 2342 3156
13 2342 3156
14 4669 6300
14 4669 6301
14 4669 6302
14 4669 6303
14 4669 6306
14 4669 6307
14 4669 6308
14 4669 6309
14 4669 6310
14 4669 6311
14 4669 6312
14 4674 6304
14 4678 6305
15 9338 12601
15 9338 12602
15 9338 12603
15 9338 12604
15 9338 12605
15 9338 12606
15 9338 12607
15 9338 12608
15 9338 12609
15 9338 12612
15 9338 12613
15 9338 12614
15 9338 12615
15 9338 12616
15 9338 12617
15 9338 12618
15 9338 12619
15 9338 12620
15 9338 12621
15 9338 12622
15 9338 12623
15 9338 12624
15 9338 12625
15 9356 12610
15 9356 12611
16 18676 25203
16 18676 25204
16 18676 25205
16 18676 25206
16 18676 25207
16 18676 25208
16 18676 25209
16 18676 25210
16 18676 25211
16 18676 25212
16 18676 25213
16 18676 25214
16 18676 25215
16 18676 25216
16 18676 25217
16 18676 25218
16 18676 25219
16 18676 25220
16 18676 25221
16 18676 25222
16 18676 25223
16 18676 25224
16 18676 25225
16 18676 25226
16 18676 25227
16 18676 25228
16 18676 25229
16 18676 25230
16 18676 25231
16 18676 25232
16 18676 25233
16 18676 25234
16 18676 25235
16 18676 25236
16 18676 25237
16 18676 25238
16 18676 25239
16 18676 25240
16 18676 25241
16 18676 25242
16 18676 25243
16 18676 25244
16 18676 25245
16 18676 25246
16 18676 25247
16 18676 25248
16 18676 25249
16 18676 25250
17 37353 50406
18 74707 100813
3 2 3
4 4 6
4 4 6
5 9 12
5 9 12
6 18 24
6 18 24
7 36 49
7 36 49
8 72 98
8 72 98
8 73 98
8 73 98
9 145 196
9 145 196
9 146 196
9 146 196
