13 2237 3383
13 2237 3383
13 2238 3383
13 2238 3383
13 2239 3383
13 2239 3383
13 2240 3383
13 2240 3383
13 2241 3383
13 2241 3383
13 2242 3383
13 2242 3383
13 2243 3383
13 2243 3383
13 2244 3383
13 2244 3383
13 2245 3383
13 2245 3383
13 2246 3383
13 2246 3383
13 2247 3383
13 2247 3383
13 2248 3383
13 2248 3383
13 2249 3383
13 2249 3383
13 2250 3383
13 2250 3383
13 2251 3383
13 2251 3383
13 2252 3383
13 2252 3383
14 4474 6722
14 4474 6723
14 4474 6724
14 4474 6725
14 4474 6726
14 4474 6727
14 4474 6728
14 4474 6729
14 4474 6730
14 4474 6731
14 4474 6732
14 4474 6733
14 4474 6734
14 4474 6735
14 4474 6736
14 4474 6737
14 4474 6738
14 4474 6739
14 4474 6740
14 4474 6741
14 4474 6742
14 4474 6743
14 4474 6744
14 4474 6745
14 4474 6746
14 4474 6747
14 4474 6748
14 4474 6749
14 4474 6750
14 4474 6751
14 4474 6752
14 4474 6753
14 4474 6754
14 4474 6755
14 4474 6756
14 4474 6757
14 4474 6758
14 4474 6759
14 4474 6760
14 4474 6761
14 4474 6762
14 4474 6763
14 4474 6764
14 4474 6765
14 4474 6766
14 4474 6767
14 4477 6766
14 4479 6766
14 4480 6766
14 4482 6722
14 4484 6722
14 4485 6722
14 4489 6766
14 4491 6766
14 4493 6766
15 8948 13444
15 8948 13445
15 8948 13446
15 8948 13447
15 8948 13448
15 8948 13449
15 8948 13450
15 8948 13451
15 8948 13452
15 8948 13453
15 8948 13454
15 8948 13455
15 8948 13456
15 8948 13457
15 8948 13458
15 8948 13459
15 8948 13460
15 8948 13461
15 8948 13462
15 8948 13463
15 8948 13464
15 8948 13465
15 8948 13466
15 8948 13467
15 8948 13468
15 8948 13469
15 8948 13470
15 8948 13471
15 8948 13472
15 8948 13473
15 8948 13474
15 8948 13475
15 8948 13476
15 8948 13477
15 8948 13478
15 8948 13479
15 8948 13480
15 8948 13481
15 8948 13482
15 8948 13483
15 8948 13484
15 8948 13485
15 8948 13486
15 8948 13487
15 8948 13488
15 8948 13489
15 8948 13490
15 8948 13491
15 8948 13492
15 8948 13493
15 8948 13494
15 8948 13495
15 8948 13496
15 8948 13497
15 8948 13498
15 8948 13499
15 8948 13500
15 8948 13501
15 8948 13502
15 8948 13503
15 8948 13504
15 8948 13505
15 8948 13506
15 8948 13507
15 8948 13508
15 8948 13509
15 8948 13510
15 8948 13511
15 8948 13512
15 8948 13513
15 8948 13514
15 8948 13515
15 8948 13516
15 8948 13517
15 8948 13518
15 8948 13519
15 8948 13520
15 8948 13521
15 8948 13522
15 8948 13523
15 8948 13524
15 8948 13525
15 8948 13526
15 8948 13527
15 8948 13528
15 8948 13529
15 8948 13530
15 8948 13531
15 8948 13532
15 8948 13533
15 8948 13534
15 8949 13467
15 8949 13473
15 8949 13474
15 8949 13475
15 8949 13476
15 8949 13477
15 8949 13478
15 8949 13482
15 8949 13485
15 8949 13486
15 8949 13496
15 8949 13503
15 8949 13518
15 8949 13519
15 8949 13520
15 8952 13446
15 8954 13532
15 8958 13532
15 8960 13533
15 8963 13446
15 8964 13445
15 8967 13446
15 8968 13445
15 8969 13446
15 8970 13446
15 8971 13445
15 8979 13532
15 8982 13533
15 8983 13532
15 8983 13533
15 8986 13532
15 8986 13533
16 17897 26889
16 17897 26890
16 17897 26891
16 17897 26892
16 17897 26893
16 17897 26894
16 17897 26895
16 17897 26896
16 17897 26897
16 17897 26898
16 17897 26899
16 17897 26900
16 17897 26901
16 17897 26902
16 17897 26903
16 17897 26904
16 17897 26905
16 17897 26906
16 17897 26907
16 17897 26908
16 17897 26909
16 17897 26910
16 17897 26911
16 17897 26912
16 17897 26913
16 17897 26914
16 17897 26915
16 17897 26916
16 17897 26917
16 17897 26918
16 17897 26919
16 17897 26920
16 17897 26921
16 17897 26922
16 17897 26923
16 17897 26924
16 17897 26925
16 17897 26926
16 17897 26927
16 17897 26928
16 17897 26929
16 17897 26930
16 17897 26931
16 17897 26932
16 17897 26933
16 17897 26934
16 17897 26935
16 17897 26936
16 17897 26937
16 17897 26938
16 17897 26939
16 17897 26940
16 17897 26941
16 17897 26942
16 17897 26943
16 17897 26944
16 17897 26945
16 17897 26946
16 17897 26947
16 17897 26948
16 17897 26949
16 17897 26950
16 17897 26951
16 17897 26952
16 17897 26953
16 17897 26954
16 17897 26955
16 17897 26956
16 17897 26957
16 17897 26958
16 17897 26959
16 17897 26960
16 17897 26961
16 17897 26962
16 17897 26963
16 17897 26964
16 17897 26965
16 17897 26966
16 17897 26967
16 17897 26968
16 17897 26969
16 17897 26970
16 17897 26971
16 17897 26972
16 17897 26973
16 17897 26974
16 17897 26975
16 17897 26976
16 17897 26977
16 17897 26978
16 17897 26979
16 17897 26980
16 17897 26981
16 17897 26982
16 17897 26983
16 17897 26984
16 17897 26985
16 17897 26986
16 17897 26987
16 17897 26988
16 17897 26989
16 17897 26990
16 17897 26991
16 17897 26992
16 17897 26993
16 17897 26994
16 17897 26995
16 17897 26996
16 17897 26997
16 17897 26998
16 17897 26999
16 17897 27000
16 17897 27001
16 17897 27002
16 17897 27003
16 17897 27004
16 17897 27005
16 17897 27006
16 17897 27007
16 17897 27008
16 17897 27009
16 17897 27010
16 17897 27011
16 17897 27012
16 17897 27013
16 17897 27014
16 17897 27015
16 17897 27016
16 17897 27017
16 17897 27018
16 17897 27019
16 17897 27020
16 17897 27021
16 17897 27022
16 17897 27023
16 17897 27024
16 17897 27025
16 17897 27026
16 17897 27027
16 17897 27028
16 17897 27029
16 17897 27030
16 17897 27031
16 17897 27032
16 17897 27033
16 17897 27034
16 17897 27035
16 17897 27036
16 17897 27037
16 17897 27038
16 17897 27039
16 17897 27040
16 17897 27041
16 17897 27042
16 17897 27043
16 17897 27044
16 17897 27045
16 17897 27046
16 17897 27047
16 17897 27048
16 17897 27049
16 17897 27050
16 17897 27051
16 17897 27052
16 17897 27053
16 17897 27054
16 17897 27055
16 17897 27056
16 17897 27057
16 17897 27058
16 17897 27059
16 17897 27060
16 17897 27061
16 17897 27062
16 17897 27063
16 17897 27064
16 17897 27065
16 17897 27066
16 17897 27067
16 17897 27068
16 17898 26947
16 17898 26948
16 17898 26965
16 17898 26971
16 17898 26972
16 17898 26973
16 17898 26992
16 17898 27037
16 17898 27040
16 17899 26935
16 17899 26947
16 17899 26951
16 17899 26952
16 17899 26954
16 17899 26956
16 17899 26957
16 17899 26970
16 17899 26972
16 17899 27007
16 17899 27039
16 17900 26919
16 17900 26922
16 17900 26948
16 17900 26949
16 17900 26955
16 17900 26957
16 17900 26959
16 17900 26963
16 17900 26967
16 17900 26969
16 17900 26970
16 17900 26972
16 17900 26992
16 17900 27026
16 17900 27030
16 17901 26947
16 17901 26953
16 17901 26955
16 17901 26962
16 17901 26965
16 17901 26970
16 17901 26971
16 17901 26979
16 17901 26998
16 17901 27051
16 17902 26908
16 17902 26915
16 17902 26920
16 17902 26922
16 17902 26923
16 17902 26952
16 17902 26957
16 17902 26962
16 17902 26966
16 17902 26969
16 17902 26970
16 17902 26971
16 17902 26972
16 17902 26974
16 17902 26979
16 17902 26981
16 17902 26989
16 17902 27004
16 17902 27032
16 17903 26951
16 17903 26956
16 17903 26965
16 17903 26968
16 17903 26970
16 17903 26976
16 17903 27006
16 17903 27032
16 17903 27044
16 17904 26893
16 17904 26941
16 17904 26946
16 17904 26959
16 17904 26960
16 17904 26967
16 17904 26970
16 17904 26973
16 17904 26975
16 17904 26976
16 17904 26983
16 17904 26996
16 17904 27003
16 17904 27012
16 17904 27020
16 17904 27022
16 17904 27023
16 17904 27042
16 17905 26896
16 17905 26927
16 17905 26936
16 17905 26953
16 17905 26957
16 17905 26958
16 17905 26960
16 17905 26970
16 17905 26971
16 17905 26975
16 17905 26983
16 17905 26985
16 17905 26999
16 17905 27001
16 17905 27006
16 17905 27012
16 17905 27015
16 17905 27061
16 17906 26942
16 17906 26951
16 17906 26963
16 17906 26964
16 17906 26966
16 17906 26969
16 17906 26970
16 17906 26974
16 17906 26980
16 17906 26983
16 17906 26997
16 17906 27007
16 17906 27018
16 17907 26940
16 17907 26945
16 17907 26956
16 17907 26957
16 17907 26960
16 17907 26962
16 17907 26966
16 17907 26971
16 17907 26973
16 17907 26977
16 17907 26979
16 17907 26996
16 17907 26998
16 17907 27003
16 17907 27032
16 17907 27043
16 17908 26966
16 17908 26972
16 17908 26978
16 17908 26995
16 17909 26919
16 17909 26925
16 17909 26930
16 17909 26936
16 17909 26956
16 17909 26969
16 17909 26982
16 17909 26993
16 17909 27009
16 17909 27034
16 17909 27059
16 17909 27065
16 17910 26920
16 17910 26940
16 17910 26952
16 17910 26957
16 17910 26969
16 17910 26971
16 17910 26987
16 17910 26993
16 17910 26995
16 17910 27001
16 17910 27025
16 17910 27035
16 17910 27036
16 17910 27041
16 17910 27046
16 17911 26914
16 17911 26922
16 17911 26966
16 17911 26972
16 17911 26976
16 17911 26990
16 17911 27048
16 17911 27050
16 17912 26940
16 17912 26951
16 17912 26967
16 17912 26977
16 17912 27011
16 17912 27040
16 17912 27051
16 17913 26912
16 17913 26921
16 17913 26949
16 17913 26950
16 17913 26951
16 17913 26965
16 17913 26966
16 17913 26968
16 17913 26971
16 17913 26981
16 17913 27010
16 17913 27011
16 17913 27040
16 17914 26901
16 17914 26919
16 17914 26925
16 17914 26936
16 17914 26938
16 17914 26946
16 17914 26957
16 17914 26968
16 17914 26970
16 17914 26981
16 17914 27005
16 17914 27022
16 17914 27023
16 17914 27041
16 17914 27056
16 17914 27057
16 17915 26924
16 17915 26938
16 17915 26958
16 17915 26960
16 17915 26968
16 17915 26971
16 17915 26974
16 17915 26975
16 17915 26976
16 17915 26983
16 17915 27012
16 17915 27039
16 17915 27041
16 17915 27053
16 17916 26919
16 17916 26935
16 17916 26943
16 17916 26944
16 17916 26948
16 17916 26951
16 17916 26957
16 17916 26958
16 17916 26959
16 17916 26969
16 17916 26970
16 17916 26971
16 17916 26974
16 17916 26977
16 17916 27012
16 17916 27020
16 17916 27041
16 17916 27049
16 17916 27051
16 17916 27061
16 17916 27063
16 17917 26903
16 17917 26928
16 17917 26959
16 17917 26981
16 17917 26993
16 17917 26995
16 17917 27040
16 17917 27042
16 17917 27043
16 17917 27064
16 17917 27065
16 17918 26906
16 17918 26911
16 17918 26925
16 17918 26956
16 17918 26967
16 17918 26970
16 17918 26979
16 17918 27043
16 17919 26954
16 17919 26958
16 17919 26960
16 17919 26961
16 17919 26962
16 17919 26971
16 17919 26978
16 17919 26980
16 17919 26981
16 17919 27039
16 17919 27044
16 17919 27045
16 17920 26914
16 17920 26927
16 17920 26931
16 17920 26935
16 17920 26956
16 17920 26962
16 17920 26967
16 17920 26975
16 17920 26978
16 17920 26981
16 17920 27004
16 17920 27022
16 17920 27028
16 17920 27044
16 17920 27062
16 17920 27067
16 17921 26923
16 17921 26954
16 17921 26961
16 17921 26975
16 17921 26981
16 17921 27008
16 17921 27024
16 17921 27030
16 17921 27045
16 17921 27067
16 17922 26923
16 17922 26927
16 17922 26952
16 17922 26955
16 17922 26959
16 17922 26961
16 17922 26963
16 17922 26989
16 17922 27046
16 17922 27048
16 17922 27055
16 17923 26967
16 17923 26970
16 17923 26975
16 17923 26978
16 17923 27002
16 17923 27005
16 17923 27033
16 17923 27038
16 17924 26894
16 17924 26933
16 17924 26936
16 17924 26952
16 17924 26960
16 17924 26963
16 17924 26984
16 17924 27023
16 17925 26906
16 17925 26948
16 17925 26955
16 17925 26958
16 17925 26963
16 17925 26964
16 17925 26981
16 17925 26989
16 17925 27013
16 17925 27020
16 17926 26893
16 17926 26899
16 17926 26920
16 17926 26953
16 17926 26963
16 17926 26967
16 17926 27050
16 17926 27056
16 17927 26918
16 17927 26928
16 17927 26943
16 17927 26949
16 17927 26950
16 17928 26908
16 17928 26923
16 17928 26945
16 17928 26947
16 17928 26953
16 17928 26961
16 17928 26963
16 17928 26967
16 17928 26977
16 17928 26981
16 17928 26982
16 17929 26891
16 17929 26899
16 17929 26951
16 17929 26952
16 17929 26953
16 17929 26960
16 17929 27008
16 17929 27021
16 17930 26931
16 17930 26946
16 17930 26956
16 17930 26957
16 17930 26968
16 17930 26976
16 17930 26989
16 17930 26991
16 17931 26909
16 17931 26957
16 17931 26977
16 17931 26980
16 17931 27024
16 17932 26904
16 17932 26919
16 17932 26923
16 17932 26932
16 17932 26936
16 17932 26955
16 17932 26956
16 17932 26957
16 17932 26966
16 17932 26978
16 17932 27049
16 17932 27058
16 17933 26902
16 17933 26903
16 17933 26908
16 17933 26942
16 17933 26956
16 17933 26957
16 17933 26961
16 17933 27058
16 17934 26897
16 17934 26902
16 17934 26906
16 17934 26908
16 17934 26928
16 17934 26949
16 17934 26960
16 17934 26989
16 17934 27005
16 17934 27013
16 17934 27039
16 17934 27056
16 17935 26892
16 17935 26896
16 17935 26909
16 17935 26925
16 17935 26932
16 17935 26958
16 17935 26989
16 17935 27035
16 17936 26960
16 17936 26962
16 17936 26965
16 17936 26988
16 17937 26890
16 17937 26894
16 17937 26919
16 17937 26945
16 17937 26952
16 17937 26958
16 17937 26959
16 17937 26989
16 17937 27010
16 17938 26892
16 17938 26895
16 17938 26897
16 17938 26908
16 17938 26910
16 17938 26925
16 17938 26926
16 17938 26939
16 17938 26944
16 17938 26955
16 17938 26960
16 17938 26962
16 17938 27012
16 17938 27020
16 17939 26893
16 17939 26897
16 17939 26914
16 17939 26930
16 17939 26941
16 17939 26949
16 17939 26953
16 17939 26954
16 17939 26956
16 17939 26959
16 17939 26960
16 17940 26893
16 17940 26894
16 17940 26921
16 17940 26950
16 17940 26957
16 17940 26959
16 17940 26960
16 17940 26961
16 17940 26986
16 17940 26990
16 17940 27047
16 17941 26896
16 17941 26917
16 17941 26930
16 17941 26944
16 17941 26964
16 17941 26974
16 17941 27010
16 17942 26891
16 17942 26926
16 17942 26930
16 17942 26936
16 17942 26943
16 17942 26958
16 17942 26960
16 17942 26964
16 17942 26968
16 17942 26970
16 17942 26976
16 17942 27024
16 17943 26897
16 17943 26937
16 17943 26940
16 17943 26948
16 17943 26951
16 17943 26952
16 17943 26953
16 17943 26954
16 17943 26961
16 17943 26962
16 17943 26963
16 17943 26967
16 17943 26968
16 17943 26982
16 17943 26983
16 17943 26985
16 17943 27038
16 17944 26947
16 17944 26948
16 17944 26950
16 17944 26953
16 17944 26955
16 17944 26960
16 17944 26965
16 17944 26970
16 17944 26972
16 17944 26973
16 17944 26978
16 17944 26981
16 17944 26983
16 17944 26986
16 17945 26934
16 17945 26938
16 17945 26943
16 17945 26945
16 17945 26952
16 17945 26954
16 17945 26959
16 17945 26961
16 17945 26962
16 17945 26963
16 17945 26973
16 17945 26977
16 17945 26981
16 17945 26983
16 17945 27011
16 17945 27020
16 17946 26942
16 17946 26943
16 17946 26955
16 17946 26978
16 17946 26979
16 17947 26950
16 17947 26952
16 17947 26955
16 17947 26967
16 17947 26970
16 17947 27055
16 17948 26958
16 17948 27001
16 17948 27016
16 17948 27048
16 17949 26954
16 17949 26957
16 17949 26961
16 17949 26968
16 17949 26970
16 17949 26971
16 17949 26977
16 17949 26978
16 17949 27001
16 17949 27040
16 17949 27046
16 17949 27053
16 17950 26954
16 17950 26956
16 17950 26972
16 17950 26975
16 17950 26976
16 17951 26981
16 17951 26982
16 17951 27001
16 17951 27048
16 17952 26984
16 17952 26988
16 17952 27010
16 17952 27051
16 17952 27063
16 17953 26954
16 17953 26987
16 17953 26990
16 17953 27026
16 17954 26997
16 17954 27000
16 17954 27024
16 17955 27020
16 17955 27026
16 17955 27027
16 17955 27032
16 17956 27008
16 17956 27020
16 17956 27024
16 17956 27033
16 17956 27035
16 17957 27004
16 17957 27032
16 17958 27024
16 17958 27035
16 17958 27063
16 17958 27065
16 17959 27035
16 17959 27040
16 17959 27044
16 17960 27047
16 17960 27049
16 17961 27061
16 17962 27033
16 17962 27041
16 17962 27042
16 17962 27043
16 17963 27033
16 17963 27062
16 17964 27048
16 17964 27057
16 17964 27067
16 17965 27051
16 17965 27053
16 17965 27059
16 17965 27060
16 17965 27062
16 17966 27048
16 17966 27053
16 17966 27061
16 17966 27065
16 17966 27066
16 17967 27051
16 17967 27056
16 17967 27057
16 17967 27062
16 17967 27067
16 17968 27057
16 17968 27058
16 17968 27060
16 17969 27055
16 17969 27062
16 17970 27056
16 17970 27057
16 17971 27061
16 17972 27067
16 17973 27065
17 35794 53779
17 35794 53780
17 35794 53781
17 35794 53782
17 35794 53783
17 35794 53784
17 35794 53785
17 35794 53786
17 35794 53787
17 35794 53788
17 35794 53789
17 35794 53790
17 35794 53791
17 35794 53792
17 35794 53793
17 35794 53794
17 35794 53795
17 35794 53796
17 35794 53797
17 35794 53798
17 35794 53799
17 35794 53800
17 35794 53801
17 35794 53802
17 35794 53803
17 35794 53804
17 35794 53805
17 35794 53806
17 35794 53807
17 35794 53808
17 35794 53809
17 35794 53810
17 35794 53811
17 35794 53812
17 35794 53813
17 35794 53814
17 35794 53815
17 35794 53816
17 35794 53817
17 35794 53818
17 35794 53819
17 35794 53820
17 35794 53821
17 35794 53822
17 35794 53823
17 35794 53824
17 35794 53825
17 35794 53826
17 35794 53827
17 35794 53828
17 35794 53829
17 35794 53830
17 35794 53831
17 35794 53832
17 35794 53833
17 35794 53834
17 35794 53835
17 35794 53836
17 35794 53837
17 35794 53838
17 35794 53839
17 35794 53840
17 35794 53841
17 35794 53842
17 35794 53843
17 35794 53844
17 35794 53845
17 35794 53846
17 35794 53847
17 35794 53848
17 35794 53849
17 35794 53850
17 35794 53851
17 35794 53852
17 35794 53853
17 35794 53854
17 35794 53855
17 35794 53856
17 35794 53857
17 35794 53858
17 35794 53859
17 35794 53860
17 35794 53861
17 35794 53862
17 35794 53863
17 35794 53864
17 35794 53865
17 35794 53866
17 35794 53867
17 35794 53868
17 35794 53869
17 35794 53870
17 35794 53871
17 35794 53872
17 35794 53873
17 35794 53874
17 35794 53875
17 35794 53876
17 35794 53877
17 35794 53878
17 35794 53879
17 35794 53880
17 35794 53881
17 35794 53882
17 35794 53883
17 35794 53884
17 35794 53885
17 35794 53886
17 35794 53887
17 35794 53888
17 35794 53889
17 35794 53890
17 35794 53891
17 35794 53892
17 35794 53893
17 35794 53894
17 35794 53895
17 35794 53896
17 35794 53897
17 35794 53898
17 35794 53899
17 35794 53900
17 35794 53901
17 35794 53902
17 35794 53903
17 35794 53904
17 35794 53905
17 35794 53906
17 35794 53907
17 35794 53908
17 35794 53909
17 35794 53910
17 35794 53911
17 35794 53912
17 35794 53913
17 35794 53914
17 35794 53915
17 35794 53916
17 35794 53917
17 35794 53918
17 35794 53919
17 35794 53920
17 35794 53921
17 35794 53922
17 35794 53923
17 35794 53924
17 35794 53925
17 35794 53926
17 35794 53927
17 35794 53928
17 35794 53929
17 35794 53930
17 35794 53931
17 35794 53932
17 35794 53933
17 35794 53934
17 35794 53935
17 35794 53936
17 35794 53937
17 35794 53938
17 35794 53939
17 35794 53940
17 35794 53941
17 35794 53942
17 35794 53943
17 35794 53944
17 35794 53945
17 35794 53946
17 35794 53947
17 35794 53948
17 35794 53949
17 35794 53950
17 35794 53951
17 35794 53952
17 35794 53953
17 35794 53954
17 35794 53955
17 35794 53956
17 35794 53957
17 35794 53958
17 35794 53959
17 35794 53960
17 35794 53961
17 35794 53962
17 35794 53963
17 35794 53964
17 35794 53965
17 35794 53966
17 35794 53967
17 35794 53968
17 35794 53969
17 35794 53970
17 35794 53971
17 35794 53972
17 35794 53973
17 35794 53974
17 35794 53975
17 35794 53976
17 35794 53977
17 35794 53978
17 35794 53979
17 35794 53980
17 35794 53981
17 35794 53982
17 35794 53983
17 35794 53984
17 35794 53985
17 35794 53986
17 35794 53987
17 35794 53988
17 35794 53989
17 35794 53990
17 35794 53991
17 35794 53992
17 35794 53993
17 35794 53994
17 35794 53995
17 35794 53996
17 35794 53997
17 35794 53998
17 35794 53999
17 35794 54000
17 35794 54001
17 35794 54002
17 35794 54003
17 35794 54004
17 35794 54005
17 35794 54006
17 35794 54007
17 35794 54008
17 35794 54009
17 35794 54010
17 35794 54011
17 35794 54012
17 35794 54013
17 35794 54014
17 35794 54015
17 35794 54016
17 35794 54017
17 35794 54018
17 35794 54019
17 35794 54020
17 35794 54021
17 35794 54022
17 35794 54023
17 35794 54024
17 35794 54025
17 35794 54026
17 35794 54027
17 35794 54028
17 35794 54029
17 35794 54030
17 35794 54031
17 35794 54032
17 35794 54033
17 35794 54034
17 35794 54035
17 35794 54036
17 35794 54037
17 35794 54038
17 35794 54039
17 35794 54040
17 35794 54041
17 35794 54042
17 35794 54043
17 35794 54044
17 35794 54045
17 35794 54046
17 35794 54047
17 35794 54048
17 35794 54049
17 35794 54050
17 35794 54051
17 35794 54052
17 35794 54053
17 35794 54054
17 35794 54055
17 35794 54056
17 35794 54057
17 35794 54058
17 35794 54059
17 35794 54060
17 35794 54061
17 35794 54062
17 35794 54063
17 35794 54064
17 35794 54065
17 35794 54066
17 35794 54067
17 35794 54068
17 35794 54069
17 35794 54070
17 35794 54071
17 35794 54072
17 35794 54073
17 35794 54074
17 35794 54075
17 35794 54076
17 35794 54077
17 35794 54078
17 35794 54079
17 35794 54080
17 35794 54081
17 35794 54082
17 35794 54083
17 35794 54084
17 35794 54085
17 35794 54086
17 35794 54087
17 35794 54088
17 35794 54089
17 35794 54090
17 35794 54091
17 35794 54092
17 35794 54093
17 35794 54094
17 35794 54095
17 35794 54096
17 35794 54097
17 35794 54098
17 35794 54099
17 35794 54100
17 35794 54101
17 35794 54102
17 35794 54103
17 35794 54104
17 35794 54105
17 35794 54106
17 35794 54107
17 35794 54108
17 35794 54109
17 35794 54110
17 35794 54111
17 35794 54112
17 35794 54113
17 35794 54114
17 35794 54115
17 35794 54116
17 35794 54117
17 35794 54118
17 35794 54119
17 35794 54120
17 35794 54121
17 35794 54122
17 35794 54123
17 35794 54124
17 35794 54125
17 35794 54126
17 35794 54127
17 35794 54128
17 35794 54129
17 35794 54130
17 35794 54131
17 35794 54132
17 35794 54133
17 35794 54134
17 35794 54135
17 35794 54136
17 35826 53824
17 35860 53915
18 71589 107559
18 71589 107560
18 71589 107561
18 71589 107562
18 71589 107563
18 71589 107564
18 71589 107565
18 71589 107566
18 71589 107567
18 71589 107568
18 71589 107569
18 71589 107570
18 71589 107571
18 71589 107572
18 71589 107573
18 71589 107574
18 71589 107575
18 71589 107576
18 71589 107577
18 71589 107578
18 71589 107579
18 71589 107580
18 71589 107581
18 71589 107582
18 71589 107583
18 71589 107584
18 71589 107585
18 71589 107586
18 71589 107587
18 71589 107588
18 71589 107589
18 71589 107590
18 71589 107591
18 71589 107592
18 71589 107593
18 71589 107594
18 71589 107595
18 71589 107596
18 71589 107597
18 71589 107598
18 71589 107599
18 71589 107600
18 71589 107601
18 71589 107602
18 71589 107603
18 71589 107604
18 71589 107605
18 71589 107606
18 71589 107607
18 71589 107608
18 71589 107609
18 71589 107610
18 71589 107611
18 71589 107612
18 71589 107613
18 71589 107614
18 71589 107615
18 71589 107616
18 71589 107617
18 71589 107618
18 71589 107619
18 71589 107620
18 71589 107621
18 71589 107622
18 71589 107623
18 71589 107624
18 71589 107625
18 71589 107626
18 71589 107627
18 71589 107628
18 71589 107629
18 71589 107630
18 71589 107631
18 71589 107632
18 71589 107633
18 71589 107634
18 71589 107635
18 71589 107636
18 71589 107637
18 71589 107638
18 71589 107639
18 71589 107640
18 71589 107641
18 71589 107642
18 71589 107643
18 71589 107644
18 71589 107645
18 71589 107646
18 71589 107647
18 71589 107648
18 71589 107649
18 71589 107650
18 71589 107651
18 71589 107652
18 71589 107653
18 71589 107654
18 71589 107655
18 71589 107656
18 71589 107657
18 71589 107658
18 71589 107659
18 71589 107660
18 71589 107661
18 71589 107662
18 71589 107663
18 71589 107664
18 71589 107665
18 71589 107666
18 71589 107667
18 71589 107668
18 71589 107669
18 71589 107670
18 71589 107671
18 71589 107672
18 71589 107673
18 71589 107674
18 71589 107675
18 71589 107676
18 71589 107677
18 71589 107678
18 71589 107679
18 71589 107680
18 71589 107681
18 71589 107682
18 71589 107683
18 71589 107684
18 71589 107685
18 71589 107686
18 71589 107687
18 71589 107688
18 71589 107689
18 71589 107690
18 71589 107691
18 71589 107692
18 71589 107693
18 71589 107694
18 71589 107695
18 71589 107696
18 71589 107697
18 71589 107698
18 71589 107699
18 71589 107700
18 71589 107701
18 71589 107702
18 71589 107703
18 71589 107704
18 71589 107705
18 71589 107706
18 71589 107707
18 71589 107708
18 71589 107709
18 71589 107710
18 71589 107711
18 71589 107712
18 71589 107713
18 71589 107714
18 71589 107715
18 71589 107716
18 71589 107717
18 71589 107718
18 71589 107719
18 71589 107720
18 71589 107721
18 71589 107722
18 71589 107723
18 71589 107724
18 71589 107725
18 71589 107726
18 71589 107727
18 71589 107728
18 71589 107729
18 71589 107730
18 71589 107731
18 71589 107732
18 71589 107733
18 71589 107734
18 71589 107735
18 71589 107736
18 71589 107737
18 71589 107738
18 71589 107739
18 71589 107740
18 71589 107741
18 71589 107742
18 71589 107743
18 71589 107744
18 71589 107745
18 71589 107746
18 71589 107747
18 71589 107748
18 71589 107749
18 71589 107750
18 71589 107751
18 71589 107752
18 71589 107753
18 71589 107754
18 71589 107755
18 71589 107756
18 71589 107757
18 71589 107758
18 71589 107759
18 71589 107760
18 71589 107761
18 71589 107762
18 71589 107763
18 71589 107764
18 71589 107765
18 71589 107766
18 71589 107767
18 71589 107768
18 71589 107769
18 71589 107770
18 71589 107771
18 71589 107772
18 71589 107773
18 71589 107774
18 71589 107775
18 71589 107776
18 71589 107777
18 71589 107778
18 71589 107779
18 71589 107780
18 71589 107781
18 71589 107782
18 71589 107783
18 71589 107784
18 71589 107785
18 71589 107786
18 71589 107787
18 71589 107788
18 71589 107789
18 71589 107790
18 71589 107791
18 71589 107792
18 71589 107793
18 71589 107794
18 71589 107795
18 71589 107796
18 71589 107797
18 71589 107798
18 71589 107799
18 71589 107800
18 71589 107801
18 71589 107802
18 71589 107803
18 71589 107804
18 71589 107805
18 71589 107806
18 71589 107807
18 71589 107808
18 71589 107809
18 71589 107810
18 71589 107811
18 71589 107812
18 71589 107813
18 71589 107814
18 71589 107815
18 71589 107816
18 71589 107817
18 71589 107818
18 71589 107819
18 71589 107820
18 71589 107821
18 71589 107822
18 71589 107823
18 71589 107824
18 71589 107825
18 71589 107826
18 71589 107827
18 71589 107828
18 71589 107829
18 71589 107830
18 71589 107831
18 71589 107832
18 71589 107833
18 71589 107834
18 71589 107835
18 71589 107836
18 71589 107837
18 71589 107838
18 71589 107839
18 71589 107840
18 71589 107841
18 71589 107842
18 71589 107843
18 71589 107844
18 71589 107845
18 71589 107846
18 71589 107847
18 71589 107848
18 71589 107849
18 71589 107850
18 71589 107851
18 71589 107852
18 71589 107853
18 71589 107854
18 71589 107855
18 71589 107856
18 71589 107857
18 71589 107858
18 71589 107859
18 71589 107860
18 71589 107861
18 71589 107862
18 71589 107863
18 71589 107864
18 71589 107865
18 71589 107866
18 71589 107867
18 71589 107868
18 71589 107869
18 71589 107870
18 71589 107871
18 71589 107872
18 71589 107873
18 71589 107874
18 71589 107875
18 71589 107876
18 71589 107877
18 71589 107878
18 71589 107879
18 71589 107880
18 71589 107881
18 71589 107882
18 71589 107883
18 71589 107884
18 71589 107885
18 71589 107886
18 71589 107887
18 71589 107888
18 71589 107889
18 71589 107890
18 71589 107891
18 71589 107892
18 71589 107893
18 71589 107894
18 71589 107895
18 71589 107896
18 71589 107897
18 71589 107898
18 71589 107899
18 71589 107900
18 71589 107901
18 71589 107902
18 71589 107903
18 71589 107904
18 71589 107905
18 71589 107906
18 71589 107907
18 71589 107908
18 71589 107909
18 71589 107910
18 71589 107911
18 71589 107912
18 71589 107913
18 71589 107914
18 71589 107915
18 71589 107916
18 71589 107917
18 71589 107918
18 71589 107919
18 71589 107920
18 71589 107921
18 71589 107922
18 71589 107923
18 71589 107924
18 71589 107925
18 71589 107926
18 71589 107927
18 71589 107928
18 71589 107929
18 71589 107930
18 71589 107931
18 71589 107932
18 71589 107933
18 71589 107934
18 71589 107935
18 71589 107936
18 71589 107937
18 71589 107938
18 71589 107939
18 71589 107940
18 71589 107941
18 71589 107942
18 71589 107943
18 71589 107944
18 71589 107945
18 71589 107946
18 71589 107947
18 71589 107948
18 71589 107949
18 71589 107950
18 71589 107951
18 71589 107952
18 71589 107953
18 71589 107954
18 71589 107955
18 71589 107956
18 71589 107957
18 71589 107958
18 71589 107959
18 71589 107960
18 71589 107961
18 71589 107962
18 71589 107963
18 71589 107964
18 71589 107965
18 71589 107966
18 71589 107967
18 71589 107968
18 71589 107969
18 71589 107970
18 71589 107971
18 71589 107972
18 71589 107973
18 71589 107974
18 71589 107975
18 71589 107976
18 71589 107977
18 71589 107978
18 71589 107979
18 71589 107980
18 71589 107981
18 71589 107982
18 71589 107983
18 71589 107984
18 71589 107985
18 71589 107986
18 71589 107987
18 71589 107988
18 71589 107989
18 71589 107990
18 71589 107991
18 71589 107992
18 71589 107993
18 71589 107994
18 71589 107995
18 71589 107996
18 71589 107997
18 71589 107998
18 71589 107999
18 71589 108000
18 71589 108001
18 71589 108002
18 71589 108003
18 71589 108004
18 71589 108005
18 71589 108006
18 71589 108007
18 71589 108008
18 71589 108009
18 71589 108010
18 71589 108011
18 71589 108012
18 71589 108013
18 71589 108014
18 71589 108015
18 71589 108016
18 71589 108017
18 71589 108018
18 71589 108019
18 71589 108020
18 71589 108021
18 71589 108022
18 71589 108023
18 71589 108024
18 71589 108025
18 71589 108026
18 71589 108027
18 71589 108028
18 71589 108029
18 71589 108030
18 71589 108031
18 71589 108032
18 71589 108033
18 71589 108034
18 71589 108035
18 71589 108036
18 71589 108037
18 71589 108038
18 71589 108039
18 71589 108040
18 71589 108041
18 71589 108042
18 71589 108043
18 71589 108044
18 71589 108045
18 71589 108046
18 71589 108047
18 71589 108048
18 71589 108049
18 71589 108050
18 71589 108051
18 71589 108052
18 71589 108053
18 71589 108054
18 71589 108055
18 71589 108056
18 71589 108057
18 71589 108058
18 71589 108059
18 71589 108060
18 71589 108061
18 71589 108062
18 71589 108063
18 71589 108064
18 71589 108065
18 71589 108066
18 71589 108067
18 71589 108068
18 71589 108069
18 71589 108070
18 71589 108071
18 71589 108072
18 71589 108073
18 71589 108074
18 71589 108075
18 71589 108076
18 71589 108077
18 71589 108078
18 71589 108079
18 71589 108080
18 71589 108081
18 71589 108082
18 71589 108083
18 71589 108084
18 71589 108085
18 71589 108086
18 71589 108087
18 71589 108088
18 71589 108089
18 71589 108090
18 71589 108091
18 71589 108092
18 71589 108093
18 71589 108094
18 71589 108095
18 71589 108096
18 71589 108097
18 71589 108098
18 71589 108099
18 71589 108100
18 71589 108101
18 71589 108102
18 71589 108103
18 71589 108104
18 71589 108105
18 71589 108106
18 71589 108107
18 71589 108108
18 71589 108109
18 71589 108110
18 71589 108111
18 71589 108112
18 71589 108113
18 71589 108114
18 71589 108115
18 71589 108116
18 71589 108117
18 71589 108118
18 71589 108119
18 71589 108120
18 71589 108121
18 71589 108122
18 71589 108123
18 71589 108124
18 71589 108125
18 71589 108126
18 71589 108127
18 71589 108128
18 71589 108129
18 71589 108130
18 71589 108131
18 71589 108132
18 71589 108133
18 71589 108134
18 71589 108135
18 71589 108136
18 71589 108137
18 71589 108138
18 71589 108139
18 71589 108140
18 71589 108141
18 71589 108142
18 71589 108143
18 71589 108144
18 71589 108145
18 71589 108146
18 71589 108147
18 71589 108148
18 71589 108149
18 71589 108150
18 71589 108151
18 71589 108152
18 71589 108153
18 71589 108154
18 71589 108155
18 71589 108156
18 71589 108157
18 71589 108158
18 71589 108159
18 71589 108160
18 71589 108161
18 71589 108162
18 71589 108163
18 71589 108164
18 71589 108165
18 71589 108166
18 71589 108167
18 71589 108168
18 71589 108169
18 71589 108170
18 71589 108171
18 71589 108172
18 71589 108173
18 71589 108174
18 71589 108175
18 71589 108176
18 71589 108177
18 71589 108178
18 71589 108179
18 71589 108180
18 71589 108181
18 71589 108182
18 71589 108183
18 71589 108184
18 71589 108185
18 71589 108186
18 71589 108187
18 71589 108188
18 71589 108189
18 71589 108190
18 71589 108191
18 71589 108192
18 71589 108193
18 71589 108194
18 71589 108195
18 71589 108196
18 71589 108197
18 71589 108198
18 71589 108199
18 71589 108200
18 71589 108201
18 71589 108202
18 71589 108203
18 71589 108204
18 71589 108205
18 71589 108206
18 71589 108207
18 71589 108208
18 71589 108209
18 71589 108210
18 71589 108211
18 71589 108212
18 71589 108213
18 71589 108214
18 71589 108215
18 71589 108216
18 71589 108217
18 71589 108218
18 71589 108219
18 71589 108220
18 71589 108221
18 71589 108222
18 71589 108223
18 71589 108224
18 71589 108225
18 71589 108226
18 71589 108227
18 71589 108228
18 71589 108229
18 71589 108230
18 71589 108231
18 71589 108232
18 71589 108233
18 71589 108234
18 71589 108235
18 71589 108236
18 71589 108237
18 71589 108238
18 71589 108239
18 71589 108240
18 71589 108241
18 71589 108242
18 71589 108243
18 71589 108244
18 71589 108245
18 71589 108246
18 71589 108247
18 71589 108248
18 71589 108249
18 71589 108250
18 71589 108251
18 71589 108252
18 71589 108253
18 71589 108254
18 71589 108255
18 71589 108256
18 71589 108257
18 71589 108258
18 71589 108259
18 71589 108260
18 71589 108261
18 71589 108262
18 71589 108263
18 71589 108264
18 71589 108265
18 71589 108266
18 71589 108267
18 71589 108268
18 71589 108269
18 71589 108270
18 71589 108271
18 71589 108272
18 71589 108273
18 71653 107648
18 71720 107831
3 2 3
4 4 6
4 4 6
5 8 13
5 8 13
6 17 26
6 17 26
7 34 52
7 34 52
7 35 52
7 35 52
