13 2257 3507
13 2257 3507
13 2258 3507
13 2258 3507
13 2259 3507
13 2259 3507
13 2260 3507
13 2260 3507
13 2261 3507
13 2261 3507
13 2262 3507
13 2262 3507
13 2263 3507
13 2263 3507
13 2264 3507
13 2264 3507
13 2265 3507
13 2265 3507
13 2266 3507
13 2266 3507
13 2267 3507
13 2267 3507
13 2268 3507
13 2268 3507
13 2269 3507
13 2269 3507
13 2270 3507
13 2270 3507
13 2271 3507
13 2271 3507
14 4514 7000
14 4514 7014
14 4515 7014
14 4528 7014
14 4534 7000
14 4537 7000
14 4538 7000
15 9029 14001
15 9029 14028
15 9031 14028
15 9057 14028
15 9069 14001
15 9074 14001
15 9076 14001
16 18058 28003
16 18058 28004
16 18058 28005
16 18058 28006
16 18058 28007
16 18058 28008
16 18058 28009
16 18058 28010
16 18058 28011
16 18058 28012
16 18058 28013
16 18058 28014
16 18058 28015
16 18058 28016
16 18058 28017
16 18058 28018
16 18058 28019
16 18058 28020
16 18058 28021
16 18058 28022
16 18058 28023
16 18058 28024
16 18058 28025
16 18058 28026
16 18058 28027
16 18058 28028
16 18058 28029
16 18058 28030
16 18058 28031
16 18058 28032
16 18058 28033
16 18058 28034
16 18058 28035
16 18058 28036
16 18058 28037
16 18058 28038
16 18058 28039
16 18058 28040
16 18058 28041
16 18058 28042
16 18058 28043
16 18058 28044
16 18058 28045
16 18058 28046
16 18058 28047
16 18058 28048
16 18058 28049
16 18058 28050
16 18058 28051
16 18058 28052
16 18058 28053
16 18058 28054
16 18058 28055
16 18058 28056
16 18058 28057
16 18059 28014
16 18060 28025
16 18061 28030
16 18061 28034
16 18061 28036
16 18061 28039
16 18061 28046
16 18062 28023
16 18062 28037
16 18063 28022
16 18063 28042
16 18063 28056
16 18064 28030
16 18065 28025
16 18065 28033
16 18065 28036
16 18066 28026
16 18068 28029
16 18070 28029
16 18070 28031
16 18070 28033
16 18070 28053
16 18071 28026
16 18071 28029
16 18072 28045
16 18072 28049
16 18073 28035
16 18075 28035
16 18075 28038
16 18076 28043
16 18076 28055
16 18078 28030
16 18078 28038
16 18079 28045
16 18080 28033
16 18080 28041
16 18081 28044
16 18082 28035
16 18086 28049
16 18087 28005
16 18088 28026
16 18088 28027
16 18091 28025
16 18092 28051
16 18096 28031
16 18097 28024
16 18097 28044
16 18097 28053
16 18098 28055
16 18099 28033
16 18100 28023
16 18101 28022
16 18101 28039
16 18102 28018
16 18102 28036
16 18103 28023
16 18103 28032
16 18103 28051
16 18106 28027
16 18107 28021
16 18107 28055
16 18108 28023
16 18110 28048
16 18111 28053
16 18112 28035
16 18114 28055
16 18114 28056
16 18115 28022
16 18115 28029
16 18115 28044
16 18115 28055
16 18116 28043
16 18117 28055
16 18118 28037
16 18119 28019
16 18120 28041
16 18120 28049
16 18120 28050
16 18121 28024
16 18121 28046
16 18121 28047
16 18121 28054
16 18122 28019
16 18122 28037
16 18122 28050
16 18123 28022
16 18123 28035
16 18123 28040
16 18123 28046
16 18123 28047
16 18125 28012
16 18125 28017
16 18125 28044
16 18126 28040
16 18127 28013
16 18127 28017
16 18127 28031
16 18127 28035
16 18127 28037
16 18127 28042
16 18128 28018
16 18128 28021
16 18128 28044
16 18129 28014
16 18130 28026
16 18130 28040
16 18130 28042
16 18131 28013
16 18131 28016
16 18131 28037
16 18131 28043
16 18132 28007
16 18132 28008
16 18132 28009
16 18132 28030
16 18132 28032
16 18132 28037
16 18132 28050
16 18133 28026
16 18133 28028
16 18133 28031
16 18133 28038
16 18135 28016
16 18135 28024
16 18135 28028
16 18136 28005
16 18136 28024
16 18137 28008
16 18137 28026
16 18137 28028
16 18137 28030
16 18138 28003
16 18138 28009
16 18138 28030
16 18138 28031
16 18139 28008
16 18139 28024
16 18139 28031
16 18139 28033
16 18140 28022
16 18140 28031
16 18140 28035
16 18141 28004
16 18141 28022
16 18141 28025
16 18141 28043
16 18142 28006
16 18142 28008
16 18143 28037
16 18144 28007
16 18145 28017
16 18146 28017
16 18146 28037
16 18147 28014
16 18148 28008
16 18148 28039
16 18149 28003
16 18149 28021
16 18149 28041
16 18150 28008
16 18150 28038
16 18151 28009
16 18151 28018
16 18151 28037
16 18153 28003
16 18153 28004
16 18156 28036
16 18157 28035
16 18157 28036
16 18159 28028
16 18161 28013
16 18164 28022
16 18165 28020
16 18166 28008
17 36116 56006
17 36116 56007
17 36116 56008
17 36116 56009
17 36116 56010
17 36116 56011
17 36116 56012
17 36116 56013
17 36116 56014
17 36116 56015
17 36116 56016
17 36116 56017
17 36116 56018
17 36116 56019
17 36116 56020
17 36116 56021
17 36116 56022
17 36116 56023
17 36116 56024
17 36116 56025
17 36116 56026
17 36116 56027
17 36116 56028
17 36116 56029
17 36116 56030
17 36116 56031
17 36116 56032
17 36116 56033
17 36116 56034
17 36116 56035
17 36116 56036
17 36116 56037
17 36116 56038
17 36116 56039
17 36116 56040
17 36116 56041
17 36116 56042
17 36116 56043
17 36116 56044
17 36116 56045
17 36116 56046
17 36116 56047
17 36116 56048
17 36116 56049
17 36116 56050
17 36116 56051
17 36116 56052
17 36116 56053
17 36116 56054
17 36116 56055
17 36116 56056
17 36116 56057
17 36116 56058
17 36116 56059
17 36116 56060
17 36116 56061
17 36116 56062
17 36116 56063
17 36116 56064
17 36116 56065
17 36116 56066
17 36116 56067
17 36116 56068
17 36116 56069
17 36116 56070
17 36116 56071
17 36116 56072
17 36116 56073
17 36116 56074
17 36116 56075
17 36116 56076
17 36116 56077
17 36116 56078
17 36116 56079
17 36116 56080
17 36116 56081
17 36116 56082
17 36116 56083
17 36116 56084
17 36116 56085
17 36116 56086
17 36116 56087
17 36116 56088
17 36116 56089
17 36116 56090
17 36116 56091
17 36116 56092
17 36116 56093
17 36116 56094
17 36116 56095
17 36116 56096
17 36116 56097
17 36116 56098
17 36116 56099
17 36116 56100
17 36116 56101
17 36116 56102
17 36116 56103
17 36116 56104
17 36116 56105
17 36116 56106
17 36116 56107
17 36116 56108
17 36116 56109
17 36116 56110
17 36116 56111
17 36116 56112
17 36116 56113
17 36116 56114
18 72232 112012
3 2 3
4 4 6
4 4 6
5 8 13
5 8 13
6 17 27
6 17 27
7 35 54
7 35 54
