10 280 420
11 558 841
11 558 842
11 558 843
11 560 843
12 1117 1683
12 1117 1683
12 1117 1684
12 1117 1684
12 1117 1685
12 1117 1685
12 1117 1686
12 1117 1686
12 1118 1683
12 1118 1683
12 1120 1683
12 1120 1683
12 1120 1685
12 1120 1685
12 1120 1686
12 1120 1686
13 2235 3367
13 2235 3367
13 2235 3368
13 2235 3368
13 2235 3369
13 2235 3369
13 2235 3370
13 2235 3370
13 2235 3371
13 2235 3371
13 2235 3372
13 2235 3372
13 2235 3373
13 2235 3373
13 2236 3367
13 2236 3367
13 2236 3368
13 2236 3368
13 2236 3369
13 2236 3369
13 2236 3370
13 2236 3370
13 2237 3367
13 2237 3367
13 2237 3368
13 2237 3368
13 2239 3372
13 2239 3372
13 2239 3373
13 2239 3373
13 2240 3367
13 2240 3367
13 2240 3370
13 2240 3370
13 2240 3371
13 2240 3371
13 2240 3372
13 2240 3372
13 2240 3373
13 2240 3373
14 4471 6734
14 4471 6735
14 4471 6736
14 4471 6737
14 4471 6738
14 4471 6739
14 4471 6740
14 4471 6741
14 4471 6742
14 4471 6743
14 4471 6744
14 4471 6745
14 4471 6746
14 4471 6747
14 4472 6734
14 4472 6736
14 4472 6737
14 4472 6738
14 4472 6739
14 4472 6740
14 4472 6741
14 4472 6742
14 4472 6747
14 4473 6735
14 4473 6736
14 4473 6737
14 4473 6738
14 4473 6739
14 4473 6741
14 4474 6736
14 4474 6737
14 4474 6738
14 4474 6739
14 4474 6740
14 4475 6736
14 4475 6737
14 4476 6735
14 4477 6745
14 4477 6746
14 4477 6747
14 4478 6743
14 4478 6744
14 4478 6745
14 4479 6735
14 4479 6741
14 4479 6742
14 4479 6743
14 4479 6744
14 4479 6745
14 4480 6739
14 4480 6740
14 4480 6741
14 4480 6743
14 4480 6744
14 4480 6745
14 4480 6747
14 4978 6115
14 4978 6116
14 4979 6115
14 4979 6116
15 8942 13469
15 8942 13470
15 8942 13471
15 8942 13472
15 8942 13473
15 8942 13474
15 8942 13475
15 8942 13476
15 8942 13477
15 8942 13478
15 8942 13479
15 8942 13480
15 8942 13481
15 8942 13482
15 8942 13483
15 8942 13484
15 8942 13485
15 8942 13486
15 8942 13487
15 8942 13488
15 8942 13489
15 8942 13490
15 8942 13491
15 8942 13492
15 8942 13493
15 8942 13494
15 8942 13495
15 8943 13473
15 8943 13475
15 8943 13476
15 8943 13479
15 8943 13480
15 8943 13481
15 8943 13484
15 8943 13485
15 8943 13486
15 8943 13487
15 8943 13489
15 8943 13491
15 8943 13493
15 8944 13474
15 8944 13475
15 8944 13479
15 8944 13480
15 8944 13481
15 8944 13483
15 8944 13484
15 8944 13488
15 8945 13469
15 8945 13473
15 8945 13476
15 8945 13481
15 8945 13482
15 8945 13488
15 8945 13494
15 8946 13471
15 8946 13475
15 8946 13477
15 8946 13485
15 8946 13486
15 8946 13495
15 8947 13472
15 8947 13475
15 8947 13477
15 8947 13479
15 8947 13482
15 8947 13484
15 8948 13474
15 8948 13475
15 8948 13476
15 8948 13477
15 8948 13478
15 8948 13479
15 8948 13480
15 8949 13473
15 8949 13474
15 8949 13475
15 8949 13476
15 8949 13477
15 8949 13478
15 8950 13473
15 8950 13474
15 8950 13476
15 8950 13477
15 8950 13478
15 8950 13481
15 8950 13482
15 8951 13475
15 8951 13476
15 8951 13481
15 8951 13482
15 8952 13470
15 8952 13473
15 8952 13483
15 8953 13470
15 8953 13471
15 8953 13472
15 8953 13491
15 8954 13489
15 8954 13491
15 8955 13470
15 8955 13488
15 8955 13493
15 8955 13495
15 8956 13470
15 8956 13485
15 8956 13488
15 8956 13490
15 8957 13484
15 8957 13485
15 8957 13487
15 8957 13488
15 8957 13490
15 8957 13491
15 8958 13471
15 8958 13484
15 8958 13485
15 8958 13487
15 8958 13488
15 8958 13490
15 8959 13480
15 8959 13481
15 8959 13483
15 8959 13485
15 8959 13489
15 8959 13490
15 8960 13478
15 8960 13480
15 8960 13481
15 8960 13483
15 8960 13487
15 8960 13489
15 8960 13490
15 8961 13476
15 8961 13477
15 8961 13479
15 8961 13480
15 8961 13481
15 8961 13483
15 8961 13487
15 8961 13489
15 8961 13494
16 17884 26938
16 17884 26939
16 17884 26940
16 17884 26941
16 17884 26942
16 17884 26943
16 17884 26944
16 17884 26945
16 17884 26946
16 17884 26947
16 17884 26948
16 17884 26949
16 17884 26950
16 17884 26951
16 17884 26952
16 17884 26953
16 17884 26954
16 17884 26955
16 17884 26956
16 17884 26957
16 17884 26958
16 17884 26959
16 17884 26960
16 17884 26961
16 17884 26962
16 17884 26963
16 17884 26964
16 17884 26965
16 17884 26966
16 17884 26967
16 17884 26968
16 17884 26969
16 17884 26970
16 17884 26971
16 17884 26972
16 17884 26973
16 17884 26974
16 17884 26975
16 17884 26976
16 17884 26977
16 17884 26978
16 17884 26979
16 17884 26980
16 17884 26981
16 17884 26982
16 17884 26983
16 17884 26984
16 17884 26985
16 17884 26986
16 17884 26987
16 17884 26988
16 17884 26989
16 17884 26990
16 17884 26991
16 17885 26986
16 17886 26947
16 17886 26951
16 17886 26952
16 17886 26961
16 17886 26968
16 17886 26969
16 17886 26970
16 17886 26978
16 17886 26979
16 17886 26983
16 17886 26986
16 17887 26959
16 17887 26961
16 17887 26963
16 17887 26972
16 17887 26975
16 17888 26949
16 17888 26950
16 17888 26958
16 17888 26959
16 17888 26960
16 17888 26966
16 17888 26977
16 17889 26958
16 17889 26962
16 17889 26969
16 17890 26946
16 17890 26947
16 17890 26952
16 17890 26976
16 17890 26979
16 17891 26939
16 17891 26946
16 17891 26962
16 17891 26964
16 17891 26988
16 17892 26954
16 17892 26971
16 17892 26974
16 17892 26975
16 17892 26990
16 17893 26942
16 17893 26951
16 17893 26970
16 17893 26972
16 17894 26950
16 17894 26955
16 17894 26958
16 17894 26989
16 17895 26945
16 17895 26964
16 17895 26969
16 17896 26956
16 17896 26959
16 17896 26961
16 17897 26949
16 17897 26951
16 17897 26952
16 17897 26954
16 17898 26947
16 17898 26948
16 17899 26947
16 17899 26951
16 17899 26952
16 17899 26954
16 17899 26956
16 17899 26957
16 17900 26948
16 17900 26949
16 17900 26955
16 17900 26957
16 17900 26959
16 17900 26963
16 17901 26947
16 17901 26953
16 17901 26955
16 17901 26962
16 17901 26965
16 17902 26952
16 17902 26962
16 17902 26966
16 17903 26951
16 17903 26965
16 17904 26941
16 17904 26946
16 17904 26967
16 17905 26985
16 17906 26942
16 17906 26983
16 17907 26940
16 17907 26945
16 17908 26978
16 17909 26982
16 17910 26940
16 17910 26987
16 17911 26972
16 17911 26976
16 17911 26990
16 17912 26940
16 17912 26977
16 17913 26968
16 17913 26971
16 17913 26981
16 17914 26968
16 17914 26970
16 17914 26981
16 17915 26968
16 17915 26971
16 17915 26974
16 17915 26975
16 17915 26976
16 17915 26983
16 17916 26943
16 17916 26969
16 17916 26970
16 17916 26971
16 17916 26974
16 17916 26977
16 17917 26981
16 17918 26967
16 17918 26970
16 17918 26979
16 17919 26958
16 17919 26960
16 17919 26961
16 17919 26962
16 17919 26971
16 17919 26978
16 17919 26980
16 17919 26981
16 17920 26956
16 17920 26962
16 17920 26967
16 17920 26975
16 17920 26978
16 17920 26981
16 17921 26954
16 17921 26961
16 17921 26975
16 17921 26981
16 17922 26952
16 17922 26955
16 17922 26959
16 17922 26961
16 17922 26963
16 17922 26989
16 17923 26967
16 17923 26975
16 17923 26978
17 35768 53877
17 35768 53878
17 35768 53879
17 35768 53880
17 35768 53881
17 35768 53882
17 35768 53883
17 35768 53884
17 35768 53885
17 35768 53886
17 35768 53887
17 35768 53888
17 35768 53889
17 35768 53890
17 35768 53891
17 35768 53892
17 35768 53893
17 35768 53894
17 35768 53895
17 35768 53896
17 35768 53897
17 35768 53898
17 35768 53899
17 35768 53900
17 35768 53901
17 35768 53902
17 35768 53903
17 35768 53904
17 35768 53905
17 35768 53906
17 35768 53907
17 35768 53908
17 35768 53909
17 35768 53910
17 35768 53911
17 35768 53912
17 35768 53913
17 35768 53914
17 35768 53915
17 35768 53916
17 35768 53917
17 35768 53918
17 35768 53919
17 35768 53920
17 35768 53921
17 35768 53922
17 35768 53923
17 35768 53924
17 35768 53925
17 35768 53926
17 35768 53927
17 35768 53928
17 35768 53929
17 35768 53930
17 35768 53931
17 35768 53932
17 35768 53933
17 35768 53934
17 35768 53935
17 35768 53936
17 35768 53937
17 35768 53938
17 35768 53939
17 35768 53940
17 35768 53941
17 35768 53942
17 35768 53943
17 35768 53944
17 35768 53945
17 35768 53946
17 35768 53947
17 35768 53948
17 35768 53949
17 35768 53950
17 35768 53951
17 35768 53952
17 35768 53953
17 35768 53954
17 35768 53955
17 35768 53956
17 35768 53957
17 35768 53958
17 35768 53959
17 35768 53960
17 35768 53961
17 35768 53962
17 35768 53963
17 35768 53964
17 35768 53965
17 35768 53966
17 35768 53967
17 35768 53968
17 35768 53969
17 35768 53970
17 35768 53971
17 35768 53972
17 35768 53973
17 35768 53974
17 35768 53975
17 35768 53976
17 35768 53977
17 35768 53978
17 35768 53979
17 35768 53980
17 35768 53981
17 35768 53982
18 71537 107755
18 71580 107916
3 2 3
4 4 6
4 4 6
5 8 13
5 8 13
6 17 26
6 17 26
7 34 52
7 34 52
7 35 52
7 35 52
8 69 105
8 69 105
8 70 105
8 70 105
9 139 210
9 139 210
9 140 210
9 140 210
