12 1122 1744
12 1122 1744
12 1122 1747
12 1122 1747
12 1125 1744
12 1125 1744
12 1125 1745
12 1125 1745
13 2245 3488
13 2245 3488
13 2245 3489
13 2245 3489
13 2245 3493
13 2245 3493
13 2245 3494
13 2245 3494
13 2245 3495
13 2245 3495
13 2246 3488
13 2246 3488
13 2246 3489
13 2246 3489
13 2246 3494
13 2246 3494
13 2246 3495
13 2246 3495
13 2247 3488
13 2247 3488
13 2248 3488
13 2248 3488
13 2249 3488
13 2249 3488
13 2249 3489
13 2249 3489
13 2249 3495
13 2249 3495
13 2250 3488
13 2250 3488
13 2250 3489
13 2250 3489
13 2250 3490
13 2250 3490
13 2250 3491
13 2250 3491
13 2250 3495
13 2250 3495
13 2251 3488
13 2251 3488
13 2251 3489
13 2251 3489
13 2251 3490
13 2251 3490
13 2251 3491
13 2251 3491
13 2251 3492
13 2251 3492
13 2251 3493
13 2251 3493
13 2251 3494
13 2251 3494
13 2251 3495
13 2251 3495
14 4490 6977
14 4490 6978
14 4490 6979
14 4490 6980
14 4490 6981
14 4490 6983
14 4490 6984
14 4490 6985
14 4490 6986
14 4490 6987
14 4490 6988
14 4490 6989
14 4490 6990
14 4492 6978
14 4493 6977
14 4494 6977
14 4494 6978
14 4499 6981
14 4499 6982
14 4499 6990
14 4500 6982
14 4501 6985
14 4502 6980
14 4502 6983
14 4502 6987
14 4502 6988
14 4503 6987
14 4503 6988
14 4503 6989
15 8980 13954
15 8980 13955
15 8980 13956
15 8980 13957
15 8980 13958
15 8980 13959
15 8980 13960
15 8980 13961
15 8980 13962
15 8980 13963
15 8980 13964
15 8980 13965
15 8980 13966
15 8980 13967
15 8980 13968
15 8980 13969
15 8980 13970
15 8980 13971
15 8980 13972
15 8980 13973
15 8980 13974
15 8980 13975
15 8980 13976
15 8980 13977
15 8980 13978
15 8980 13979
15 8980 13980
15 8980 13981
15 8981 13960
15 8981 13962
15 8985 13956
15 8987 13955
15 8988 13956
15 8989 13955
15 8998 13965
15 8998 13980
15 8999 13962
15 9000 13965
15 9000 13968
15 9003 13971
15 9003 13975
15 9004 13966
15 9004 13975
15 9004 13977
15 9005 13960
15 9006 13974
15 9006 13975
15 9006 13977
15 9006 13979
16 17961 27909
16 17961 27910
16 17961 27911
16 17961 27912
16 17961 27913
16 17961 27914
16 17961 27915
16 17961 27916
16 17961 27917
16 17961 27918
16 17961 27919
16 17961 27920
16 17961 27921
16 17961 27922
16 17961 27923
16 17961 27924
16 17961 27925
16 17961 27926
16 17961 27927
16 17961 27928
16 17961 27929
16 17961 27930
16 17961 27931
16 17961 27932
16 17961 27933
16 17961 27934
16 17961 27935
16 17961 27936
16 17961 27937
16 17961 27938
16 17961 27939
16 17961 27940
16 17961 27941
16 17961 27942
16 17961 27943
16 17961 27944
16 17961 27945
16 17961 27946
16 17961 27947
16 17961 27948
16 17961 27949
16 17961 27950
16 17961 27951
16 17961 27952
16 17961 27953
16 17961 27954
16 17961 27955
16 17961 27956
16 17961 27957
16 17961 27958
16 17961 27959
16 17961 27960
16 17961 27961
16 17961 27962
16 17961 27963
16 17963 27921
16 17963 27924
16 17966 27924
16 17971 27912
16 17974 27910
16 17976 27913
16 17979 27911
16 17984 27963
16 17996 27930
16 17996 27961
16 17999 27924
16 18000 27930
16 18000 27936
16 18006 27942
16 18007 27950
16 18008 27932
16 18008 27954
16 18009 27950
16 18010 27920
16 18012 27958
16 18013 27948
16 18013 27951
16 18013 27954
17 35923 55819
17 35923 55820
17 35923 55821
17 35923 55822
17 35923 55823
17 35923 55824
17 35923 55825
17 35923 55826
17 35923 55827
17 35923 55828
17 35923 55829
17 35923 55830
17 35923 55831
17 35923 55832
17 35923 55833
17 35923 55834
17 35923 55835
17 35923 55836
17 35923 55837
17 35923 55838
17 35923 55839
17 35923 55840
17 35923 55841
17 35923 55842
17 35923 55843
17 35923 55844
17 35923 55845
17 35923 55846
17 35923 55847
17 35923 55848
17 35923 55849
17 35923 55850
17 35923 55851
17 35923 55852
17 35923 55853
17 35923 55854
17 35923 55855
17 35923 55856
17 35923 55857
17 35923 55858
17 35923 55859
17 35923 55860
17 35923 55861
17 35923 55862
17 35923 55863
17 35923 55864
17 35923 55865
17 35923 55866
17 35923 55867
17 35923 55868
17 35923 55869
17 35923 55870
17 35923 55871
17 35923 55872
17 35923 55873
17 35923 55874
17 35923 55875
17 35923 55876
17 35923 55877
17 35923 55878
17 35923 55879
17 35923 55880
17 35923 55881
17 35923 55882
17 35923 55883
17 35923 55884
17 35923 55885
17 35923 55886
17 35923 55887
17 35923 55888
17 35923 55889
17 35923 55890
17 35923 55891
17 35923 55892
17 35923 55893
17 35923 55894
17 35923 55895
17 35923 55896
17 35923 55897
17 35923 55898
17 35923 55899
17 35923 55900
17 35923 55901
17 35923 55902
17 35923 55903
17 35923 55904
17 35923 55905
17 35923 55906
17 35923 55907
17 35923 55908
17 35923 55909
17 35923 55910
17 35923 55911
17 35923 55912
17 35923 55913
17 35923 55914
17 35923 55915
17 35923 55916
17 35923 55917
17 35923 55918
17 35923 55919
17 35923 55920
17 35923 55921
17 35923 55922
17 35923 55923
17 35923 55924
17 35923 55925
17 35923 55926
17 35923 55927
18 71846 111639
3 2 3
4 4 6
4 4 6
5 8 13
5 8 13
6 17 27
6 17 27
7 35 54
7 35 54
8 70 109
8 70 109
