11 560 831
12 1121 1662
12 1121 1662
12 1121 1663
12 1121 1663
12 1121 1664
12 1121 1664
12 1121 1665
12 1121 1665
12 1121 1666
12 1121 1666
12 1121 1667
12 1121 1667
12 1121 1668
12 1121 1668
12 1121 1669
12 1121 1669
12 1121 1670
12 1121 1670
12 1121 1671
12 1121 1671
12 1121 1672
12 1121 1672
13 2243 3324
13 2243 3324
13 2243 3325
13 2243 3325
13 2243 3326
13 2243 3326
13 2243 3327
13 2243 3327
13 2243 3328
13 2243 3328
13 2243 3329
13 2243 3329
13 2243 3330
13 2243 3330
13 2243 3331
13 2243 3331
13 2243 3332
13 2243 3332
13 2243 3333
13 2243 3333
13 2243 3334
13 2243 3334
13 2243 3335
13 2243 3335
13 2243 3336
13 2243 3336
13 2243 3337
13 2243 3337
13 2243 3338
13 2243 3338
13 2243 3339
13 2243 3339
13 2243 3340
13 2243 3340
13 2243 3341
13 2243 3341
13 2243 3342
13 2243 3342
13 2243 3343
13 2243 3343
13 2243 3344
13 2243 3344
13 2243 3345
13 2243 3345
13 2244 3324
13 2244 3324
13 2244 3345
13 2244 3345
13 2245 3324
13 2245 3324
13 2245 3345
13 2245 3345
13 2246 3324
13 2246 3324
13 2247 3324
13 2247 3324
13 2247 3345
13 2247 3345
13 2248 3324
13 2248 3324
13 2248 3345
13 2248 3345
13 2249 3324
13 2249 3324
13 2249 3345
13 2249 3345
13 2250 3324
13 2250 3324
13 2250 3345
13 2250 3345
13 2251 3324
13 2251 3324
13 2251 3345
13 2251 3345
13 2252 3324
13 2252 3324
13 2252 3345
13 2252 3345
13 2253 3324
13 2253 3324
13 2253 3345
13 2253 3345
13 2254 3324
13 2254 3324
13 2254 3345
13 2254 3345
13 2255 3324
13 2255 3324
13 2255 3345
13 2255 3345
13 2256 3324
13 2256 3324
13 2256 3345
13 2256 3345
13 2257 3324
13 2257 3324
13 2257 3345
13 2257 3345
13 2258 3324
13 2258 3324
13 2258 3345
13 2258 3345
13 2259 3324
13 2259 3324
13 2259 3345
13 2259 3345
13 2260 3324
13 2260 3324
13 2260 3345
13 2260 3345
14 4487 6649
14 4487 6650
14 4487 6651
14 4487 6652
14 4487 6653
14 4487 6654
14 4487 6655
14 4487 6656
14 4487 6657
14 4487 6658
14 4487 6659
14 4487 6660
14 4487 6661
14 4487 6662
14 4487 6663
14 4487 6664
14 4487 6665
14 4487 6666
14 4487 6667
14 4487 6668
14 4487 6669
14 4487 6670
14 4487 6671
14 4487 6672
14 4487 6673
14 4487 6674
14 4487 6675
14 4487 6676
14 4487 6677
14 4487 6678
14 4487 6679
14 4487 6680
14 4487 6681
14 4487 6682
14 4487 6683
14 4487 6684
14 4487 6685
14 4487 6686
14 4487 6687
14 4487 6688
14 4487 6689
14 4487 6690
14 4487 6691
14 4500 6650
15 8975 13298
15 8975 13299
15 8975 13300
15 8975 13301
15 8975 13302
15 8975 13303
15 8975 13304
15 8975 13305
15 8975 13306
15 8975 13307
15 8975 13308
15 8975 13309
15 8975 13310
15 8975 13311
15 8975 13312
15 8975 13313
15 8975 13314
15 8975 13315
15 8975 13316
15 8975 13317
15 8975 13318
15 8975 13319
15 8975 13320
15 8975 13321
15 8975 13322
15 8975 13323
15 8975 13324
15 8975 13325
15 8975 13326
15 8975 13327
15 8975 13328
15 8975 13329
15 8975 13330
15 8975 13331
15 8975 13332
15 8975 13333
15 8975 13334
15 8975 13335
15 8975 13336
15 8975 13337
15 8975 13338
15 8975 13339
15 8975 13340
15 8975 13341
15 8975 13342
15 8975 13343
15 8975 13344
15 8975 13345
15 8975 13346
15 8975 13347
15 8975 13348
15 8975 13349
15 8975 13350
15 8975 13351
15 8975 13352
15 8975 13353
15 8975 13354
15 8975 13355
15 8975 13356
15 8975 13357
15 8975 13358
15 8975 13359
15 8975 13360
15 8975 13361
15 8975 13362
15 8975 13363
15 8975 13364
15 8975 13365
15 8975 13366
15 8975 13367
15 8975 13368
15 8975 13369
15 8975 13370
15 8975 13371
15 8975 13372
15 8975 13373
15 8975 13374
15 8975 13375
15 8975 13376
15 8975 13377
15 8975 13378
15 8975 13379
15 8975 13380
15 8975 13381
15 8975 13382
15 8985 13371
15 9000 13301
15 9003 13324
16 17951 26597
16 17951 26598
16 17951 26599
16 17951 26600
16 17951 26601
16 17951 26602
16 17951 26603
16 17951 26604
16 17951 26605
16 17951 26606
16 17951 26607
16 17951 26608
16 17951 26609
16 17951 26610
16 17951 26611
16 17951 26612
16 17951 26613
16 17951 26614
16 17951 26615
16 17951 26616
16 17951 26617
16 17951 26618
16 17951 26619
16 17951 26620
16 17951 26621
16 17951 26622
16 17951 26623
16 17951 26624
16 17951 26625
16 17951 26626
16 17951 26627
16 17951 26628
16 17951 26629
16 17951 26630
16 17951 26631
16 17951 26632
16 17951 26633
16 17951 26634
16 17951 26635
16 17951 26636
16 17951 26637
16 17951 26638
16 17951 26639
16 17951 26640
16 17951 26641
16 17951 26642
16 17951 26643
16 17951 26644
16 17951 26645
16 17951 26646
16 17951 26647
16 17951 26648
16 17951 26649
16 17951 26650
16 17951 26651
16 17951 26652
16 17951 26653
16 17951 26654
16 17951 26655
16 17951 26656
16 17951 26657
16 17951 26658
16 17951 26659
16 17951 26660
16 17951 26661
16 17951 26662
16 17951 26663
16 17951 26664
16 17951 26665
16 17951 26666
16 17951 26667
16 17951 26668
16 17951 26669
16 17951 26670
16 17951 26671
16 17951 26672
16 17951 26673
16 17951 26674
16 17951 26675
16 17951 26676
16 17951 26677
16 17951 26678
16 17951 26679
16 17951 26680
16 17951 26681
16 17951 26682
16 17951 26683
16 17951 26684
16 17951 26685
16 17951 26686
16 17951 26687
16 17951 26688
16 17951 26689
16 17951 26690
16 17951 26691
16 17951 26692
16 17951 26693
16 17951 26694
16 17951 26695
16 17951 26696
16 17951 26697
16 17951 26698
16 17951 26699
16 17951 26700
16 17951 26701
16 17951 26702
16 17951 26703
16 17951 26704
16 17951 26705
16 17951 26706
16 17951 26707
16 17951 26708
16 17951 26709
16 17951 26710
16 17951 26711
16 17951 26712
16 17951 26713
16 17951 26714
16 17951 26715
16 17951 26716
16 17951 26717
16 17951 26718
16 17951 26719
16 17951 26720
16 17951 26721
16 17951 26722
16 17951 26723
16 17951 26724
16 17951 26725
16 17951 26726
16 17951 26727
16 17951 26728
16 17951 26729
16 17951 26730
16 17951 26731
16 17951 26732
16 17951 26733
16 17951 26734
16 17951 26735
16 17951 26736
16 17951 26737
16 17951 26738
16 17951 26739
16 17951 26740
16 17951 26741
16 17951 26742
16 17951 26743
16 17951 26744
16 17951 26745
16 17951 26746
16 17951 26747
16 17951 26748
16 17951 26749
16 17951 26750
16 17951 26751
16 17951 26752
16 17951 26753
16 17951 26754
16 17951 26755
16 17951 26756
16 17951 26757
16 17951 26758
16 17951 26759
16 17951 26760
16 17951 26761
16 17951 26762
16 17951 26763
16 17951 26764
16 17951 26765
16 17971 26742
16 18001 26602
16 18007 26648
17 35903 53195
18 71807 106390
3 2 3
4 4 6
4 4 6
5 8 12
5 8 12
5 8 13
5 8 13
6 17 25
6 17 25
6 17 26
6 17 26
