13 2090 3364
13 2090 3364
13 2091 3364
13 2091 3364
13 2092 3364
13 2092 3364
13 2093 3364
13 2093 3364
14 4180 6729
14 4182 6729
14 4183 6729
15 8360 13459
15 8360 13460
15 8360 13461
15 8360 13462
15 8360 13463
15 8360 13464
15 8360 13465
15 8360 13466
15 8360 13467
15 8360 13468
15 8360 13469
15 8360 13470
15 8360 13471
15 8360 13472
15 8360 13473
15 8360 13474
15 8360 13475
15 8360 13476
15 8360 13477
15 8365 13459
15 8366 13459
16 16721 26919
16 16721 26920
16 16721 26921
16 16721 26922
16 16721 26923
16 16721 26924
16 16721 26925
16 16721 26926
16 16721 26927
16 16721 26928
16 16721 26929
16 16721 26930
16 16721 26931
16 16721 26932
16 16721 26933
16 16721 26934
16 16721 26935
16 16721 26936
16 16721 26937
16 16721 26938
16 16721 26939
16 16721 26940
16 16721 26941
16 16721 26942
16 16721 26943
16 16721 26944
16 16721 26945
16 16721 26946
16 16721 26947
16 16721 26948
16 16721 26949
16 16721 26950
16 16721 26951
16 16721 26952
16 16721 26953
16 16721 26954
16 16721 26955
16 16728 26955
16 16730 26919
16 16732 26919
17 33442 53838
17 33442 53839
17 33442 53840
17 33442 53841
17 33442 53842
17 33442 53843
17 33442 53844
17 33442 53845
17 33442 53846
17 33442 53847
17 33442 53848
17 33442 53849
17 33442 53850
17 33442 53851
17 33442 53852
17 33442 53853
17 33442 53854
17 33442 53855
17 33442 53856
17 33442 53857
17 33442 53858
17 33442 53859
17 33442 53860
17 33442 53861
17 33442 53862
17 33442 53863
17 33442 53864
17 33442 53865
17 33442 53866
17 33442 53867
17 33442 53868
17 33442 53869
17 33442 53870
17 33442 53871
17 33442 53872
17 33442 53873
17 33442 53874
17 33442 53875
17 33442 53876
17 33442 53877
17 33442 53878
17 33442 53879
17 33442 53880
17 33442 53881
17 33442 53882
17 33442 53883
17 33442 53884
17 33442 53885
17 33442 53886
17 33442 53887
17 33442 53888
17 33442 53889
17 33442 53890
17 33442 53891
17 33442 53892
17 33442 53893
17 33442 53894
17 33442 53895
17 33442 53896
17 33442 53897
17 33442 53898
17 33442 53899
17 33442 53900
17 33442 53901
17 33442 53902
17 33442 53903
17 33442 53904
17 33442 53905
17 33442 53906
17 33442 53907
17 33442 53908
17 33442 53909
17 33442 53910
17 33442 53911
18 66885 107676
3 2 3
4 4 6
4 4 6
5 8 13
5 8 13
6 16 26
6 16 26
7 32 52
7 32 52
8 65 105
8 65 105
9 130 210
9 130 210
