12 1169 1587
12 1169 1587
12 1170 1587
12 1170 1587
12 1171 1587
12 1171 1587
12 1172 1587
12 1172 1587
12 1173 1587
12 1173 1587
12 1174 1587
12 1174 1587
13 2338 3174
13 2338 3174
13 2339 3174
13 2339 3174
13 2340 3174
13 2340 3174
13 2341 3174
13 2341 3174
13 2342 3174
13 2342 3174
13 2343 3174
13 2343 3174
13 2344 3174
13 2344 3174
13 2345 3174
13 2345 3174
13 2346 3174
13 2346 3174
13 2347 3174
13 2347 3174
13 2348 3174
13 2348 3174
13 2349 3174
13 2349 3174
14 4677 6348
15 9354 12663
15 9354 12664
15 9354 12665
15 9354 12666
15 9354 12667
15 9354 12668
15 9354 12669
15 9354 12670
15 9354 12671
15 9354 12672
15 9354 12673
15 9354 12674
15 9354 12675
15 9354 12676
15 9354 12677
15 9354 12678
15 9354 12679
15 9354 12680
15 9354 12681
15 9354 12682
15 9354 12683
15 9354 12684
15 9354 12685
15 9354 12686
15 9354 12687
15 9354 12688
15 9354 12689
15 9354 12690
15 9354 12691
15 9354 12692
15 9354 12693
15 9354 12694
15 9354 12695
15 9354 12696
16 18709 25326
16 18709 25327
16 18709 25328
16 18709 25329
16 18709 25330
16 18709 25331
16 18709 25332
16 18709 25333
16 18709 25334
16 18709 25335
16 18709 25336
16 18709 25337
16 18709 25338
16 18709 25339
16 18709 25340
16 18709 25341
16 18709 25342
16 18709 25343
16 18709 25344
16 18709 25345
16 18709 25346
16 18709 25347
16 18709 25348
16 18709 25349
16 18709 25350
16 18709 25351
16 18709 25352
16 18709 25353
16 18709 25354
16 18709 25355
16 18709 25356
16 18709 25357
16 18709 25358
16 18709 25359
16 18709 25360
16 18709 25361
16 18709 25362
16 18709 25363
16 18709 25364
16 18709 25365
16 18709 25366
16 18709 25367
16 18709 25368
16 18709 25369
16 18709 25370
16 18709 25371
16 18709 25372
16 18709 25373
16 18709 25374
16 18709 25375
16 18709 25376
16 18709 25377
16 18709 25378
16 18709 25379
16 18709 25380
16 18709 25381
16 18709 25382
16 18709 25383
16 18709 25384
16 18709 25385
16 18709 25386
16 18709 25387
16 18709 25388
16 18709 25389
16 18709 25390
16 18709 25391
16 18709 25392
16 18733 25332
16 18768 25388
16 18788 25331
17 37419 50652
18 74839 101304
3 2 3
4 4 6
4 4 6
5 9 12
5 9 12
6 18 24
6 18 24
7 36 49
7 36 49
