10 249 423
11 498 846
11 498 846
12 1000 1684
12 1000 1684
12 996 1692
12 996 1692
12 996 1693
12 996 1693
12 996 1694
12 996 1694
12 996 1695
12 996 1695
12 996 1696
12 996 1696
12 996 1697
12 996 1697
12 996 1698
12 996 1698
12 996 1699
12 996 1699
12 996 1700
12 996 1700
13 1935 3368
13 1935 3368
13 1971 3384
13 1971 3384
13 1972 3384
13 1972 3384
13 1973 3384
13 1973 3384
13 1974 3384
13 1974 3384
13 1975 3384
13 1975 3384
13 1976 3384
13 1976 3384
13 1977 3384
13 1977 3384
13 1978 3384
13 1978 3384
13 1979 3384
13 1979 3384
13 1980 3384
13 1980 3384
13 1981 3384
13 1981 3384
13 1982 3384
13 1982 3384
13 1983 3384
13 1983 3384
13 1984 3384
13 1984 3384
13 1985 3384
13 1985 3384
13 1986 3384
13 1986 3384
13 1987 3384
13 1987 3384
13 1988 3384
13 1988 3384
13 1989 3384
13 1989 3384
13 1990 3384
13 1990 3384
13 1991 3384
13 1991 3384
13 1992 3384
13 1992 3384
13 1992 3385
13 1992 3385
13 1992 3386
13 1992 3386
13 1992 3387
13 1992 3387
13 1992 3388
13 1992 3388
13 1992 3389
13 1992 3389
13 1992 3390
13 1992 3390
13 1992 3391
13 1992 3391
13 1992 3392
13 1992 3392
13 1992 3393
13 1992 3393
13 1992 3394
13 1992 3394
13 1992 3395
13 1992 3395
13 1992 3396
13 1992 3396
13 1992 3397
13 1992 3397
13 1992 3398
13 1992 3398
13 1992 3399
13 1992 3399
13 1992 3400
13 1992 3400
14 3942 6768
14 3942 6769
14 3942 6770
14 3942 6771
14 3942 6772
14 3942 6773
14 3942 6774
14 3942 6775
14 3942 6776
14 3942 6777
14 3942 6778
14 3942 6779
14 3942 6780
14 3942 6781
14 3942 6782
14 3942 6783
14 3942 6784
14 3942 6785
14 3942 6786
14 3942 6787
14 3942 6788
14 3942 6789
14 3942 6790
14 3942 6791
14 3942 6792
14 3942 6793
14 3942 6794
14 3942 6795
14 3942 6796
14 3942 6797
14 3942 6798
14 3942 6799
14 3942 6800
14 3942 6801
14 3953 6768
15 7885 13536
15 7885 13537
15 7885 13538
15 7885 13539
15 7885 13540
15 7885 13541
15 7885 13542
15 7885 13543
15 7885 13544
15 7885 13545
15 7885 13546
15 7885 13547
15 7885 13548
15 7885 13549
15 7885 13550
15 7885 13551
15 7885 13552
15 7885 13553
15 7885 13554
15 7885 13555
15 7885 13556
15 7885 13557
15 7885 13558
15 7885 13559
15 7885 13560
15 7885 13561
15 7885 13562
15 7885 13563
15 7885 13564
15 7885 13565
15 7885 13566
15 7885 13567
15 7885 13568
15 7885 13569
15 7885 13570
15 7885 13571
15 7885 13572
15 7885 13573
15 7885 13574
15 7885 13575
15 7885 13576
15 7885 13577
15 7885 13578
15 7885 13579
15 7885 13580
15 7885 13581
15 7885 13582
15 7885 13583
15 7885 13584
15 7885 13585
15 7885 13586
15 7885 13587
15 7885 13588
15 7885 13589
15 7885 13590
15 7885 13591
15 7885 13592
15 7885 13593
15 7885 13594
15 7885 13595
15 7885 13596
15 7885 13597
15 7885 13598
15 7885 13599
15 7885 13600
15 7885 13601
15 7885 13602
15 7885 13603
15 7906 13537
16 15770 27073
16 15770 27074
16 15770 27075
16 15770 27076
16 15770 27077
16 15770 27078
16 15770 27079
16 15770 27080
16 15770 27081
16 15770 27082
16 15770 27083
16 15770 27084
16 15770 27085
16 15770 27086
16 15770 27087
16 15770 27088
16 15770 27089
16 15770 27090
16 15770 27091
16 15770 27092
16 15770 27093
16 15770 27094
16 15770 27095
16 15770 27096
16 15770 27097
16 15770 27098
16 15770 27099
16 15770 27100
16 15770 27101
16 15770 27102
16 15770 27103
16 15770 27104
16 15770 27105
16 15770 27106
16 15770 27107
16 15770 27108
16 15770 27109
16 15770 27110
16 15770 27111
16 15770 27112
16 15770 27113
16 15770 27114
16 15770 27115
16 15770 27116
16 15770 27117
16 15770 27118
16 15770 27119
16 15770 27120
16 15770 27121
16 15770 27122
16 15770 27123
16 15770 27124
16 15770 27125
16 15770 27126
16 15770 27127
16 15770 27128
16 15770 27129
16 15770 27130
16 15770 27131
16 15770 27132
16 15770 27133
16 15770 27134
16 15770 27135
16 15770 27136
16 15770 27137
16 15770 27138
16 15770 27139
16 15770 27140
16 15770 27141
16 15770 27142
16 15770 27143
16 15770 27144
16 15770 27145
16 15770 27146
16 15770 27147
16 15770 27148
16 15770 27149
16 15770 27150
16 15770 27151
16 15770 27152
16 15770 27153
16 15770 27154
16 15770 27155
16 15770 27156
16 15770 27157
16 15770 27158
16 15770 27159
16 15770 27160
16 15770 27161
16 15770 27162
16 15770 27163
16 15770 27164
16 15770 27165
16 15770 27166
16 15770 27167
16 15770 27168
16 15770 27169
16 15770 27170
16 15770 27171
16 15770 27172
16 15770 27173
16 15770 27174
16 15770 27175
16 15770 27176
16 15770 27177
16 15770 27178
16 15770 27179
16 15770 27180
16 15770 27181
16 15770 27182
16 15770 27183
16 15770 27184
16 15770 27185
16 15770 27186
16 15770 27187
16 15770 27188
16 15770 27189
16 15770 27190
16 15770 27191
16 15770 27192
16 15770 27193
16 15770 27194
16 15770 27195
16 15770 27196
16 15770 27197
16 15770 27198
16 15770 27199
16 15770 27200
16 15770 27201
16 15770 27202
16 15770 27203
16 15770 27204
16 15770 27205
16 15770 27206
16 15770 27207
16 15813 27074
17 31540 54146
17 31540 54147
17 31540 54148
17 31540 54149
17 31540 54150
17 31540 54151
17 31540 54152
17 31540 54153
17 31540 54154
17 31540 54155
17 31540 54156
17 31540 54157
17 31540 54158
17 31540 54159
17 31540 54160
17 31540 54161
17 31540 54162
17 31540 54163
17 31540 54164
17 31540 54165
17 31540 54166
17 31540 54167
17 31540 54168
17 31540 54169
17 31540 54170
17 31540 54171
17 31540 54172
17 31540 54173
17 31540 54174
17 31540 54175
17 31540 54176
17 31540 54177
17 31540 54178
17 31540 54179
17 31540 54180
17 31540 54181
17 31540 54182
17 31540 54183
17 31540 54184
17 31540 54185
17 31540 54186
17 31540 54187
17 31540 54188
17 31540 54189
17 31540 54190
17 31540 54191
17 31540 54192
17 31540 54193
17 31540 54194
17 31540 54195
17 31540 54196
17 31540 54197
17 31540 54198
17 31540 54199
17 31540 54200
17 31540 54201
17 31540 54202
17 31540 54203
17 31540 54204
17 31540 54205
17 31540 54206
17 31540 54207
17 31540 54208
17 31540 54209
17 31540 54210
17 31540 54211
17 31540 54212
17 31540 54213
17 31540 54214
17 31540 54215
17 31540 54216
17 31540 54217
17 31540 54218
17 31540 54219
17 31540 54220
17 31540 54221
17 31540 54222
17 31540 54223
17 31540 54224
17 31540 54225
17 31540 54226
17 31540 54227
17 31540 54228
17 31540 54229
17 31540 54230
17 31540 54231
17 31540 54232
17 31540 54233
17 31540 54234
17 31540 54235
17 31540 54236
17 31540 54237
17 31540 54238
17 31540 54239
17 31540 54240
17 31540 54241
17 31540 54242
17 31540 54243
17 31540 54244
17 31540 54245
17 31540 54246
17 31540 54247
17 31540 54248
17 31540 54249
17 31540 54250
17 31540 54251
17 31540 54252
17 31540 54253
17 31540 54254
17 31540 54255
17 31540 54256
17 31540 54257
17 31540 54258
17 31540 54259
17 31540 54260
17 31540 54261
17 31540 54262
17 31540 54263
17 31540 54264
17 31540 54265
17 31540 54266
17 31540 54267
17 31540 54268
17 31540 54269
17 31540 54270
17 31540 54271
17 31540 54272
17 31540 54273
17 31540 54274
17 31540 54275
17 31540 54276
17 31540 54277
17 31540 54278
17 31540 54279
17 31540 54280
17 31540 54281
17 31540 54282
17 31540 54283
17 31540 54284
17 31540 54285
17 31540 54286
17 31540 54287
17 31540 54288
17 31540 54289
17 31540 54290
17 31540 54291
17 31540 54292
17 31540 54293
17 31540 54294
17 31540 54295
17 31540 54296
17 31540 54297
17 31540 54298
17 31540 54299
17 31540 54300
17 31540 54301
17 31540 54302
17 31540 54303
17 31540 54304
17 31540 54305
17 31540 54306
17 31540 54307
17 31540 54308
17 31540 54309
17 31540 54310
17 31540 54311
17 31540 54312
17 31540 54313
17 31540 54314
17 31540 54315
17 31540 54316
17 31540 54317
17 31540 54318
17 31540 54319
17 31540 54320
17 31540 54321
17 31540 54322
17 31540 54323
17 31540 54324
17 31540 54325
17 31540 54326
17 31540 54327
17 31540 54328
17 31540 54329
17 31540 54330
17 31540 54331
17 31540 54332
17 31540 54333
17 31540 54334
17 31540 54335
17 31540 54336
17 31540 54337
17 31540 54338
17 31540 54339
17 31540 54340
17 31540 54341
17 31540 54342
17 31540 54343
17 31540 54344
17 31540 54345
17 31540 54346
17 31540 54347
17 31540 54348
17 31540 54349
17 31540 54350
17 31540 54351
17 31540 54352
17 31540 54353
17 31540 54354
17 31540 54355
17 31540 54356
17 31540 54357
17 31540 54358
17 31540 54359
17 31540 54360
17 31540 54361
17 31540 54362
17 31540 54363
17 31540 54364
17 31540 54365
17 31540 54366
17 31540 54367
17 31540 54368
17 31540 54369
17 31540 54370
17 31540 54371
17 31540 54372
17 31540 54373
17 31540 54374
17 31540 54375
17 31540 54376
17 31540 54377
17 31540 54378
17 31540 54379
17 31540 54380
17 31540 54381
17 31540 54382
17 31540 54383
17 31540 54384
17 31540 54385
17 31540 54386
17 31540 54387
17 31540 54388
17 31540 54389
17 31540 54390
17 31540 54391
17 31540 54392
17 31540 54393
17 31540 54394
17 31540 54395
17 31540 54396
17 31540 54397
17 31540 54398
17 31540 54399
17 31540 54400
17 31540 54401
17 31540 54402
17 31540 54403
17 31540 54404
17 31540 54405
17 31540 54406
17 31540 54407
17 31540 54408
17 31540 54409
17 31540 54410
17 31540 54411
17 31540 54412
17 31540 54413
17 31540 54414
17 31540 54415
18 63081 108292
3 1 3
4 3 6
4 3 6
5 7 13
5 7 13
6 15 26
6 15 26
7 30 52
7 30 52
7 30 53
7 30 53
7 31 52
7 31 52
7 31 53
7 31 53
9 120 210
9 120 210
