10 267 424
11 535 848
12 1070 1696
12 1070 1696
12 1071 1696
12 1071 1696
12 1072 1696
12 1072 1696
12 1073 1696
12 1073 1696
12 1074 1696
12 1074 1696
12 1075 1696
12 1075 1696
12 1076 1696
12 1076 1696
12 1077 1696
12 1077 1696
13 2140 3392
13 2140 3392
13 2141 3392
13 2141 3392
13 2142 3392
13 2142 3392
13 2143 3392
13 2143 3392
13 2144 3392
13 2144 3392
13 2145 3392
13 2145 3392
13 2146 3392
13 2146 3392
13 2147 3392
13 2147 3392
13 2148 3392
13 2148 3392
13 2149 3392
13 2149 3392
13 2150 3392
13 2150 3392
13 2151 3392
13 2151 3392
13 2152 3392
13 2152 3392
13 2153 3392
13 2153 3392
13 2154 3392
13 2154 3392
13 2155 3392
13 2155 3392
14 4280 6742
14 4280 6743
14 4280 6744
14 4280 6745
14 4280 6746
14 4280 6747
14 4280 6748
14 4280 6749
14 4280 6750
14 4280 6751
14 4280 6752
14 4280 6753
14 4280 6754
14 4280 6755
14 4280 6756
14 4280 6757
14 4280 6758
14 4280 6759
14 4280 6760
14 4280 6761
14 4280 6762
14 4280 6763
14 4280 6764
14 4280 6765
14 4280 6766
14 4280 6767
14 4280 6768
14 4280 6769
14 4280 6770
14 4280 6771
14 4280 6772
14 4280 6773
14 4280 6774
14 4280 6775
14 4280 6776
14 4280 6777
14 4280 6778
14 4280 6779
14 4280 6780
14 4280 6781
14 4280 6782
14 4280 6783
14 4280 6784
14 4311 6743
15 8560 13484
15 8560 13485
15 8560 13486
15 8560 13487
15 8560 13488
15 8560 13489
15 8560 13490
15 8560 13491
15 8560 13492
15 8560 13493
15 8560 13494
15 8560 13495
15 8560 13496
15 8560 13497
15 8560 13498
15 8560 13499
15 8560 13500
15 8560 13501
15 8560 13502
15 8560 13503
15 8560 13504
15 8560 13505
15 8560 13506
15 8560 13507
15 8560 13508
15 8560 13509
15 8560 13510
15 8560 13511
15 8560 13512
15 8560 13513
15 8560 13514
15 8560 13515
15 8560 13516
15 8560 13517
15 8560 13518
15 8560 13519
15 8560 13520
15 8560 13521
15 8560 13522
15 8560 13523
15 8560 13524
15 8560 13525
15 8560 13526
15 8560 13527
15 8560 13528
15 8560 13529
15 8560 13530
15 8560 13531
15 8560 13532
15 8560 13533
15 8560 13534
15 8560 13535
15 8560 13536
15 8560 13537
15 8560 13538
15 8560 13539
15 8560 13540
15 8560 13541
15 8560 13542
15 8560 13543
15 8560 13544
15 8560 13545
15 8560 13546
15 8560 13547
15 8560 13548
15 8560 13549
15 8560 13550
15 8560 13551
15 8560 13552
15 8560 13553
15 8560 13554
15 8560 13555
15 8560 13556
15 8560 13557
15 8560 13558
15 8560 13559
15 8560 13560
15 8560 13561
15 8560 13562
15 8560 13563
15 8560 13564
15 8560 13565
15 8560 13566
15 8560 13567
15 8560 13568
15 8560 13569
15 8562 13484
15 8594 13484
15 8597 13484
15 8612 13484
15 8619 13484
15 8622 13486
16 17120 26968
16 17120 26969
16 17120 26970
16 17120 26971
16 17120 26972
16 17120 26973
16 17120 26974
16 17120 26975
16 17120 26976
16 17120 26977
16 17120 26978
16 17120 26979
16 17120 26980
16 17120 26981
16 17120 26982
16 17120 26983
16 17120 26984
16 17120 26985
16 17120 26986
16 17120 26987
16 17120 26988
16 17120 26989
16 17120 26990
16 17120 26991
16 17120 26992
16 17120 26993
16 17120 26994
16 17120 26995
16 17120 26996
16 17120 26997
16 17120 26998
16 17120 26999
16 17120 27000
16 17120 27001
16 17120 27002
16 17120 27003
16 17120 27004
16 17120 27005
16 17120 27006
16 17120 27007
16 17120 27008
16 17120 27009
16 17120 27010
16 17120 27011
16 17120 27012
16 17120 27013
16 17120 27014
16 17120 27015
16 17120 27016
16 17120 27017
16 17120 27018
16 17120 27019
16 17120 27020
16 17120 27021
16 17120 27022
16 17120 27023
16 17120 27024
16 17120 27025
16 17120 27026
16 17120 27027
16 17120 27028
16 17120 27029
16 17120 27030
16 17120 27031
16 17120 27032
16 17120 27033
16 17120 27034
16 17120 27035
16 17120 27036
16 17120 27037
16 17120 27038
16 17120 27039
16 17120 27040
16 17120 27041
16 17120 27042
16 17120 27043
16 17120 27044
16 17120 27045
16 17120 27046
16 17120 27047
16 17120 27048
16 17120 27049
16 17120 27050
16 17120 27051
16 17120 27052
16 17120 27053
16 17120 27054
16 17120 27055
16 17120 27056
16 17120 27057
16 17120 27058
16 17120 27059
16 17120 27060
16 17120 27061
16 17120 27062
16 17120 27063
16 17120 27064
16 17120 27065
16 17120 27066
16 17120 27067
16 17120 27068
16 17120 27069
16 17120 27070
16 17120 27071
16 17120 27072
16 17120 27073
16 17120 27074
16 17120 27075
16 17120 27076
16 17120 27077
16 17120 27078
16 17120 27079
16 17120 27080
16 17120 27081
16 17120 27082
16 17120 27083
16 17120 27084
16 17120 27085
16 17120 27086
16 17120 27087
16 17120 27088
16 17120 27089
16 17120 27090
16 17120 27091
16 17120 27092
16 17120 27093
16 17120 27094
16 17120 27095
16 17120 27096
16 17120 27097
16 17120 27098
16 17120 27099
16 17120 27100
16 17120 27101
16 17120 27102
16 17120 27103
16 17120 27104
16 17120 27105
16 17120 27106
16 17120 27107
16 17120 27108
16 17120 27109
16 17120 27110
16 17120 27111
16 17120 27112
16 17120 27113
16 17120 27114
16 17120 27115
16 17120 27116
16 17120 27117
16 17120 27118
16 17120 27119
16 17120 27120
16 17120 27121
16 17120 27122
16 17120 27123
16 17120 27124
16 17120 27125
16 17120 27126
16 17120 27127
16 17120 27128
16 17120 27129
16 17120 27130
16 17120 27131
16 17120 27132
16 17120 27133
16 17120 27134
16 17120 27135
16 17120 27136
16 17120 27137
16 17120 27138
16 17125 26969
16 17131 26991
16 17139 26995
16 17139 26996
16 17140 26996
16 17144 26990
16 17144 26999
16 17145 26995
16 17147 26977
16 17148 26973
16 17148 26985
16 17150 26977
16 17150 27003
16 17154 26990
16 17155 26973
16 17155 26975
16 17156 26976
16 17156 27002
16 17156 27008
16 17157 27001
16 17158 26999
16 17159 27008
16 17160 27001
16 17160 27010
16 17161 26983
16 17161 26999
16 17162 26982
16 17162 26999
16 17162 27000
16 17162 27004
16 17162 27010
16 17164 26997
16 17164 27008
16 17165 26996
16 17166 27003
16 17167 26984
16 17168 26991
16 17169 26992
16 17169 27003
16 17169 27012
16 17170 27003
16 17171 27014
16 17173 26997
16 17173 26999
16 17173 27003
16 17174 26984
16 17174 27008
16 17175 26995
16 17175 27008
16 17175 27013
16 17176 26979
16 17176 27004
16 17176 27007
16 17176 27009
16 17176 27018
16 17177 26986
16 17177 26998
16 17178 27004
16 17178 27009
16 17178 27014
16 17179 26988
16 17180 26979
16 17180 27002
16 17180 27007
16 17181 26985
16 17181 27012
16 17182 26985
16 17182 27007
16 17183 27016
16 17184 26982
16 17184 27013
16 17185 26980
16 17186 26974
16 17186 26991
16 17187 26973
16 17187 26975
16 17187 27019
16 17188 26969
16 17188 26973
16 17188 27013
16 17189 26989
16 17190 26977
16 17190 27006
16 17190 27008
16 17191 26978
16 17191 27010
16 17191 27018
16 17192 26988
16 17192 27016
16 17194 26969
16 17195 26983
16 17195 26984
16 17195 27012
16 17198 27022
16 17199 26971
16 17199 27012
16 17199 27018
16 17199 27041
16 17200 26973
16 17200 27010
16 17201 26979
16 17202 27030
16 17203 26986
16 17204 26975
16 17204 26987
16 17204 27008
16 17204 27019
16 17204 27022
16 17205 27033
16 17206 26987
16 17206 27015
16 17206 27031
16 17207 26974
16 17207 27033
16 17208 27034
16 17209 27034
16 17210 26985
16 17210 27031
16 17210 27045
16 17211 27032
16 17211 27058
16 17215 26986
16 17216 27029
16 17217 27018
16 17218 26984
16 17218 27028
16 17218 27030
16 17219 26984
16 17219 27040
16 17220 27027
16 17220 27030
16 17221 27086
16 17223 27054
16 17225 26969
16 17225 27043
16 17226 27044
16 17227 26985
16 17227 27040
16 17229 27107
16 17229 27112
16 17230 26990
16 17230 27002
16 17230 27012
16 17234 27068
16 17234 27096
16 17235 27011
16 17237 27032
16 17237 27073
16 17237 27096
16 17238 26969
16 17238 27058
16 17239 27049
16 17239 27081
16 17239 27105
16 17240 26972
16 17240 27081
16 17241 26972
16 17241 26973
16 17241 27035
16 17241 27044
16 17241 27089
16 17242 27005
16 17242 27082
16 17243 26995
16 17243 27026
16 17243 27068
16 17244 26972
17 34241 53936
17 34241 53937
17 34241 53938
17 34241 53939
17 34241 53940
17 34241 53941
17 34241 53942
17 34241 53943
17 34241 53944
17 34241 53945
17 34241 53946
17 34241 53947
17 34241 53948
17 34241 53949
17 34241 53950
17 34241 53951
17 34241 53952
17 34241 53953
17 34241 53954
17 34241 53955
17 34241 53956
17 34241 53957
17 34241 53958
17 34241 53959
17 34241 53960
17 34241 53961
17 34241 53962
17 34241 53963
17 34241 53964
17 34241 53965
17 34241 53966
17 34241 53967
17 34241 53968
17 34241 53969
17 34241 53970
17 34241 53971
17 34241 53972
17 34241 53973
17 34241 53974
17 34241 53975
17 34241 53976
17 34241 53977
17 34241 53978
17 34241 53979
17 34241 53980
17 34241 53981
17 34241 53982
17 34241 53983
17 34241 53984
17 34241 53985
17 34241 53986
17 34241 53987
17 34241 53988
17 34241 53989
17 34241 53990
17 34241 53991
17 34241 53992
17 34241 53993
17 34241 53994
17 34241 53995
17 34241 53996
17 34241 53997
17 34241 53998
17 34241 53999
17 34241 54000
17 34241 54001
17 34241 54002
17 34241 54003
17 34241 54004
17 34241 54005
17 34241 54006
17 34241 54007
17 34241 54008
17 34241 54009
17 34241 54010
17 34241 54011
17 34241 54012
17 34241 54013
17 34241 54014
17 34241 54015
17 34241 54016
17 34241 54017
17 34241 54018
17 34241 54019
17 34241 54020
17 34241 54021
17 34241 54022
17 34241 54023
17 34241 54024
17 34241 54025
17 34241 54026
17 34241 54027
17 34241 54028
17 34241 54029
17 34241 54030
17 34241 54031
17 34241 54032
17 34241 54033
17 34241 54034
17 34241 54035
17 34241 54036
17 34241 54037
17 34241 54038
17 34241 54039
17 34241 54040
17 34241 54041
17 34241 54042
17 34241 54043
17 34241 54044
17 34241 54045
17 34241 54046
17 34241 54047
17 34241 54048
17 34241 54049
17 34241 54050
17 34241 54051
17 34241 54052
17 34241 54053
17 34241 54054
17 34241 54055
17 34241 54056
17 34241 54057
17 34241 54058
17 34241 54059
17 34241 54060
17 34241 54061
17 34241 54062
17 34241 54063
17 34241 54064
17 34241 54065
17 34241 54066
17 34241 54067
17 34241 54068
17 34241 54069
17 34241 54070
17 34241 54071
17 34241 54072
17 34241 54073
17 34241 54074
17 34241 54075
17 34241 54076
17 34241 54077
17 34241 54078
17 34241 54079
17 34241 54080
17 34241 54081
17 34241 54082
17 34241 54083
17 34241 54084
17 34241 54085
17 34241 54086
17 34241 54087
17 34241 54088
17 34241 54089
17 34241 54090
17 34241 54091
17 34241 54092
17 34241 54093
17 34241 54094
17 34241 54095
17 34241 54096
17 34241 54097
17 34241 54098
17 34241 54099
17 34241 54100
17 34241 54101
17 34241 54102
17 34241 54103
17 34241 54104
17 34241 54105
17 34241 54106
17 34241 54107
17 34241 54108
17 34241 54109
17 34241 54110
17 34241 54111
17 34241 54112
17 34241 54113
17 34241 54114
17 34241 54115
17 34241 54116
17 34241 54117
17 34241 54118
17 34241 54119
17 34241 54120
17 34241 54121
17 34241 54122
17 34241 54123
17 34241 54124
17 34241 54125
17 34241 54126
17 34241 54127
17 34241 54128
17 34241 54129
17 34241 54130
17 34241 54131
17 34241 54132
17 34241 54133
17 34241 54134
17 34241 54135
17 34241 54136
17 34241 54137
17 34241 54138
17 34241 54139
17 34241 54140
17 34241 54141
17 34241 54142
17 34241 54143
17 34241 54144
17 34241 54145
17 34241 54146
17 34241 54147
17 34241 54148
17 34241 54149
17 34241 54150
17 34241 54151
17 34241 54152
17 34241 54153
17 34241 54154
17 34241 54155
17 34241 54156
17 34241 54157
17 34241 54158
17 34241 54159
17 34241 54160
17 34241 54161
17 34241 54162
17 34241 54163
17 34241 54164
17 34241 54165
17 34241 54166
17 34241 54167
17 34241 54168
17 34241 54169
17 34241 54170
17 34241 54171
17 34241 54172
17 34241 54173
17 34241 54174
17 34241 54175
17 34241 54176
17 34241 54177
17 34241 54178
17 34241 54179
17 34241 54180
17 34241 54181
17 34241 54182
17 34241 54183
17 34241 54184
17 34241 54185
17 34241 54186
17 34241 54187
17 34241 54188
17 34241 54189
17 34241 54190
17 34241 54191
17 34241 54192
17 34241 54193
17 34241 54194
17 34241 54195
17 34241 54196
17 34241 54197
17 34241 54198
17 34241 54199
17 34241 54200
17 34241 54201
17 34241 54202
17 34241 54203
17 34241 54204
17 34241 54205
17 34241 54206
17 34241 54207
17 34241 54208
17 34241 54209
17 34241 54210
17 34241 54211
17 34241 54212
17 34241 54213
17 34241 54214
17 34241 54215
17 34241 54216
17 34241 54217
17 34241 54218
17 34241 54219
17 34241 54220
17 34241 54221
17 34241 54222
17 34241 54223
17 34241 54224
17 34241 54225
17 34241 54226
17 34241 54227
17 34241 54228
17 34241 54229
17 34241 54230
17 34241 54231
17 34241 54232
17 34241 54233
17 34241 54234
17 34241 54235
17 34241 54236
17 34241 54237
17 34241 54238
17 34241 54239
17 34241 54240
17 34241 54241
17 34241 54242
17 34241 54243
17 34241 54244
17 34241 54245
17 34241 54246
17 34241 54247
17 34241 54248
17 34241 54249
17 34241 54250
17 34241 54251
17 34241 54252
17 34241 54253
17 34241 54254
17 34241 54255
17 34241 54256
17 34241 54257
17 34241 54258
17 34241 54259
17 34241 54260
17 34241 54261
17 34241 54262
17 34241 54263
17 34241 54264
17 34241 54265
17 34241 54266
17 34241 54267
17 34241 54268
17 34241 54269
17 34241 54270
17 34241 54271
17 34241 54272
17 34241 54273
17 34241 54274
17 34241 54275
17 34241 54276
18 68482 107872
3 2 3
4 4 6
4 4 6
5 8 13
5 8 13
6 16 26
6 16 26
7 33 52
7 33 52
7 33 53
7 33 53
8 66 106
8 66 106
8 67 106
8 67 106
9 133 212
9 133 212
9 134 212
9 134 212
