13 2228 3455
13 2228 3455
13 2231 3455
13 2231 3455
13 2231 3456
13 2231 3456
13 2231 3457
13 2231 3457
13 2231 3458
13 2231 3458
13 2231 3459
13 2231 3459
14 4456 6910
15 8912 13820
16 17825 27640
17 35651 55281
18 71303 110563
3 2 3
4 4 6
4 4 6
5 8 13
5 8 13
6 17 26
6 17 26
6 17 27
6 17 27
7 34 53
7 34 53
7 34 54
7 34 54
8 69 107
8 69 107
8 69 108
8 69 108
14 4456 6911
14 4456 6912
14 4456 6913
14 4462 6914
14 4462 6915
14 4462 6916
14 4462 6917
14 4462 6918
14 4456 6919
15 8912 13821
15 8912 13822
15 8912 13823
15 8912 13824
15 8912 13825
15 8912 13826
15 8912 13827
15 8912 13828
15 8912 13829
15 8912 13830
15 8912 13831
15 8912 13832
15 8912 13833
15 8912 13834
15 8912 13835
15 8912 13836
15 8912 13837
15 8912 13838
