12 1160 1639
12 1160 1639
12 1161 1639
12 1161 1639
12 1162 1639
12 1162 1639
12 1163 1639
12 1163 1639
12 1164 1639
12 1164 1639
12 1165 1639
12 1165 1639
12 1166 1639
12 1166 1639
12 1167 1639
12 1167 1639
12 1168 1639
12 1168 1639
13 2320 3256
13 2320 3256
13 2320 3257
13 2320 3257
13 2320 3258
13 2320 3258
13 2320 3259
13 2320 3259
13 2320 3260
13 2320 3260
13 2320 3261
13 2320 3261
13 2320 3262
13 2320 3262
13 2320 3263
13 2320 3263
13 2320 3264
13 2320 3264
13 2320 3265
13 2320 3265
13 2320 3266
13 2320 3266
13 2320 3267
13 2320 3267
13 2320 3268
13 2320 3268
13 2320 3269
13 2320 3269
13 2320 3270
13 2320 3270
13 2320 3271
13 2320 3271
13 2320 3272
13 2320 3272
13 2320 3273
13 2320 3273
13 2320 3274
13 2320 3274
13 2320 3275
13 2320 3275
13 2320 3276
13 2320 3276
13 2320 3277
13 2320 3277
13 2320 3278
13 2320 3278
13 2321 3278
13 2321 3278
13 2322 3278
13 2322 3278
13 2323 3278
13 2323 3278
13 2324 3278
13 2324 3278
13 2325 3278
13 2325 3278
13 2326 3278
13 2326 3278
13 2327 3278
13 2327 3278
13 2328 3278
13 2328 3278
13 2329 3278
13 2329 3278
13 2330 3278
13 2330 3278
13 2331 3278
13 2331 3278
13 2332 3278
13 2332 3278
13 2333 3278
13 2333 3278
13 2334 3278
13 2334 3278
13 2335 3278
13 2335 3278
13 2336 3278
13 2336 3278
13 2337 3278
13 2337 3278
14 4641 6512
14 4641 6513
14 4641 6514
14 4641 6515
14 4641 6516
14 4641 6517
14 4641 6518
14 4641 6519
14 4641 6520
14 4641 6521
14 4641 6522
14 4641 6523
14 4641 6524
14 4641 6525
14 4641 6526
14 4641 6527
14 4641 6528
14 4641 6529
14 4641 6530
14 4641 6531
14 4641 6532
14 4641 6533
14 4641 6534
14 4641 6535
14 4641 6536
14 4641 6537
14 4641 6538
14 4641 6539
14 4641 6540
14 4641 6541
14 4641 6542
14 4641 6543
14 4641 6544
14 4641 6545
14 4641 6546
14 4641 6547
14 4641 6548
14 4641 6549
14 4641 6550
14 4641 6551
14 4641 6552
14 4641 6553
14 4641 6554
14 4641 6555
14 4641 6556
15 9282 13024
15 9282 13025
15 9282 13026
15 9282 13027
15 9282 13028
15 9282 13029
15 9282 13030
15 9282 13031
15 9282 13032
15 9282 13033
15 9282 13034
15 9282 13035
15 9282 13036
15 9282 13037
15 9282 13038
15 9282 13039
15 9282 13040
15 9282 13041
15 9282 13042
15 9282 13043
15 9282 13044
15 9282 13045
15 9282 13046
15 9282 13047
15 9282 13048
15 9282 13049
15 9282 13050
15 9282 13051
15 9282 13052
15 9282 13053
15 9282 13054
15 9282 13055
15 9282 13056
15 9282 13057
15 9282 13058
15 9282 13059
15 9282 13060
15 9282 13061
15 9282 13062
15 9282 13063
15 9282 13064
15 9282 13065
15 9282 13066
15 9282 13067
15 9282 13068
15 9282 13069
15 9282 13070
15 9282 13071
15 9282 13072
15 9282 13073
15 9282 13074
15 9282 13075
15 9282 13076
15 9282 13077
15 9282 13078
15 9282 13079
15 9282 13080
15 9282 13081
15 9282 13082
15 9282 13083
15 9282 13084
15 9282 13085
15 9282 13086
15 9282 13087
15 9282 13088
15 9282 13089
15 9282 13090
15 9282 13091
15 9282 13092
15 9282 13093
15 9282 13094
15 9282 13095
15 9282 13096
15 9282 13097
15 9282 13098
15 9282 13099
15 9282 13100
15 9282 13101
15 9282 13102
15 9282 13103
15 9282 13104
15 9282 13105
15 9282 13106
15 9282 13107
15 9282 13108
15 9282 13109
15 9282 13110
15 9282 13111
15 9282 13112
15 9345 13028
16 18564 26049
16 18691 26057
17 37129 52099
18 74258 104198
3 2 3
4 4 6
4 4 6
5 9 12
5 9 12
6 18 25
6 18 25
