10 260 421
11 521 842
12 1043 1684
12 1043 1684
12 1043 1685
12 1043 1685
12 1043 1686
12 1043 1686
12 1043 1687
12 1043 1687
12 1044 1684
12 1044 1684
12 1045 1684
12 1045 1684
12 1046 1684
12 1046 1684
12 1047 1684
12 1047 1684
12 1048 1684
12 1048 1684
12 1049 1684
12 1049 1684
12 1049 1685
12 1049 1685
12 1049 1686
12 1049 1686
12 1049 1687
12 1049 1687
13 2086 3369
13 2086 3369
13 2086 3370
13 2086 3370
13 2086 3371
13 2086 3371
13 2086 3372
13 2086 3372
13 2086 3373
13 2086 3373
13 2086 3374
13 2086 3374
13 2087 3369
13 2087 3369
13 2087 3370
13 2087 3370
13 2087 3371
13 2087 3371
13 2087 3372
13 2087 3372
13 2087 3373
13 2087 3373
13 2087 3374
13 2087 3374
13 2088 3369
13 2088 3369
13 2089 3369
13 2089 3369
13 2090 3369
13 2090 3369
13 2091 3369
13 2091 3369
13 2092 3369
13 2092 3369
13 2093 3369
13 2093 3369
13 2094 3369
13 2094 3369
13 2095 3369
13 2095 3369
13 2096 3369
13 2096 3369
13 2097 3369
13 2097 3369
13 2098 3369
13 2098 3369
13 2098 3370
13 2098 3370
13 2098 3371
13 2098 3371
13 2098 3372
13 2098 3372
13 2098 3373
13 2098 3373
13 2098 3374
13 2098 3374
13 2099 3369
13 2099 3369
13 2099 3370
13 2099 3370
13 2099 3371
13 2099 3371
13 2099 3372
13 2099 3372
13 2099 3373
13 2099 3373
13 2099 3374
13 2099 3374
14 4172 6738
14 4172 6739
14 4172 6740
14 4173 6739
14 4173 6740
14 4174 6739
14 4174 6742
14 4175 6739
14 4175 6741
14 4176 6739
14 4176 6740
14 4176 6742
14 4177 6739
14 4177 6740
14 4178 6740
14 4179 6738
14 4179 6739
14 4180 6738
14 4180 6740
14 4181 6738
14 4181 6739
14 4181 6740
14 4182 6738
14 4182 6739
14 4185 6739
14 4193 6739
14 4194 6738
14 4194 6739
14 4194 6740
14 4195 6739
14 4195 6746
14 4195 6747
14 4196 6738
14 4196 6739
14 4196 6740
14 4196 6741
14 4196 6742
14 4196 6746
14 4197 6741
14 4197 6743
14 4197 6745
14 4197 6746
14 4198 6744
14 4198 6746
15 8345 13479
15 8345 13480
15 8347 13478
15 8347 13480
15 8348 13478
15 8349 13484
15 8350 13478
15 8350 13483
15 8351 13482
15 8352 13478
15 8352 13479
15 8353 13480
15 8353 13485
15 8354 13478
15 8354 13480
15 8354 13481
15 8356 13480
15 8356 13481
15 8359 13477
15 8359 13478
15 8360 13477
15 8361 13480
15 8362 13477
15 8362 13478
15 8362 13479
15 8362 13481
15 8364 13477
15 8364 13479
15 8370 13478
15 8387 13478
15 8388 13477
15 8388 13478
15 8388 13479
15 8388 13480
15 8390 13478
15 8390 13492
15 8390 13494
15 8391 13494
15 8392 13477
15 8392 13478
15 8392 13481
15 8392 13483
15 8392 13484
15 8392 13492
15 8393 13477
15 8393 13484
15 8393 13493
15 8394 13486
15 8395 13483
15 8395 13491
15 8395 13492
15 8396 13488
15 8396 13493
16 16690 26958
16 16690 26960
16 16694 26956
16 16694 26960
16 16696 26957
16 16699 26968
16 16701 26956
16 16701 26966
16 16702 26964
16 16704 26957
16 16704 26959
16 16707 26960
16 16707 26971
16 16708 26957
16 16708 26961
16 16709 26962
16 16712 26961
16 16712 26963
16 16713 26961
16 16718 26955
16 16719 26956
16 16720 26955
16 16722 26961
16 16724 26955
16 16724 26957
16 16724 26963
16 16725 26958
16 16728 26955
16 16728 26958
16 16741 26957
16 16775 26956
16 16776 26955
16 16776 26956
16 16777 26958
16 16777 26959
16 16777 26960
16 16780 26985
16 16780 26988
16 16781 26956
16 16781 26989
16 16783 26988
16 16783 26989
16 16784 26956
16 16784 26962
16 16784 26969
16 16784 26985
16 16785 26955
16 16785 26966
16 16786 26969
16 16786 26987
16 16787 26955
16 16789 26972
16 16790 26985
16 16791 26966
16 16791 26982
16 16792 26987
16 16793 26977
3 2 3
4 4 6
4 4 6
5 8 13
5 8 13
6 16 26
6 16 26
7 32 52
7 32 52
8 65 105
8 65 105
15 8345 13477
