13 2271 3480
13 2271 3480
13 2272 3480
13 2272 3480
13 2273 3480
13 2273 3480
14 4543 6961
14 4544 6961
14 4545 6961
14 4546 6963
15 9086 13922
15 9086 13923
15 9086 13924
15 9086 13925
15 9086 13926
15 9088 13923
15 9091 13923
15 9091 13926
16 18173 27845
16 18173 27846
16 18173 27847
16 18173 27848
16 18173 27849
16 18173 27850
16 18173 27851
16 18173 27852
16 18173 27853
16 18177 27846
16 18181 27852
16 18182 27852
16 18183 27846
16 18183 27852
17 36347 55690
17 36347 55691
17 36347 55692
17 36347 55693
17 36347 55694
17 36347 55695
17 36347 55696
17 36347 55697
17 36347 55698
17 36347 55699
17 36347 55700
17 36347 55701
17 36347 55702
17 36347 55703
17 36347 55704
17 36347 55705
17 36347 55706
17 36347 55707
17 36348 55703
17 36354 55693
17 36356 55698
17 36356 55705
17 36358 55704
17 36361 55702
17 36363 55704
17 36364 55705
17 36367 55693
17 36367 55698
17 36367 55705
18 72694 111381
18 72694 111382
18 72694 111383
18 72694 111384
18 72694 111385
18 72694 111386
18 72694 111387
18 72694 111388
18 72694 111389
18 72694 111390
18 72694 111391
18 72694 111392
18 72694 111393
18 72694 111394
18 72694 111395
18 72694 111396
18 72694 111397
18 72694 111398
18 72694 111399
18 72694 111400
18 72694 111401
18 72694 111402
18 72694 111403
18 72694 111404
18 72694 111405
18 72694 111406
18 72694 111407
18 72694 111408
18 72694 111409
18 72694 111410
18 72694 111411
18 72694 111412
18 72694 111413
18 72694 111414
18 72694 111415
18 72712 111396
18 72712 111411
18 72716 111409
18 72727 111409
18 72729 111411
18 72734 111387
18 72734 111410
18 72735 111396
3 2 3
4 4 6
4 4 6
5 8 13
5 8 13
6 17 27
6 17 27
7 35 54
7 35 54
8 70 108
8 70 108
8 71 108
8 71 108
14 4546 6963
15 9086 13923
15 9086 13924
15 9086 13925
15 9086 13926
