12 1202 1554
12 1202 1554
12 1202 1557
12 1202 1557
12 1205 1554
12 1205 1554
12 1205 1556
12 1205 1556
12 1205 1557
12 1205 1557
13 2404 3108
13 2404 3108
13 2404 3109
13 2404 3109
13 2404 3110
13 2404 3110
13 2404 3111
13 2404 3111
13 2404 3113
13 2404 3113
13 2404 3114
13 2404 3114
13 2405 3108
13 2405 3108
13 2405 3109
13 2405 3109
13 2405 3114
13 2405 3114
13 2408 3108
13 2408 3108
13 2409 3108
13 2409 3108
13 2409 3109
13 2409 3109
13 2409 3113
13 2409 3113
13 2409 3114
13 2409 3114
13 2410 3108
13 2410 3108
13 2410 3109
13 2410 3109
13 2410 3112
13 2410 3112
13 2410 3113
13 2410 3113
13 2410 3114
13 2410 3114
14 4809 6217
14 4809 6218
14 4809 6219
14 4809 6220
14 4809 6221
14 4809 6222
14 4809 6226
14 4809 6227
14 4809 6228
14 4809 6229
14 4819 6225
14 4820 6223
14 4820 6224
15 9618 12434
15 9618 12435
15 9618 12436
15 9618 12437
15 9618 12438
15 9618 12439
15 9618 12440
15 9618 12441
15 9618 12442
15 9618 12443
15 9618 12444
15 9618 12445
15 9618 12446
15 9618 12447
15 9618 12448
15 9618 12451
15 9618 12452
15 9618 12453
15 9618 12454
15 9618 12455
15 9618 12456
15 9618 12457
15 9618 12458
15 9638 12449
15 9638 12450
16 19236 24869
16 19236 24870
16 19236 24871
16 19236 24872
16 19236 24873
16 19236 24874
16 19236 24875
16 19236 24876
16 19236 24877
16 19236 24878
16 19236 24879
16 19236 24880
16 19236 24881
16 19236 24882
16 19236 24883
16 19236 24884
16 19236 24885
16 19236 24886
16 19236 24887
16 19236 24888
16 19236 24889
16 19236 24890
16 19236 24891
16 19236 24892
16 19236 24893
16 19236 24894
16 19236 24895
16 19236 24896
16 19236 24897
16 19236 24898
16 19236 24899
16 19236 24900
16 19236 24901
16 19236 24902
16 19236 24903
16 19236 24904
16 19236 24905
16 19236 24906
16 19236 24907
16 19236 24908
16 19236 24909
16 19236 24910
16 19236 24911
16 19236 24912
16 19236 24913
16 19236 24914
16 19236 24915
16 19236 24916
16 19236 24917
17 38472 49739
17 38472 49740
17 38472 49741
17 38472 49742
17 38472 49743
17 38472 49744
17 38472 49745
17 38472 49746
17 38472 49747
17 38472 49748
17 38472 49749
17 38472 49750
17 38472 49751
17 38472 49752
17 38472 49753
17 38472 49754
17 38472 49755
17 38472 49756
17 38472 49757
17 38472 49758
17 38472 49759
17 38472 49760
17 38472 49761
17 38472 49762
17 38472 49763
17 38472 49764
17 38472 49765
17 38472 49766
17 38472 49767
17 38472 49768
17 38472 49769
17 38472 49770
17 38472 49771
17 38472 49772
17 38472 49773
17 38472 49774
17 38472 49775
17 38472 49776
17 38472 49777
17 38472 49778
17 38472 49779
17 38472 49780
17 38472 49781
17 38472 49782
17 38472 49783
17 38472 49784
17 38472 49785
17 38472 49786
17 38472 49787
17 38472 49788
17 38472 49789
17 38472 49790
17 38472 49791
17 38472 49792
17 38472 49793
17 38472 49794
17 38472 49795
17 38472 49796
17 38472 49797
17 38472 49798
17 38472 49799
17 38472 49800
17 38472 49801
17 38472 49802
17 38472 49803
17 38472 49804
17 38472 49805
17 38472 49806
17 38472 49807
17 38472 49808
17 38472 49809
17 38472 49810
17 38472 49811
17 38472 49812
17 38472 49813
17 38472 49814
17 38472 49815
17 38472 49816
17 38472 49817
17 38472 49818
17 38472 49819
17 38472 49820
17 38472 49821
17 38472 49822
17 38472 49823
17 38472 49824
17 38472 49825
17 38472 49826
17 38472 49827
17 38472 49828
17 38472 49829
17 38472 49830
17 38472 49831
17 38472 49832
17 38472 49833
17 38472 49834
17 38472 49835
18 76944 99479
3 2 3
4 4 6
4 4 6
5 9 12
5 9 12
6 18 24
6 18 24
7 37 48
7 37 48
