12 1177 1600
12 1177 1601
12 1177 1602
12 1177 1603
12 1177 1604
12 1177 1605
12 1177 1606
12 1177 1607
12 1178 1602
12 1178 1603
12 1178 1604
12 1178 1605
12 1178 1606
12 1178 1607
12 1179 1604
12 1179 1605
12 1179 1606
12 1179 1607
12 1180 1600
12 1180 1606
12 1180 1607
12 1181 1600
12 1181 1601
12 1181 1607
12 1182 1600
12 1182 1601
12 1182 1602
12 1183 1600
12 1183 1601
12 1183 1602
12 1183 1603
12 1184 1600
12 1184 1601
12 1184 1602
12 1184 1603
12 1184 1604
12 1184 1607
13 2355 3201
4 4 6
5 9 12
6 18 25
7 36 50
7 37 50
