12 1121 1742
12 1121 1742
12 1122 1742
12 1122 1742
13 2242 3485
13 2242 3485
13 2243 3485
13 2243 3485
13 2244 3485
13 2244 3485
14 4485 6971
14 4485 6972
15 8970 13943
15 8970 13944
15 8970 13945
15 8970 13946
15 8971 13945
16 17940 27887
16 17940 27888
16 17940 27889
16 17940 27890
16 17940 27891
16 17940 27892
16 17940 27893
16 17940 27894
16 17940 27895
16 17940 27896
16 17940 27897
16 17940 27898
16 17940 27899
16 17942 27890
17 35881 55775
18 71763 111551
3 2 3
4 4 6
4 4 6
5 8 13
5 8 13
6 17 27
6 17 27
7 35 54
7 35 54
8 70 108
8 70 108
