12 1181 1572
12 1181 1572
12 1182 1572
12 1182 1572
12 1183 1572
12 1183 1572
12 1183 1573
12 1183 1573
12 1184 1572
12 1184 1572
13 2362 3145
13 2362 3145
13 2362 3146
13 2362 3146
13 2362 3147
13 2362 3147
13 2363 3145
13 2363 3145
13 2363 3146
13 2363 3146
13 2364 3145
13 2364 3145
13 2364 3146
13 2364 3146
13 2365 3145
13 2365 3145
13 2365 3146
13 2365 3146
13 2366 3145
13 2366 3145
13 2366 3146
13 2366 3146
13 2366 3147
13 2366 3147
13 2367 3145
13 2367 3145
13 2367 3146
13 2367 3146
13 2367 3147
13 2367 3147
13 2368 3145
13 2368 3145
13 2368 3146
13 2368 3146
13 2368 3147
13 2368 3147
13 2369 3145
13 2369 3145
14 4723 6291
14 4723 6292
14 4723 6293
14 4723 6294
14 4723 6295
14 4734 6296
14 4746 6309
14 4746 6310
14 4746 6311
15 9440 12582
15 9440 12583
15 9440 12584
15 9440 12585
15 9440 12586
15 9440 12587
15 9440 12588
15 9440 12589
15 9440 12590
15 9440 12591
15 9440 12592
15 9440 12593
15 9440 12594
15 9440 12595
15 9440 12596
15 9440 12597
15 9440 12598
15 9440 12599
15 9440 12600
15 9440 12601
15 9440 12602
15 9440 12603
15 9440 12604
15 9440 12605
15 9440 12606
15 9440 12607
15 9440 12608
15 9440 12609
15 9440 12610
15 9440 12611
15 9440 12612
15 9440 12613
15 9440 12614
15 9440 12615
15 9440 12616
15 9440 12617
15 9440 12618
15 9440 12619
16 18880 25164
16 18880 25165
16 18880 25166
16 18880 25167
16 18880 25168
16 18880 25169
16 18880 25170
16 18880 25171
16 18880 25172
16 18880 25173
16 18880 25174
16 18880 25175
16 18880 25176
16 18880 25177
16 18880 25178
16 18880 25179
16 18880 25180
16 18880 25181
16 18880 25182
16 18880 25183
16 18880 25184
16 18880 25185
16 18880 25186
16 18880 25187
16 18880 25188
16 18880 25189
16 18880 25190
16 18880 25191
16 18880 25192
16 18880 25193
16 18880 25194
16 18880 25195
16 18880 25196
16 18880 25197
16 18880 25198
16 18880 25199
16 18880 25200
16 18880 25201
16 18880 25202
16 18880 25203
16 18880 25204
16 18880 25205
16 18880 25206
16 18880 25207
16 18880 25208
16 18880 25209
16 18880 25210
16 18880 25211
16 18880 25212
16 18880 25213
16 18880 25214
16 18880 25215
16 18880 25216
16 18880 25217
16 18880 25218
16 18880 25219
16 18880 25220
16 18880 25221
16 18880 25222
16 18880 25223
16 18880 25224
16 18880 25225
16 18880 25226
16 18880 25227
16 18880 25228
16 18880 25229
16 18880 25230
16 18880 25231
16 18880 25232
16 18880 25233
16 18880 25234
16 18880 25235
16 18880 25236
16 18880 25237
16 18880 25238
16 18880 25239
16 18886 25203
16 18888 25176
16 18917 25198
17 37761 50329
18 75523 100659
3 2 3
4 4 6
4 4 6
5 9 12
5 9 12
6 18 24
6 18 24
7 36 49
7 36 49
7 37 49
7 37 49
