12 965 1699
12 965 1699
13 1928 3401
13 1928 3401
13 1929 3401
13 1929 3401
13 1930 3399
13 1930 3399
14 3856 6798
14 3856 6799
14 3856 6800
14 3856 6801
14 3856 6802
15 7713 13596
15 7713 13597
15 7713 13598
15 7713 13599
15 7713 13600
15 7713 13601
15 7713 13602
15 7713 13603
15 7713 13604
15 7713 13605
16 15427 27193
16 15427 27194
16 15427 27195
16 15427 27196
16 15427 27197
16 15427 27198
16 15427 27199
16 15427 27200
16 15427 27201
16 15427 27202
16 15427 27203
16 15427 27204
16 15427 27205
16 15427 27206
16 15427 27207
16 15427 27208
16 15427 27209
16 15427 27210
16 15427 27211
17 30855 54387
18 61710 108775
3 1 3
4 3 6
4 3 6
5 7 13
5 7 13
6 15 26
6 15 26
7 30 53
7 30 53
8 60 106
8 60 106
