11 326 713
11 327 713
11 328 713
12 654 1428
12 655 1428
12 656 1428
12 657 1429
12 657 1430
12 657 1431
12 657 1432
12 657 1433
12 657 1434
12 657 1435
12 657 1436
12 658 1429
12 658 1430
12 658 1431
12 658 1432
12 658 1433
12 658 1434
12 658 1435
12 658 1436
12 659 1433
12 659 1434
12 659 1435
12 659 1436
12 660 1433
12 660 1434
12 660 1435
12 660 1436
12 661 1433
12 661 1434
12 661 1435
12 661 1436
13 1310 2858
13 1311 2858
13 1312 2858
14 2626 5727
14 2626 5728
14 2627 5725
14 2627 5726
14 2627 5727
14 2627 5728
14 2628 5722
14 2628 5723
14 2628 5724
14 2628 5725
14 2628 5726
14 2628 5727
14 2628 5728
14 2629 5722
14 2629 5723
14 2629 5724
14 2629 5725
14 2629 5726
14 2629 5727
14 2630 5722
14 2630 5723
14 2630 5724
14 2630 5725
14 2630 5726
14 2630 5727
16 10481 22886
16 10481 22887
16 10481 22888
16 10481 22889
16 10481 22890
16 10481 22891
16 10481 22892
16 10481 22893
16 10482 22879
16 10482 22880
16 10482 22881
16 10482 22882
16 10482 22883
16 10482 22884
16 10482 22885
16 10482 22886
16 10482 22887
16 10482 22888
16 10482 22889
16 10482 22890
16 10482 22891
16 10482 22892
16 10482 22893
16 10483 22876
16 10483 22877
16 10483 22878
16 10483 22879
16 10483 22880
16 10483 22881
16 10483 22882
16 10483 22883
16 10483 22884
16 10483 22885
16 10483 22886
16 10483 22887
16 10483 22888
16 10483 22889
16 10483 22890
16 10483 22891
16 10483 22892
16 10483 22893
16 10484 22876
16 10484 22877
16 10484 22878
16 10484 22879
16 10484 22880
16 10484 22881
16 10484 22882
16 10484 22883
16 10484 22884
16 10484 22892
16 10485 22892
16 10486 22896
16 10486 22897
16 10486 22898
16 10486 22899
16 10486 22900
16 10486 22901
16 10487 22896
16 10487 22897
16 10487 22898
16 10487 22899
16 10487 22900
16 10487 22901
16 10487 22902
16 10487 22903
16 10487 22904
16 10487 22905
16 10487 22906
16 10487 22907
16 10488 22898
16 10488 22899
16 10488 22900
16 10488 22901
16 10488 22902
16 10488 22903
16 10488 22904
16 10488 22905
16 10488 22906
16 10488 22907
16 10489 22903
16 10489 22904
16 10489 22905
16 10489 22906
16 10489 22907
16 10489 22908
16 10490 22905
16 10490 22906
16 10490 22907
16 10490 22908
16 10491 22905
16 10491 22906
16 10491 22907
16 10491 22908
16 10492 22905
16 10492 22906
16 10492 22907
16 10494 22877
16 10494 22878
16 10494 22885
16 10494 22886
16 10494 22887
16 10495 22877
16 10495 22878
16 10495 22879
16 10495 22880
16 10495 22881
16 10495 22882
16 10495 22883
16 10495 22884
16 10495 22885
16 10495 22886
16 10495 22887
16 10495 22888
16 10495 22889
16 10496 22877
16 10496 22878
16 10496 22879
16 10496 22880
16 10496 22881
16 10496 22882
16 10496 22883
16 10496 22884
16 10496 22885
16 10496 22886
16 10496 22887
16 10496 22888
16 10496 22889
17 20963 45783
17 20963 45784
17 20963 45785
17 20964 45783
17 20964 45784
17 20964 45785
17 20965 45783
17 20965 45784
17 20965 45785
17 20969 45784
17 20969 45785
17 20970 45784
17 20970 45785
17 20970 45786
17 20971 45784
17 20971 45785
17 20971 45786
17 20971 45787
17 20971 45788
17 20971 45789
17 20971 45790
17 20971 45791
17 20972 45784
17 20972 45785
17 20972 45786
17 20972 45787
17 20972 45788
17 20972 45789
17 20972 45790
17 20972 45791
17 20972 45792
17 20972 45793
17 20973 45785
17 20973 45786
17 20973 45787
17 20973 45788
17 20973 45789
17 20973 45790
17 20973 45791
17 20973 45792
17 20973 45793
