10 292 393
11 584 783
12 1168 1566
12 1168 1566
12 1168 1567
12 1168 1567
12 1168 1572
12 1168 1572
12 1169 1566
12 1169 1566
12 1169 1567
12 1169 1567
12 1169 1572
12 1169 1572
12 1170 1572
12 1170 1572
12 1171 1572
12 1171 1572
12 1172 1572
12 1172 1572
13 2337 3132
13 2337 3132
13 2337 3133
13 2337 3133
13 2337 3134
13 2337 3134
13 2337 3135
13 2337 3135
13 2337 3136
13 2337 3136
13 2337 3144
13 2337 3144
13 2338 3132
13 2338 3132
13 2338 3133
13 2338 3133
13 2338 3134
13 2338 3134
13 2338 3135
13 2338 3135
13 2338 3136
13 2338 3136
13 2338 3144
13 2338 3144
13 2339 3132
13 2339 3132
13 2339 3133
13 2339 3133
13 2339 3134
13 2339 3134
13 2339 3135
13 2339 3135
13 2339 3136
13 2339 3136
13 2339 3144
13 2339 3144
13 2340 3132
13 2340 3132
13 2340 3133
13 2340 3133
13 2340 3134
13 2340 3134
13 2340 3135
13 2340 3135
13 2340 3136
13 2340 3136
13 2340 3144
13 2340 3144
13 2341 3132
13 2341 3132
13 2341 3144
13 2341 3144
13 2342 3132
13 2342 3132
13 2342 3144
13 2342 3144
13 2343 3132
13 2343 3132
13 2343 3144
13 2343 3144
13 2344 3132
13 2344 3132
13 2344 3144
13 2344 3144
13 2345 3132
13 2345 3132
13 2345 3144
13 2345 3144
14 4675 6265
14 4688 6265
15 9350 12531
15 9377 12531
16 18701 25063
16 18731 25064
16 18731 25065
16 18731 25114
16 18732 25064
16 18732 25065
16 18732 25067
16 18733 25066
16 18734 25067
16 18735 25067
16 18735 25068
16 18736 25066
16 18736 25067
16 18736 25068
16 18737 25068
16 18737 25069
16 18737 25094
16 18738 25067
16 18738 25068
16 18738 25069
16 18739 25065
16 18739 25066
16 18739 25067
16 18739 25068
16 18739 25069
16 18739 25070
16 18739 25071
16 18739 25072
16 18739 25073
16 18740 25065
16 18740 25066
16 18740 25067
16 18740 25068
16 18740 25069
16 18740 25070
16 18740 25071
16 18740 25072
16 18740 25074
16 18740 25108
16 18741 25064
16 18741 25065
16 18741 25066
16 18741 25067
16 18741 25068
16 18741 25069
16 18741 25070
16 18741 25071
16 18741 25072
16 18741 25074
16 18741 25075
16 18741 25076
16 18742 25067
16 18742 25069
16 18742 25070
16 18742 25071
16 18742 25072
16 18742 25073
16 18742 25074
16 18742 25075
16 18743 25065
16 18743 25067
16 18743 25068
16 18743 25069
16 18743 25070
16 18743 25071
16 18743 25072
16 18743 25073
16 18743 25074
16 18743 25075
16 18743 25094
16 18744 25065
16 18744 25066
16 18744 25067
16 18744 25068
16 18744 25069
16 18744 25070
16 18744 25072
16 18744 25073
16 18744 25074
16 18744 25075
16 18745 25064
16 18745 25065
16 18745 25067
16 18745 25068
16 18745 25069
16 18745 25070
16 18745 25071
16 18745 25072
16 18745 25073
16 18745 25074
16 18745 25076
16 18745 25089
16 18745 25091
16 18745 25092
16 18746 25065
16 18746 25066
16 18746 25067
16 18746 25068
16 18746 25069
16 18746 25070
16 18746 25071
16 18746 25072
16 18746 25073
16 18746 25074
16 18746 25075
16 18746 25076
16 18746 25079
16 18746 25080
16 18746 25082
16 18746 25087
16 18746 25089
16 18747 25064
16 18747 25065
16 18747 25066
16 18747 25067
16 18747 25068
16 18747 25069
16 18747 25070
16 18747 25071
16 18747 25072
16 18747 25073
16 18747 25074
16 18747 25075
16 18747 25076
16 18747 25078
16 18747 25082
16 18748 25064
16 18748 25065
16 18748 25066
16 18748 25068
16 18748 25069
16 18748 25070
16 18748 25071
16 18748 25072
16 18748 25075
16 18748 25076
16 18748 25078
16 18748 25080
16 18748 25083
16 18748 25089
16 18749 25065
16 18749 25068
16 18749 25069
16 18749 25070
16 18749 25072
16 18749 25073
16 18749 25074
16 18749 25075
16 18749 25077
16 18749 25079
16 18749 25089
16 18750 25064
16 18750 25067
16 18750 25069
16 18750 25070
16 18750 25071
16 18750 25072
16 18750 25073
16 18750 25075
16 18750 25076
16 18750 25078
16 18750 25079
16 18751 25064
16 18751 25065
16 18751 25067
16 18751 25068
16 18751 25070
16 18751 25073
16 18751 25075
16 18751 25076
16 18751 25077
16 18751 25078
16 18752 25064
16 18752 25065
16 18752 25066
16 18752 25069
16 18752 25072
16 18752 25074
16 18752 25076
16 18752 25077
16 18752 25080
16 18752 25083
16 18753 25065
16 18753 25067
16 18753 25068
16 18753 25071
16 18753 25073
16 18753 25074
16 18753 25075
16 18753 25076
16 18753 25077
16 18754 25063
16 18754 25065
16 18754 25066
16 18754 25070
16 18754 25071
16 18754 25072
16 18754 25073
16 18754 25075
16 18754 25076
16 18755 25064
16 18755 25065
16 18755 25069
16 18755 25073
16 18755 25074
16 18755 25075
16 18755 25076
16 18755 25077
16 18755 25078
16 18756 25064
16 18756 25067
16 18756 25069
16 18756 25072
16 18756 25074
16 18756 25076
16 18757 25064
16 18757 25065
16 18757 25069
16 18757 25070
16 18757 25071
16 18757 25072
16 18757 25074
16 18757 25075
16 18758 25064
16 18758 25066
16 18758 25067
16 18758 25068
16 18758 25069
16 18758 25070
16 18758 25071
16 18758 25072
16 18758 25073
16 18758 25074
16 18758 25076
16 18759 25069
16 18759 25070
16 18759 25071
16 18759 25074
16 18760 25065
16 18760 25067
16 18760 25070
16 18761 25066
16 18761 25068
16 18761 25070
16 18761 25072
16 18762 25067
16 18763 25070
16 18763 25071
16 18763 25072
17 37403 50127
18 74806 100254
3 2 3
4 4 6
4 4 6
5 9 12
5 9 12
6 18 24
6 18 24
7 36 48
7 36 48
7 36 49
7 36 49
14 4675 6266
14 4675 6267
14 4675 6268
14 4675 6269
14 4675 6270
14 4675 6271
14 4675 6272
14 4675 6273
14 4691 6274
14 4691 6275
14 4691 6276
14 4691 6277
14 4691 6278
14 4691 6279
14 4691 6280
14 4691 6281
14 4691 6282
14 4691 6283
14 4691 6284
14 4691 6285
14 4691 6286
14 4691 6287
14 4675 6288
15 9350 12532
15 9350 12533
15 9350 12534
15 9350 12535
15 9350 12536
15 9350 12537
15 9350 12538
15 9350 12539
15 9350 12540
15 9350 12541
15 9350 12542
15 9350 12543
15 9350 12544
15 9350 12545
15 9350 12546
15 9350 12547
15 9350 12548
15 9350 12549
15 9350 12550
15 9350 12551
15 9350 12552
15 9350 12553
15 9350 12554
15 9350 12555
15 9350 12556
15 9350 12557
15 9350 12558
15 9350 12559
15 9350 12560
15 9350 12561
15 9350 12562
15 9350 12563
15 9350 12564
15 9350 12565
15 9350 12566
15 9350 12567
15 9350 12568
15 9350 12569
15 9350 12570
15 9350 12571
15 9350 12572
15 9350 12573
15 9350 12574
15 9350 12575
15 9350 12576
