13 2351 3239
13 2351 3239
13 2351 3240
13 2351 3240
13 2351 3241
13 2351 3241
13 2351 3242
13 2351 3242
14 4696 6478
14 4696 6479
14 4696 6480
14 4696 6481
14 4696 6482
14 4696 6483
14 4696 6484
14 4696 6485
15 9393 12957
15 9393 12958
15 9393 12959
15 9393 12960
15 9393 12961
15 9393 12962
15 9393 12963
15 9393 12964
15 9393 12965
15 9393 12966
15 9393 12967
15 9393 12968
15 9393 12969
15 9393 12970
16 18786 25915
16 18786 25916
16 18786 25917
16 18786 25918
16 18786 25919
16 18786 25920
16 18786 25921
16 18786 25922
16 18786 25923
16 18786 25924
16 18786 25925
16 18786 25926
16 18786 25927
16 18786 25928
16 18786 25929
16 18786 25930
16 18786 25931
16 18786 25932
16 18786 25933
16 18786 25934
16 18786 25935
16 18786 25936
16 18786 25937
16 18786 25938
16 18786 25939
16 18786 25940
16 18786 25941
17 37573 51831
18 75147 103662
3 2 3
4 4 6
4 4 6
5 9 12
5 9 12
6 18 25
6 18 25
