11 536 843
11 539 843
11 539 844
11 539 847
12 1073 1679
12 1073 1679
12 1073 1687
12 1073 1687
12 1073 1688
12 1073 1688
12 1073 1691
12 1073 1691
12 1073 1692
12 1073 1692
12 1073 1693
12 1073 1693
12 1073 1694
12 1073 1694
12 1074 1687
12 1074 1687
12 1074 1692
12 1074 1692
12 1074 1693
12 1074 1693
12 1074 1694
12 1074 1694
12 1075 1693
12 1075 1693
12 1075 1694
12 1075 1694
12 1077 1687
12 1077 1687
12 1077 1688
12 1077 1688
12 1078 1687
12 1078 1687
12 1078 1688
12 1078 1688
12 1078 1689
12 1078 1689
12 1078 1694
12 1078 1694
12 1079 1687
12 1079 1687
12 1079 1688
12 1079 1688
12 1079 1689
12 1079 1689
12 1079 1690
12 1079 1690
12 1079 1693
12 1079 1693
12 1079 1694
12 1079 1694
13 2146 3375
13 2146 3375
13 2146 3376
13 2146 3376
13 2146 3377
13 2146 3377
13 2146 3378
13 2146 3378
13 2146 3380
13 2146 3380
13 2146 3381
13 2146 3381
13 2146 3382
13 2146 3382
13 2146 3383
13 2146 3383
13 2146 3384
13 2146 3384
13 2146 3385
13 2146 3385
13 2146 3386
13 2146 3386
13 2146 3387
13 2146 3387
13 2146 3388
13 2146 3388
13 2147 3359
13 2147 3359
13 2147 3375
13 2147 3375
13 2147 3376
13 2147 3376
13 2147 3377
13 2147 3377
13 2147 3381
13 2147 3381
13 2147 3382
13 2147 3382
13 2147 3383
13 2147 3383
13 2147 3384
13 2147 3384
13 2147 3385
13 2147 3385
13 2147 3386
13 2147 3386
13 2147 3387
13 2147 3387
13 2147 3388
13 2147 3388
13 2148 3375
13 2148 3375
13 2148 3376
13 2148 3376
13 2148 3382
13 2148 3382
13 2148 3383
13 2148 3383
13 2148 3384
13 2148 3384
13 2148 3385
13 2148 3385
13 2148 3386
13 2148 3386
13 2148 3387
13 2148 3387
13 2148 3388
13 2148 3388
13 2149 3375
13 2149 3375
13 2149 3384
13 2149 3384
13 2149 3385
13 2149 3385
13 2149 3386
13 2149 3386
13 2149 3387
13 2149 3387
13 2149 3388
13 2149 3388
13 2150 3375
13 2150 3375
13 2150 3385
13 2150 3385
13 2150 3386
13 2150 3386
13 2150 3387
13 2150 3387
13 2150 3388
13 2150 3388
13 2151 3386
13 2151 3386
13 2151 3387
13 2151 3387
13 2151 3388
13 2151 3388
13 2152 3388
13 2152 3388
13 2153 3375
13 2153 3375
13 2153 3376
13 2153 3376
13 2154 3375
13 2154 3375
13 2154 3376
13 2154 3376
13 2154 3377
13 2154 3377
13 2155 3375
13 2155 3375
13 2155 3376
13 2155 3376
13 2155 3377
13 2155 3377
13 2155 3378
13 2155 3378
13 2155 3388
13 2155 3388
13 2156 3375
13 2156 3375
13 2156 3376
13 2156 3376
13 2156 3377
13 2156 3377
13 2156 3378
13 2156 3378
13 2156 3379
13 2156 3379
13 2156 3380
13 2156 3380
13 2156 3388
13 2156 3388
13 2157 3375
13 2157 3375
13 2157 3376
13 2157 3376
13 2157 3377
13 2157 3377
13 2157 3378
13 2157 3378
13 2157 3379
13 2157 3379
13 2157 3380
13 2157 3380
13 2157 3381
13 2157 3381
13 2157 3387
13 2157 3387
13 2157 3388
13 2157 3388
13 2158 3375
13 2158 3375
13 2158 3376
13 2158 3376
13 2158 3377
13 2158 3377
13 2158 3378
13 2158 3378
13 2158 3379
13 2158 3379
13 2158 3380
13 2158 3380
13 2158 3381
13 2158 3381
13 2158 3382
13 2158 3382
13 2158 3386
13 2158 3386
13 2158 3387
13 2158 3387
13 2158 3388
13 2158 3388
13 2159 3375
13 2159 3375
13 2159 3376
13 2159 3376
13 2159 3377
13 2159 3377
13 2159 3378
13 2159 3378
13 2159 3379
13 2159 3379
13 2159 3380
13 2159 3380
13 2159 3381
13 2159 3381
13 2159 3382
13 2159 3382
13 2159 3383
13 2159 3383
13 2159 3384
13 2159 3384
13 2159 3385
13 2159 3385
13 2159 3386
13 2159 3386
13 2159 3387
13 2159 3387
13 2159 3388
13 2159 3388
14 4293 6750
14 4293 6751
14 4293 6752
14 4293 6753
14 4293 6754
14 4293 6755
14 4293 6756
14 4293 6757
14 4293 6759
14 4293 6760
14 4293 6761
14 4293 6762
14 4293 6763
14 4293 6764
14 4293 6765
14 4293 6766
14 4293 6767
14 4293 6768
14 4293 6769
14 4293 6770
14 4293 6771
14 4293 6772
14 4293 6773
14 4293 6774
14 4293 6775
14 4293 6776
14 4293 6777
14 4294 6750
14 4294 6751
14 4294 6752
14 4294 6753
14 4294 6754
14 4295 6750
14 4295 6751
14 4295 6753
14 4295 6754
14 4296 6753
14 4296 6754
14 4297 6751
14 4297 6752
14 4297 6753
14 4297 6754
14 4298 6753
14 4307 6750
14 4307 6753
14 4308 6752
14 4310 6751
14 4310 6756
14 4310 6758
14 4312 6750
14 4312 6776
14 4313 6752
14 4314 6752
14 4314 6753
14 4314 6754
14 4315 6753
14 4315 6754
14 4315 6755
14 4315 6757
14 4316 6752
14 4316 6755
14 4316 6758
14 4316 6759
14 4316 6774
14 4317 6750
14 4317 6752
14 4317 6753
14 4317 6757
14 4317 6758
14 4317 6759
14 4317 6765
14 4317 6766
14 4317 6776
14 4318 6751
15 8586 13500
15 8586 13501
15 8586 13502
15 8586 13503
15 8586 13504
15 8586 13505
15 8586 13506
15 8586 13507
15 8586 13508
15 8586 13509
15 8586 13510
15 8586 13511
15 8586 13512
15 8586 13513
15 8586 13514
15 8586 13515
15 8586 13516
15 8586 13517
15 8586 13518
15 8586 13519
15 8586 13520
15 8586 13521
15 8586 13522
15 8586 13523
15 8586 13524
15 8586 13525
15 8586 13526
15 8586 13527
15 8586 13528
15 8586 13529
15 8586 13530
15 8586 13531
15 8586 13532
15 8586 13533
15 8586 13534
15 8586 13535
15 8586 13536
15 8586 13537
15 8586 13538
15 8586 13539
15 8586 13540
15 8586 13541
15 8586 13542
15 8586 13543
15 8586 13544
15 8586 13545
15 8586 13546
15 8586 13547
15 8586 13548
15 8586 13549
15 8586 13550
15 8586 13551
15 8586 13552
15 8586 13553
15 8586 13554
15 8586 13555
15 8587 13504
15 8587 13506
15 8588 13502
15 8588 13503
15 8588 13504
15 8588 13509
15 8589 13502
15 8589 13504
15 8589 13507
15 8590 13501
15 8590 13503
15 8590 13506
15 8591 13503
15 8591 13508
15 8592 13506
15 8593 13509
15 8594 13506
15 8595 13503
15 8595 13504
15 8595 13505
15 8595 13509
15 8596 13508
15 8597 13506
15 8599 13506
15 8600 13505
15 8602 13504
15 8615 13501
15 8615 13506
15 8617 13505
15 8620 13517
15 8621 13502
15 8621 13513
15 8624 13501
15 8624 13552
15 8627 13505
15 8628 13504
15 8628 13507
15 8629 13509
15 8630 13508
15 8630 13515
15 8631 13506
15 8631 13511
15 8631 13514
15 8632 13505
15 8632 13510
15 8633 13510
15 8633 13517
15 8633 13518
15 8633 13549
15 8634 13501
15 8634 13505
15 8634 13517
15 8634 13518
15 8634 13531
15 8635 13504
15 8635 13506
15 8635 13514
15 8635 13518
15 8635 13533
15 8635 13553
15 8636 13502
16 17172 27001
16 17172 27002
16 17172 27003
16 17172 27004
16 17172 27005
16 17172 27006
16 17172 27007
16 17172 27008
16 17172 27009
16 17172 27010
16 17172 27011
16 17172 27012
16 17172 27013
16 17172 27014
16 17172 27015
16 17172 27016
16 17172 27017
16 17172 27018
16 17172 27019
16 17172 27020
16 17172 27021
16 17172 27022
16 17172 27023
16 17172 27024
16 17172 27025
16 17172 27026
16 17172 27027
16 17172 27028
16 17172 27029
16 17172 27030
16 17172 27031
16 17172 27032
16 17172 27033
16 17172 27034
16 17172 27035
16 17172 27036
16 17172 27037
16 17172 27038
16 17172 27039
16 17172 27040
16 17172 27041
16 17172 27042
16 17172 27043
16 17172 27044
16 17172 27045
16 17172 27046
16 17172 27047
16 17172 27048
16 17172 27049
16 17172 27050
16 17172 27051
16 17172 27052
16 17172 27053
16 17172 27054
16 17172 27055
16 17172 27056
16 17172 27057
16 17172 27058
16 17172 27059
16 17172 27060
16 17172 27061
16 17172 27062
16 17172 27063
16 17172 27064
16 17172 27065
16 17172 27066
16 17172 27067
16 17172 27068
16 17172 27069
16 17172 27070
16 17172 27071
16 17172 27072
16 17172 27073
16 17172 27074
16 17172 27075
16 17172 27076
16 17172 27077
16 17172 27078
16 17172 27079
16 17172 27080
16 17172 27081
16 17172 27082
16 17172 27083
16 17172 27084
16 17172 27085
16 17172 27086
16 17172 27087
16 17172 27088
16 17172 27089
16 17172 27090
16 17172 27091
16 17172 27092
16 17172 27093
16 17172 27094
16 17172 27095
16 17172 27096
16 17172 27097
16 17172 27098
16 17172 27099
16 17172 27100
16 17172 27101
16 17172 27102
16 17172 27103
16 17172 27104
16 17172 27105
16 17172 27106
16 17172 27107
16 17172 27108
16 17172 27109
16 17172 27110
16 17172 27111
16 17173 27003
16 17174 27008
16 17175 27008
16 17175 27013
16 17176 27004
16 17176 27007
16 17176 27009
16 17176 27018
16 17178 27004
16 17178 27009
16 17178 27014
16 17180 27002
16 17180 27007
16 17181 27012
16 17182 27007
16 17183 27016
16 17184 27013
16 17187 27019
16 17188 27013
16 17190 27006
16 17190 27008
16 17191 27010
16 17191 27018
16 17192 27016
16 17195 27012
16 17199 27012
16 17200 27010
16 17204 27008
16 17229 27107
16 17230 27002
16 17230 27012
16 17235 27011
16 17237 27032
16 17239 27105
16 17241 27035
16 17242 27005
16 17243 27026
16 17248 27003
16 17248 27105
16 17255 27011
16 17257 27009
16 17257 27014
16 17258 27019
16 17261 27017
16 17261 27030
16 17262 27013
16 17262 27023
16 17263 27028
16 17263 27029
16 17265 27011
16 17265 27020
16 17266 27021
16 17266 27037
16 17266 27099
16 17267 27034
16 17269 27003
16 17269 27011
16 17269 27034
16 17269 27036
16 17269 27063
16 17270 27008
16 17270 27029
16 17270 27067
16 17270 27107
16 17271 27012
16 17271 27036
16 17272 27005
17 34344 54002
18 68688 108004
3 2 3
4 4 6
4 4 6
5 8 13
5 8 13
6 16 26
6 16 26
7 33 52
7 33 52
8 67 104
8 67 104
8 67 105
8 67 105
9 134 209
9 134 209
