10 236 426
11 473 853
11 473 853
12 947 1706
12 947 1706
12 947 1707
12 947 1707
12 947 1708
12 947 1708
12 947 1709
12 947 1709
12 947 1710
12 947 1710
12 947 1711
12 947 1711
12 948 1709
12 948 1709
12 948 1710
12 948 1710
12 948 1711
12 948 1711
13 1894 3412
13 1894 3412
13 1894 3413
13 1894 3413
13 1894 3414
13 1894 3414
13 1894 3415
13 1894 3415
13 1894 3416
13 1894 3416
13 1894 3417
13 1894 3417
13 1894 3418
13 1894 3418
13 1894 3419
13 1894 3419
13 1894 3420
13 1894 3420
13 1894 3421
13 1894 3421
13 1894 3422
13 1894 3422
13 1895 3412
13 1895 3412
13 1895 3413
13 1895 3413
13 1895 3414
13 1895 3414
13 1895 3415
13 1895 3415
13 1895 3416
13 1895 3416
13 1895 3417
13 1895 3417
13 1895 3418
13 1895 3418
13 1895 3419
13 1895 3419
13 1895 3420
13 1895 3420
13 1895 3421
13 1895 3421
13 1895 3422
13 1895 3422
13 1896 3418
13 1896 3418
13 1896 3419
13 1896 3419
13 1896 3420
13 1896 3420
13 1896 3421
13 1896 3421
13 1896 3422
13 1896 3422
13 1897 3418
13 1897 3418
13 1897 3419
13 1897 3419
13 1897 3420
13 1897 3420
13 1897 3421
13 1897 3421
13 1897 3422
13 1897 3422
13 1898 3418
13 1898 3418
13 1898 3419
13 1898 3419
13 1898 3420
13 1898 3420
13 1898 3421
13 1898 3421
13 1898 3422
13 1898 3422
13 1903 3412
13 1903 3412
13 1903 3413
13 1903 3413
14 3788 6824
14 3788 6825
14 3788 6826
14 3788 6827
14 3788 6828
14 3788 6829
14 3788 6830
14 3788 6831
14 3788 6832
14 3788 6833
14 3788 6834
14 3788 6835
14 3788 6836
14 3788 6837
14 3788 6838
14 3788 6839
14 3788 6840
14 3788 6841
14 3788 6842
14 3788 6843
14 3788 6844
14 3788 6845
15 7577 13649
15 7577 13650
15 7577 13651
15 7577 13652
15 7577 13653
15 7577 13654
15 7577 13655
15 7577 13656
15 7577 13657
15 7577 13658
15 7577 13659
15 7577 13660
15 7577 13661
15 7577 13662
15 7577 13663
15 7577 13664
15 7577 13665
15 7577 13666
15 7577 13667
15 7577 13668
15 7577 13669
15 7577 13670
15 7577 13671
15 7577 13672
15 7577 13673
15 7577 13674
15 7577 13675
15 7577 13676
15 7577 13677
15 7577 13678
15 7577 13679
15 7577 13680
15 7577 13681
15 7577 13682
15 7577 13683
15 7577 13684
15 7577 13685
15 7577 13686
15 7577 13687
15 7577 13688
15 7577 13689
15 7577 13690
15 7577 13691
16 15154 27298
16 15154 27299
16 15154 27300
16 15154 27301
16 15154 27302
16 15154 27303
16 15154 27304
16 15154 27305
16 15154 27306
16 15154 27307
16 15154 27308
16 15154 27309
16 15154 27310
16 15154 27311
16 15154 27312
16 15154 27313
16 15154 27314
16 15154 27315
16 15154 27316
16 15154 27317
16 15154 27318
16 15154 27319
16 15154 27320
16 15154 27321
16 15154 27322
16 15154 27323
16 15154 27324
16 15154 27325
16 15154 27326
16 15154 27327
16 15154 27328
16 15154 27329
16 15154 27330
16 15154 27331
16 15154 27332
16 15154 27333
16 15154 27334
16 15154 27335
16 15154 27336
16 15154 27337
16 15154 27338
16 15154 27339
16 15154 27340
16 15154 27341
16 15154 27342
16 15154 27343
16 15154 27344
16 15154 27345
16 15154 27346
16 15154 27347
16 15154 27348
16 15154 27349
16 15154 27350
16 15154 27351
16 15154 27352
16 15154 27353
16 15154 27354
16 15154 27355
16 15154 27356
16 15154 27357
16 15154 27358
16 15154 27359
16 15154 27360
16 15154 27361
16 15154 27362
16 15154 27363
16 15154 27364
16 15154 27365
16 15154 27366
16 15154 27367
16 15154 27368
16 15154 27369
16 15154 27370
16 15154 27371
16 15154 27372
16 15154 27373
16 15154 27374
16 15154 27375
16 15154 27376
16 15154 27377
16 15154 27378
16 15154 27379
16 15154 27380
16 15154 27381
16 15154 27382
17 30309 54597
17 30309 54598
17 30309 54599
17 30309 54600
17 30309 54601
17 30309 54602
17 30309 54603
17 30309 54604
17 30309 54605
17 30309 54606
17 30309 54607
17 30309 54608
17 30309 54609
17 30309 54610
17 30309 54611
17 30309 54612
17 30309 54613
17 30309 54614
17 30309 54615
17 30309 54616
17 30309 54617
17 30309 54618
17 30309 54619
17 30309 54620
17 30309 54621
17 30309 54622
17 30309 54623
17 30309 54624
17 30309 54625
17 30309 54626
17 30309 54627
17 30309 54628
17 30309 54629
17 30309 54630
17 30309 54631
17 30309 54632
17 30309 54633
17 30309 54634
17 30309 54635
17 30309 54636
17 30309 54637
17 30309 54638
17 30309 54639
17 30309 54640
17 30309 54641
17 30309 54642
17 30309 54643
17 30309 54644
17 30309 54645
17 30309 54646
17 30309 54647
17 30309 54648
17 30309 54649
17 30309 54650
17 30309 54651
17 30309 54652
17 30309 54653
17 30309 54654
17 30309 54655
17 30309 54656
17 30309 54657
17 30309 54658
17 30309 54659
17 30309 54660
17 30309 54661
17 30309 54662
17 30309 54663
17 30309 54664
17 30309 54665
17 30309 54666
17 30309 54667
17 30309 54668
17 30309 54669
17 30309 54670
17 30309 54671
17 30309 54672
17 30309 54673
17 30309 54674
17 30309 54675
17 30309 54676
17 30309 54677
17 30309 54678
17 30309 54679
17 30309 54680
17 30309 54681
17 30309 54682
17 30309 54683
17 30309 54684
17 30309 54685
17 30309 54686
17 30309 54687
17 30309 54688
17 30309 54689
17 30309 54690
17 30309 54691
17 30309 54692
17 30309 54693
17 30309 54694
17 30309 54695
17 30309 54696
17 30309 54697
17 30309 54698
17 30309 54699
17 30309 54700
17 30309 54701
17 30309 54702
17 30309 54703
17 30309 54704
17 30309 54705
17 30309 54706
17 30309 54707
17 30309 54708
17 30309 54709
17 30309 54710
17 30309 54711
17 30309 54712
17 30309 54713
17 30309 54714
17 30309 54715
17 30309 54716
17 30309 54717
17 30309 54718
17 30309 54719
17 30309 54720
17 30309 54721
17 30309 54722
17 30309 54723
17 30309 54724
17 30309 54725
17 30309 54726
17 30309 54727
17 30309 54728
17 30309 54729
17 30309 54730
17 30309 54731
17 30309 54732
17 30309 54733
17 30309 54734
17 30309 54735
17 30309 54736
17 30309 54737
17 30309 54738
17 30309 54739
17 30309 54740
17 30309 54741
17 30309 54742
17 30309 54743
17 30309 54744
17 30309 54745
17 30309 54746
17 30309 54747
17 30309 54748
17 30309 54749
17 30309 54750
17 30309 54751
17 30309 54752
17 30309 54753
17 30309 54754
17 30309 54755
17 30309 54756
17 30309 54757
17 30309 54758
17 30309 54759
17 30309 54760
17 30309 54761
17 30309 54762
17 30309 54763
17 30309 54764
18 60618 109195
3 1 3
4 3 6
4 3 6
5 7 13
5 7 13
6 14 26
6 14 26
7 29 53
7 29 53
