12 1028 1678
12 1028 1679
12 1028 1680
12 1028 1681
12 1028 1682
12 1028 1683
12 1028 1684
12 1028 1685
12 1028 1686
12 1028 1687
12 1028 1688
12 1028 1689
12 1028 1690
12 1028 1691
12 1028 1692
12 1028 1693
12 1028 1694
12 1028 1695
12 1028 1696
12 1028 1697
12 1028 1698
12 1028 1699
12 1028 1700
12 1028 1701
12 1028 1702
12 1028 1703
12 1028 1704
12 1028 1705
12 1028 1706
12 1028 1707
12 1028 1708
12 1028 1709
12 1028 1710
12 1028 1711
12 1028 1712
12 1028 1713
12 1028 1714
12 1028 1715
12 1028 1716
12 1028 1717
12 1028 1718
12 1028 1719
12 1028 1720
12 1028 1721
12 1028 1722
12 1028 1723
12 1028 1724
12 1029 1678
12 1029 1679
12 1029 1723
12 1029 1724
12 1030 1678
12 1030 1679
12 1030 1723
12 1030 1724
12 1031 1678
12 1031 1679
12 1031 1723
12 1031 1724
12 1032 1678
12 1032 1679
12 1032 1723
12 1032 1724
12 1033 1678
12 1033 1679
12 1033 1723
12 1033 1724
12 1034 1678
12 1034 1679
12 1034 1723
12 1034 1724
12 1035 1678
12 1035 1679
12 1035 1723
12 1035 1724
12 1036 1678
12 1036 1679
12 1036 1723
12 1036 1724
12 1037 1678
12 1037 1679
12 1037 1723
12 1037 1724
12 1038 1678
12 1038 1679
12 1038 1723
12 1038 1724
12 1039 1678
12 1039 1679
12 1039 1723
12 1039 1724
12 1040 1678
12 1040 1679
12 1040 1723
12 1040 1724
12 1041 1678
12 1041 1679
12 1041 1723
12 1041 1724
12 1042 1678
12 1042 1679
12 1042 1723
12 1042 1724
12 1043 1678
12 1043 1679
12 1043 1723
12 1043 1724
12 1044 1678
12 1044 1679
12 1044 1723
12 1044 1724
12 1045 1678
12 1045 1679
12 1045 1723
12 1045 1724
12 1046 1678
12 1046 1679
12 1046 1723
12 1046 1724
12 1047 1678
12 1047 1679
12 1047 1723
12 1047 1724
12 1048 1678
12 1048 1679
12 1048 1723
12 1048 1724
12 1049 1678
12 1049 1679
12 1049 1723
12 1049 1724
12 1050 1678
12 1050 1679
12 1050 1723
12 1050 1724
12 1051 1678
12 1051 1679
12 1051 1723
12 1051 1724
12 1052 1678
12 1052 1679
12 1052 1723
12 1052 1724
12 1053 1678
12 1053 1679
12 1053 1723
12 1053 1724
12 1054 1678
12 1054 1679
12 1054 1723
12 1054 1724
12 1055 1678
12 1055 1679
12 1055 1723
12 1055 1724
12 1056 1678
12 1056 1679
12 1056 1723
12 1056 1724
12 1057 1678
12 1057 1679
12 1057 1723
12 1057 1724
12 1058 1678
12 1058 1679
12 1058 1723
12 1058 1724
12 1059 1678
12 1059 1679
12 1059 1723
12 1059 1724
12 1060 1678
12 1060 1679
12 1060 1723
12 1060 1724
12 1061 1678
12 1061 1679
12 1061 1723
12 1061 1724
12 1062 1678
12 1062 1679
12 1062 1723
12 1062 1724
12 1063 1678
12 1063 1679
12 1063 1723
12 1063 1724
12 1064 1678
12 1064 1679
12 1064 1723
12 1064 1724
12 1065 1678
12 1065 1679
12 1065 1723
12 1065 1724
12 1066 1678
12 1066 1679
12 1066 1723
12 1066 1724
12 1067 1678
12 1067 1679
12 1067 1723
12 1067 1724
12 1068 1678
12 1068 1679
12 1068 1723
12 1068 1724
12 1069 1678
12 1069 1679
12 1069 1723
12 1069 1724
12 1070 1678
12 1070 1679
12 1070 1723
12 1070 1724
12 1071 1678
12 1071 1679
12 1071 1723
12 1071 1724
12 1072 1678
12 1072 1679
12 1072 1723
12 1072 1724
12 1073 1678
12 1073 1679
12 1073 1723
12 1073 1724
12 1074 1678
12 1074 1679
12 1074 1723
12 1074 1724
12 1075 1678
12 1075 1679
12 1075 1723
12 1075 1724
12 1076 1678
12 1076 1679
12 1076 1723
12 1076 1724
12 1077 1678
12 1077 1679
12 1077 1723
12 1077 1724
12 1078 1678
12 1078 1679
12 1078 1723
12 1078 1724
12 1079 1678
12 1079 1679
12 1079 1723
12 1079 1724
12 1080 1678
12 1080 1679
12 1080 1723
12 1080 1724
12 1081 1678
12 1081 1679
12 1081 1680
12 1081 1681
12 1081 1682
12 1081 1683
12 1081 1684
12 1081 1685
12 1081 1686
12 1081 1687
12 1081 1688
12 1081 1689
12 1081 1690
12 1081 1691
12 1081 1692
12 1081 1693
12 1081 1694
12 1081 1695
12 1081 1696
12 1081 1697
12 1081 1698
12 1081 1699
12 1081 1700
12 1081 1701
12 1081 1702
12 1081 1703
12 1081 1704
12 1081 1705
12 1081 1706
12 1081 1707
12 1081 1708
12 1081 1709
12 1081 1710
12 1081 1711
12 1081 1712
12 1081 1713
12 1081 1714
12 1081 1715
12 1081 1716
12 1081 1717
12 1081 1718
12 1081 1719
12 1081 1720
12 1081 1721
12 1081 1722
12 1081 1723
12 1081 1724
13 2056 3357
4 4 6
8 64 104
8 65 104
8 66 104
8 67 104
9 128 209
9 129 209
9 130 209
9 131 209
9 132 209
9 133 209
9 134 209
9 135 209
