10 275 437
11 550 875
11 562 876
12 1101 1751
12 1101 1751
12 1101 1752
12 1101 1752
12 1101 1753
12 1101 1753
12 1101 1754
12 1101 1754
12 1101 1755
12 1101 1755
12 1101 1756
12 1101 1756
12 1101 1757
12 1101 1757
12 1101 1758
12 1101 1758
12 1101 1759
12 1101 1759
12 1101 1760
12 1101 1760
12 1101 1761
12 1101 1761
12 1101 1762
12 1101 1762
12 1101 1763
12 1101 1763
12 1101 1764
12 1101 1764
12 1101 1765
12 1101 1765
12 1101 1766
12 1101 1766
12 1101 1767
12 1101 1767
12 1101 1768
12 1101 1768
12 1102 1751
12 1102 1751
12 1102 1752
12 1102 1752
12 1102 1753
12 1102 1753
12 1102 1768
12 1102 1768
12 1103 1751
12 1103 1751
12 1103 1752
12 1103 1752
12 1103 1753
12 1103 1753
12 1103 1768
12 1103 1768
12 1104 1751
12 1104 1751
12 1104 1752
12 1104 1752
12 1104 1753
12 1104 1753
12 1104 1768
12 1104 1768
12 1105 1751
12 1105 1751
12 1105 1752
12 1105 1752
12 1105 1753
12 1105 1753
12 1105 1768
12 1105 1768
12 1106 1751
12 1106 1751
12 1106 1752
12 1106 1752
12 1106 1753
12 1106 1753
12 1106 1768
12 1106 1768
12 1107 1751
12 1107 1751
12 1107 1752
12 1107 1752
12 1107 1753
12 1107 1753
12 1107 1768
12 1107 1768
12 1108 1751
12 1108 1751
12 1108 1752
12 1108 1752
12 1108 1753
12 1108 1753
12 1108 1768
12 1108 1768
12 1109 1751
12 1109 1751
12 1109 1752
12 1109 1752
12 1109 1753
12 1109 1753
12 1109 1768
12 1109 1768
12 1110 1751
12 1110 1751
12 1110 1752
12 1110 1752
12 1110 1753
12 1110 1753
12 1110 1768
12 1110 1768
12 1111 1751
12 1111 1751
12 1111 1752
12 1111 1752
12 1111 1753
12 1111 1753
12 1111 1768
12 1111 1768
12 1112 1751
12 1112 1751
12 1112 1752
12 1112 1752
12 1112 1753
12 1112 1753
12 1112 1768
12 1112 1768
12 1113 1751
12 1113 1751
12 1113 1752
12 1113 1752
12 1113 1753
12 1113 1753
12 1113 1768
12 1113 1768
12 1114 1751
12 1114 1751
12 1114 1752
12 1114 1752
12 1114 1753
12 1114 1753
12 1114 1768
12 1114 1768
12 1115 1751
12 1115 1751
12 1115 1752
12 1115 1752
12 1115 1753
12 1115 1753
12 1115 1768
12 1115 1768
12 1116 1751
12 1116 1751
12 1116 1752
12 1116 1752
12 1116 1753
12 1116 1753
12 1116 1768
12 1116 1768
12 1117 1751
12 1117 1751
12 1117 1752
12 1117 1752
12 1117 1753
12 1117 1753
12 1117 1768
12 1117 1768
12 1118 1751
12 1118 1751
12 1118 1752
12 1118 1752
12 1118 1753
12 1118 1753
12 1118 1768
12 1118 1768
12 1119 1751
12 1119 1751
12 1119 1752
12 1119 1752
12 1119 1753
12 1119 1753
12 1119 1768
12 1119 1768
12 1120 1751
12 1120 1751
12 1120 1752
12 1120 1752
12 1120 1753
12 1120 1753
12 1120 1768
12 1120 1768
12 1121 1751
12 1121 1751
12 1121 1752
12 1121 1752
12 1121 1753
12 1121 1753
12 1121 1768
12 1121 1768
12 1122 1751
12 1122 1751
12 1122 1752
12 1122 1752
12 1122 1753
12 1122 1753
12 1122 1768
12 1122 1768
12 1123 1751
12 1123 1751
12 1123 1752
12 1123 1752
12 1123 1753
12 1123 1753
12 1123 1768
12 1123 1768
12 1124 1751
12 1124 1751
12 1124 1752
12 1124 1752
12 1124 1753
12 1124 1753
12 1124 1768
12 1124 1768
12 1125 1751
12 1125 1751
12 1125 1752
12 1125 1752
12 1125 1753
12 1125 1753
12 1125 1768
12 1125 1768
13 2203 3503
13 2203 3503
13 2203 3504
13 2203 3504
13 2203 3505
13 2203 3505
13 2203 3506
13 2203 3506
13 2203 3507
13 2203 3507
13 2203 3508
13 2203 3508
13 2203 3509
13 2203 3509
13 2203 3510
13 2203 3510
13 2203 3511
13 2203 3511
13 2203 3512
13 2203 3512
13 2203 3513
13 2203 3513
13 2203 3514
13 2203 3514
13 2203 3515
13 2203 3515
13 2203 3516
13 2203 3516
13 2203 3517
13 2203 3517
13 2203 3518
13 2203 3518
13 2203 3519
13 2203 3519
13 2203 3520
13 2203 3520
13 2203 3521
13 2203 3521
13 2203 3522
13 2203 3522
13 2203 3523
13 2203 3523
13 2203 3524
13 2203 3524
13 2203 3525
13 2203 3525
13 2203 3526
13 2203 3526
13 2203 3527
13 2203 3527
13 2203 3528
13 2203 3528
13 2203 3529
13 2203 3529
13 2203 3530
13 2203 3530
13 2203 3531
13 2203 3531
13 2203 3532
13 2203 3532
13 2203 3533
13 2203 3533
13 2203 3534
13 2203 3534
13 2203 3535
13 2203 3535
13 2203 3536
13 2203 3536
13 2204 3503
13 2204 3503
13 2204 3504
13 2204 3504
13 2204 3505
13 2204 3505
13 2204 3506
13 2204 3506
13 2204 3507
13 2204 3507
13 2204 3508
13 2204 3508
13 2204 3509
13 2204 3509
13 2204 3510
13 2204 3510
13 2204 3511
13 2204 3511
13 2204 3512
13 2204 3512
13 2204 3513
13 2204 3513
13 2204 3514
13 2204 3514
13 2204 3515
13 2204 3515
13 2204 3516
13 2204 3516
13 2204 3517
13 2204 3517
13 2204 3518
13 2204 3518
13 2204 3519
13 2204 3519
13 2204 3520
13 2204 3520
13 2204 3521
13 2204 3521
13 2204 3522
13 2204 3522
13 2204 3523
13 2204 3523
13 2204 3524
13 2204 3524
13 2204 3525
13 2204 3525
13 2204 3526
13 2204 3526
13 2204 3527
13 2204 3527
13 2204 3528
13 2204 3528
13 2204 3529
13 2204 3529
13 2204 3530
13 2204 3530
13 2204 3531
13 2204 3531
13 2204 3532
13 2204 3532
13 2204 3533
13 2204 3533
13 2204 3534
13 2204 3534
13 2204 3535
13 2204 3535
13 2204 3536
13 2204 3536
13 2205 3503
13 2205 3503
13 2205 3504
13 2205 3504
13 2205 3505
13 2205 3505
13 2205 3506
13 2205 3506
13 2205 3507
13 2205 3507
13 2205 3536
13 2205 3536
13 2206 3503
13 2206 3503
13 2206 3504
13 2206 3504
13 2206 3505
13 2206 3505
13 2206 3506
13 2206 3506
13 2206 3507
13 2206 3507
13 2206 3536
13 2206 3536
13 2207 3503
13 2207 3503
13 2207 3504
13 2207 3504
13 2207 3505
13 2207 3505
13 2207 3506
13 2207 3506
13 2207 3507
13 2207 3507
13 2207 3536
13 2207 3536
13 2208 3503
13 2208 3503
13 2208 3504
13 2208 3504
13 2208 3505
13 2208 3505
13 2208 3506
13 2208 3506
13 2208 3507
13 2208 3507
13 2208 3536
13 2208 3536
13 2209 3503
13 2209 3503
13 2209 3504
13 2209 3504
13 2209 3505
13 2209 3505
13 2209 3506
13 2209 3506
13 2209 3507
13 2209 3507
13 2209 3536
13 2209 3536
13 2210 3503
13 2210 3503
13 2210 3504
13 2210 3504
13 2210 3505
13 2210 3505
13 2210 3506
13 2210 3506
13 2210 3507
13 2210 3507
13 2210 3536
13 2210 3536
13 2211 3503
13 2211 3503
13 2211 3504
13 2211 3504
13 2211 3505
13 2211 3505
13 2211 3506
13 2211 3506
13 2211 3507
13 2211 3507
13 2211 3536
13 2211 3536
13 2212 3503
13 2212 3503
13 2212 3504
13 2212 3504
13 2212 3505
13 2212 3505
13 2212 3506
13 2212 3506
13 2212 3507
13 2212 3507
13 2212 3536
13 2212 3536
13 2213 3503
13 2213 3503
13 2213 3504
13 2213 3504
13 2213 3505
13 2213 3505
13 2213 3506
13 2213 3506
13 2213 3507
13 2213 3507
13 2213 3536
13 2213 3536
13 2214 3503
13 2214 3503
13 2214 3504
13 2214 3504
13 2214 3505
13 2214 3505
13 2214 3506
13 2214 3506
13 2214 3507
13 2214 3507
13 2214 3536
13 2214 3536
13 2215 3503
13 2215 3503
13 2215 3504
13 2215 3504
13 2215 3505
13 2215 3505
13 2215 3506
13 2215 3506
13 2215 3507
13 2215 3507
13 2215 3536
13 2215 3536
13 2216 3503
13 2216 3503
13 2216 3504
13 2216 3504
13 2216 3505
13 2216 3505
13 2216 3506
13 2216 3506
13 2216 3507
13 2216 3507
13 2216 3536
13 2216 3536
13 2217 3503
13 2217 3503
13 2217 3504
13 2217 3504
13 2217 3505
13 2217 3505
13 2217 3506
13 2217 3506
13 2217 3507
13 2217 3507
13 2217 3536
13 2217 3536
13 2218 3503
13 2218 3503
13 2218 3504
13 2218 3504
13 2218 3505
13 2218 3505
13 2218 3506
13 2218 3506
13 2218 3507
13 2218 3507
13 2218 3536
13 2218 3536
13 2219 3503
13 2219 3503
13 2219 3505
13 2219 3505
13 2219 3506
13 2219 3506
13 2219 3507
13 2219 3507
13 2219 3536
13 2219 3536
13 2220 3503
13 2220 3503
13 2220 3504
13 2220 3504
13 2220 3505
13 2220 3505
13 2220 3506
13 2220 3506
13 2220 3507
13 2220 3507
13 2220 3536
13 2220 3536
13 2221 3503
13 2221 3503
13 2221 3504
13 2221 3504
13 2221 3505
13 2221 3505
13 2221 3506
13 2221 3506
13 2221 3507
13 2221 3507
13 2221 3536
13 2221 3536
13 2222 3503
13 2222 3503
13 2222 3504
13 2222 3504
13 2222 3505
13 2222 3505
13 2222 3506
13 2222 3506
13 2222 3507
13 2222 3507
13 2222 3536
13 2222 3536
13 2223 3503
13 2223 3503
13 2223 3504
13 2223 3504
13 2223 3505
13 2223 3505
13 2223 3506
13 2223 3506
13 2223 3507
13 2223 3507
13 2223 3536
13 2223 3536
13 2224 3503
13 2224 3503
13 2224 3504
13 2224 3504
13 2224 3505
13 2224 3505
13 2224 3506
13 2224 3506
13 2224 3507
13 2224 3507
13 2224 3536
13 2224 3536
13 2225 3503
13 2225 3503
13 2225 3504
13 2225 3504
13 2225 3505
13 2225 3505
13 2225 3506
13 2225 3506
13 2225 3507
13 2225 3507
13 2225 3536
13 2225 3536
13 2226 3503
13 2226 3503
13 2226 3504
13 2226 3504
13 2226 3505
13 2226 3505
13 2226 3506
13 2226 3506
13 2226 3507
13 2226 3507
13 2226 3536
13 2226 3536
13 2227 3503
13 2227 3503
13 2227 3504
13 2227 3504
13 2227 3505
13 2227 3505
13 2227 3506
13 2227 3506
13 2227 3507
13 2227 3507
13 2227 3536
13 2227 3536
13 2228 3503
13 2228 3503
13 2228 3504
13 2228 3504
13 2228 3505
13 2228 3505
13 2228 3506
13 2228 3506
13 2228 3507
13 2228 3507
13 2228 3536
13 2228 3536
13 2229 3503
13 2229 3503
13 2229 3504
13 2229 3504
13 2229 3505
13 2229 3505
13 2229 3506
13 2229 3506
13 2229 3507
13 2229 3507
13 2229 3536
13 2229 3536
13 2230 3503
13 2230 3503
13 2230 3504
13 2230 3504
13 2230 3505
13 2230 3505
13 2230 3506
13 2230 3506
13 2230 3507
13 2230 3507
13 2230 3536
13 2230 3536
13 2231 3503
13 2231 3503
13 2231 3504
13 2231 3504
13 2231 3505
13 2231 3505
13 2231 3506
13 2231 3506
13 2231 3507
13 2231 3507
13 2231 3536
13 2231 3536
13 2232 3503
13 2232 3503
13 2232 3504
13 2232 3504
13 2232 3505
13 2232 3505
13 2232 3506
13 2232 3506
13 2232 3507
13 2232 3507
13 2232 3536
13 2232 3536
13 2233 3503
13 2233 3503
13 2233 3504
13 2233 3504
13 2233 3505
13 2233 3505
13 2233 3506
13 2233 3506
13 2233 3507
13 2233 3507
13 2233 3536
13 2233 3536
13 2234 3503
13 2234 3503
13 2234 3504
13 2234 3504
13 2234 3505
13 2234 3505
13 2234 3506
13 2234 3506
13 2234 3507
13 2234 3507
13 2234 3536
13 2234 3536
13 2235 3503
13 2235 3503
13 2235 3504
13 2235 3504
13 2235 3505
13 2235 3505
13 2235 3506
13 2235 3506
13 2235 3507
13 2235 3507
13 2235 3536
13 2235 3536
13 2236 3503
13 2236 3503
13 2236 3504
13 2236 3504
13 2236 3505
13 2236 3505
13 2236 3506
13 2236 3506
13 2236 3507
13 2236 3507
13 2236 3536
13 2236 3536
13 2237 3503
13 2237 3503
13 2237 3504
13 2237 3504
13 2237 3505
13 2237 3505
13 2237 3506
13 2237 3506
13 2237 3507
13 2237 3507
13 2237 3536
13 2237 3536
13 2238 3503
13 2238 3503
13 2238 3504
13 2238 3504
13 2238 3505
13 2238 3505
13 2238 3506
13 2238 3506
13 2238 3507
13 2238 3507
13 2238 3536
13 2238 3536
13 2239 3503
13 2239 3503
13 2239 3504
13 2239 3504
13 2239 3505
13 2239 3505
13 2239 3506
13 2239 3506
13 2239 3507
13 2239 3507
13 2239 3536
13 2239 3536
13 2240 3503
13 2240 3503
13 2240 3504
13 2240 3504
13 2240 3505
13 2240 3505
13 2240 3506
13 2240 3506
13 2240 3507
13 2240 3507
13 2240 3536
13 2240 3536
13 2241 3503
13 2241 3503
13 2241 3504
13 2241 3504
13 2241 3505
13 2241 3505
13 2241 3506
13 2241 3506
13 2241 3507
13 2241 3507
13 2241 3536
13 2241 3536
13 2242 3503
13 2242 3503
13 2242 3504
13 2242 3504
13 2242 3505
13 2242 3505
13 2242 3506
13 2242 3506
13 2242 3507
13 2242 3507
13 2242 3536
13 2242 3536
13 2243 3503
13 2243 3503
13 2243 3504
13 2243 3504
13 2243 3505
13 2243 3505
13 2243 3506
13 2243 3506
13 2243 3507
13 2243 3507
13 2243 3536
13 2243 3536
13 2244 3503
13 2244 3503
13 2244 3504
13 2244 3504
13 2244 3505
13 2244 3505
13 2244 3506
13 2244 3506
13 2244 3507
13 2244 3507
13 2244 3536
13 2244 3536
13 2245 3503
13 2245 3503
13 2245 3504
13 2245 3504
13 2245 3505
13 2245 3505
13 2245 3506
13 2245 3506
13 2245 3507
13 2245 3507
13 2245 3536
13 2245 3536
13 2246 3503
13 2246 3503
13 2246 3504
13 2246 3504
13 2246 3505
13 2246 3505
13 2246 3506
13 2246 3506
13 2246 3507
13 2246 3507
13 2246 3536
13 2246 3536
13 2247 3503
13 2247 3503
13 2247 3504
13 2247 3504
13 2247 3505
13 2247 3505
13 2247 3506
13 2247 3506
13 2247 3507
13 2247 3507
13 2247 3536
13 2247 3536
13 2248 3503
13 2248 3503
13 2248 3504
13 2248 3504
13 2248 3505
13 2248 3505
13 2248 3506
13 2248 3506
13 2248 3507
13 2248 3507
13 2248 3536
13 2248 3536
13 2249 3503
13 2249 3503
13 2249 3504
13 2249 3504
13 2249 3505
13 2249 3505
13 2249 3506
13 2249 3506
13 2249 3507
13 2249 3507
13 2249 3536
13 2249 3536
13 2250 3503
13 2250 3503
13 2250 3504
13 2250 3504
13 2250 3505
13 2250 3505
13 2250 3506
13 2250 3506
13 2250 3507
13 2250 3507
13 2250 3536
13 2250 3536
13 2251 3503
13 2251 3503
13 2251 3504
13 2251 3504
13 2251 3505
13 2251 3505
13 2251 3506
13 2251 3506
13 2251 3507
13 2251 3507
13 2251 3508
13 2251 3508
13 2251 3509
13 2251 3509
13 2251 3510
13 2251 3510
13 2251 3511
13 2251 3511
13 2251 3512
13 2251 3512
13 2251 3513
13 2251 3513
13 2251 3514
13 2251 3514
13 2251 3515
13 2251 3515
13 2251 3516
13 2251 3516
13 2251 3517
13 2251 3517
13 2251 3518
13 2251 3518
13 2251 3519
13 2251 3519
13 2251 3520
13 2251 3520
13 2251 3521
13 2251 3521
13 2251 3522
13 2251 3522
13 2251 3523
13 2251 3523
13 2251 3524
13 2251 3524
13 2251 3525
13 2251 3525
13 2251 3526
13 2251 3526
13 2251 3527
13 2251 3527
13 2251 3528
13 2251 3528
13 2251 3529
13 2251 3529
13 2251 3530
13 2251 3530
13 2251 3531
13 2251 3531
13 2251 3532
13 2251 3532
13 2251 3533
13 2251 3533
13 2251 3534
13 2251 3534
13 2251 3535
13 2251 3535
13 2251 3536
13 2251 3536
14 4407 7007
14 4407 7008
14 4407 7009
14 4407 7010
14 4407 7011
14 4407 7012
14 4407 7013
14 4407 7014
14 4407 7015
14 4407 7016
14 4407 7017
14 4407 7018
14 4407 7019
14 4407 7020
14 4407 7021
14 4407 7022
14 4407 7023
14 4407 7024
14 4407 7025
14 4407 7026
14 4407 7027
14 4407 7028
14 4407 7029
14 4407 7030
14 4407 7031
14 4407 7032
14 4407 7033
14 4407 7034
14 4407 7035
14 4407 7036
14 4407 7037
14 4407 7038
14 4407 7039
14 4407 7040
14 4407 7041
14 4407 7042
14 4407 7043
14 4407 7044
14 4407 7045
14 4407 7046
14 4407 7047
14 4407 7048
14 4407 7049
14 4407 7050
14 4407 7051
14 4407 7052
14 4407 7053
14 4407 7054
14 4407 7055
14 4407 7056
14 4407 7057
14 4407 7058
14 4407 7059
14 4407 7060
14 4407 7061
14 4407 7062
14 4407 7063
14 4407 7064
14 4407 7065
14 4407 7066
14 4407 7067
14 4407 7068
14 4407 7069
14 4407 7070
14 4407 7071
14 4407 7072
14 4407 7073
14 4418 7034
14 4419 7033
14 4419 7035
14 4420 7033
14 4420 7034
14 4420 7035
14 4421 7033
14 4423 7033
14 4438 7038
14 4451 7043
14 4454 7038
14 4455 7043
14 4461 7040
14 4463 7036
14 4463 7039
14 4465 7038
14 4465 7039
14 4466 7035
14 4467 7043
14 4468 7037
14 4469 7037
14 4469 7038
14 4470 7034
14 4470 7037
14 4470 7038
14 4471 7034
14 4471 7037
14 4471 7038
14 4472 7033
14 4472 7035
14 4472 7036
14 4473 7034
14 4473 7035
14 4473 7036
14 4474 7035
14 4474 7036
14 4475 7035
14 4475 7036
14 4475 7037
14 4476 7030
14 4476 7034
14 4476 7037
14 4478 7031
14 4478 7033
14 4478 7035
14 4479 7032
14 4480 7029
14 4480 7033
14 4481 7040
14 4482 7028
14 4482 7030
14 4482 7032
14 4483 7026
14 4483 7033
14 4483 7034
14 4485 7034
14 4486 7023
14 4486 7026
14 4486 7027
14 4487 7035
14 4488 7029
14 4488 7034
14 4489 7028
14 4489 7030
14 4489 7031
14 4489 7032
14 4489 7033
14 4490 7024
14 4492 7030
14 4493 7033
14 4494 7028
14 4494 7029
14 4495 7028
14 4498 7025
14 4499 7029
14 4500 7030
14 4501 7010
14 4501 7012
14 4501 7030
14 4501 7031
14 4501 7034
14 4502 7009
14 4502 7031
14 4502 7033
15 8815 14014
15 8815 14015
15 8815 14016
15 8815 14017
15 8815 14018
15 8815 14019
15 8815 14020
15 8815 14021
15 8815 14022
15 8815 14023
15 8815 14024
15 8815 14025
15 8815 14026
15 8815 14027
15 8815 14028
15 8815 14029
15 8815 14030
15 8815 14031
15 8815 14032
15 8815 14033
15 8815 14034
15 8815 14035
15 8815 14036
15 8815 14037
15 8815 14038
15 8815 14039
15 8815 14040
15 8815 14041
15 8815 14042
15 8815 14043
15 8815 14044
15 8815 14045
15 8815 14046
15 8815 14047
15 8815 14048
15 8815 14049
15 8815 14050
15 8815 14051
15 8815 14052
15 8815 14053
15 8815 14054
15 8815 14055
15 8815 14056
15 8815 14057
15 8815 14058
15 8815 14059
15 8815 14060
15 8815 14061
15 8815 14062
15 8815 14063
15 8815 14064
15 8815 14065
15 8815 14066
15 8815 14067
15 8815 14068
15 8815 14069
15 8815 14070
15 8815 14071
15 8815 14072
15 8815 14073
15 8815 14074
15 8815 14075
15 8815 14076
15 8815 14077
15 8815 14078
15 8815 14079
15 8815 14080
15 8815 14081
15 8815 14082
15 8815 14083
15 8815 14084
15 8815 14085
15 8815 14086
15 8815 14087
15 8815 14088
15 8815 14089
15 8815 14090
15 8815 14091
15 8815 14092
15 8815 14093
15 8815 14094
15 8815 14095
15 8815 14096
15 8815 14097
15 8815 14098
15 8815 14099
15 8815 14100
15 8815 14101
15 8815 14102
15 8815 14103
15 8815 14104
15 8815 14105
15 8815 14106
15 8815 14107
15 8815 14108
15 8815 14109
15 8815 14110
15 8815 14111
15 8815 14112
15 8815 14113
15 8815 14114
15 8815 14115
15 8815 14116
15 8815 14117
15 8815 14118
15 8815 14119
15 8815 14120
15 8815 14121
15 8815 14122
15 8815 14123
15 8815 14124
15 8815 14125
15 8815 14126
15 8815 14127
15 8815 14128
15 8815 14129
15 8815 14130
15 8815 14131
15 8815 14132
15 8815 14133
15 8815 14134
15 8815 14135
15 8815 14136
15 8815 14137
15 8815 14138
15 8815 14139
15 8815 14140
15 8815 14141
15 8815 14142
15 8815 14143
15 8815 14144
15 8815 14145
15 8815 14146
15 8815 14147
15 8836 14069
15 8839 14066
15 8839 14070
15 8840 14067
15 8840 14069
15 8840 14070
15 8841 14069
15 8842 14066
15 8846 14067
15 8877 14076
15 8903 14086
15 8908 14077
15 8911 14087
15 8923 14080
15 8927 14072
15 8927 14078
15 8930 14076
15 8930 14078
15 8933 14071
15 8934 14086
15 8937 14075
15 8938 14074
15 8939 14076
15 8940 14069
15 8940 14074
15 8940 14077
15 8942 14074
15 8943 14069
15 8943 14076
15 8944 14067
15 8944 14070
15 8945 14072
15 8946 14068
15 8946 14070
15 8946 14072
15 8947 14069
15 8948 14070
15 8948 14072
15 8949 14070
15 8950 14075
15 8951 14071
15 8951 14072
15 8951 14074
15 8952 14068
15 8953 14061
15 8953 14074
15 8956 14062
15 8957 14067
15 8957 14070
15 8958 14065
15 8959 14065
15 8960 14058
15 8960 14067
15 8963 14080
15 8964 14057
15 8965 14061
15 8965 14064
15 8965 14065
15 8966 14067
15 8966 14068
15 8967 14053
15 8970 14068
15 8972 14047
15 8972 14052
15 8973 14055
15 8975 14070
15 8976 14058
15 8977 14069
15 8978 14057
15 8978 14061
15 8978 14067
15 8979 14063
15 8979 14065
15 8980 14048
15 8984 14060
15 8985 14061
15 8987 14066
15 8988 14056
15 8989 14058
15 8991 14056
15 8997 14051
15 8999 14059
15 9000 14061
15 9002 14061
15 9002 14062
15 9002 14069
15 9003 14020
15 9003 14024
15 9003 14061
15 9004 14063
15 9004 14066
15 9005 14018
16 17631 28029
16 17631 28030
16 17631 28031
16 17631 28032
16 17631 28033
16 17631 28034
16 17631 28035
16 17631 28036
16 17631 28037
16 17631 28038
16 17631 28039
16 17631 28040
16 17631 28041
16 17631 28042
16 17631 28043
16 17631 28044
16 17631 28045
16 17631 28046
16 17631 28047
16 17631 28048
16 17631 28049
16 17631 28050
16 17631 28051
16 17631 28052
16 17631 28053
16 17631 28054
16 17631 28055
16 17631 28056
16 17631 28057
16 17631 28058
16 17631 28059
16 17631 28060
16 17631 28061
16 17631 28062
16 17631 28063
16 17631 28064
16 17631 28065
16 17631 28066
16 17631 28067
16 17631 28068
16 17631 28069
16 17631 28070
16 17631 28071
16 17631 28072
16 17631 28073
16 17631 28074
16 17631 28075
16 17631 28076
16 17631 28077
16 17631 28078
16 17631 28079
16 17631 28080
16 17631 28081
16 17631 28082
16 17631 28083
16 17631 28084
16 17631 28085
16 17631 28086
16 17631 28087
16 17631 28088
16 17631 28089
16 17631 28090
16 17631 28091
16 17631 28092
16 17631 28093
16 17631 28094
16 17631 28095
16 17631 28096
16 17631 28097
16 17631 28098
16 17631 28099
16 17631 28100
16 17631 28101
16 17631 28102
16 17631 28103
16 17631 28104
16 17631 28105
16 17631 28106
16 17631 28107
16 17631 28108
16 17631 28109
16 17631 28110
16 17631 28111
16 17631 28112
16 17631 28113
16 17631 28114
16 17631 28115
16 17631 28116
16 17631 28117
16 17631 28118
16 17631 28119
16 17631 28120
16 17631 28121
16 17631 28122
16 17631 28123
16 17631 28124
16 17631 28125
16 17631 28126
16 17631 28127
16 17631 28128
16 17631 28129
16 17631 28130
16 17631 28131
16 17631 28132
16 17631 28133
16 17631 28134
16 17631 28135
16 17631 28136
16 17631 28137
16 17631 28138
16 17631 28139
16 17631 28140
16 17631 28141
16 17631 28142
16 17631 28143
16 17631 28144
16 17631 28145
16 17631 28146
16 17631 28147
16 17631 28148
16 17631 28149
16 17631 28150
16 17631 28151
16 17631 28152
16 17631 28153
16 17631 28154
16 17631 28155
16 17631 28156
16 17631 28157
16 17631 28158
16 17631 28159
16 17631 28160
16 17631 28161
16 17631 28162
16 17631 28163
16 17631 28164
16 17631 28165
16 17631 28166
16 17631 28167
16 17631 28168
16 17631 28169
16 17631 28170
16 17631 28171
16 17631 28172
16 17631 28173
16 17631 28174
16 17631 28175
16 17631 28176
16 17631 28177
16 17631 28178
16 17631 28179
16 17631 28180
16 17631 28181
16 17631 28182
16 17631 28183
16 17631 28184
16 17631 28185
16 17631 28186
16 17631 28187
16 17631 28188
16 17631 28189
16 17631 28190
16 17631 28191
16 17631 28192
16 17631 28193
16 17631 28194
16 17631 28195
16 17631 28196
16 17631 28197
16 17631 28198
16 17631 28199
16 17631 28200
16 17631 28201
16 17631 28202
16 17631 28203
16 17631 28204
16 17631 28205
16 17631 28206
16 17631 28207
16 17631 28208
16 17631 28209
16 17631 28210
16 17631 28211
16 17631 28212
16 17631 28213
16 17631 28214
16 17631 28215
16 17631 28216
16 17631 28217
16 17631 28218
16 17631 28219
16 17631 28220
16 17631 28221
16 17631 28222
16 17631 28223
16 17631 28224
16 17631 28225
16 17631 28226
16 17631 28227
16 17631 28228
16 17631 28229
16 17631 28230
16 17631 28231
16 17631 28232
16 17631 28233
16 17631 28234
16 17631 28235
16 17631 28236
16 17631 28237
16 17631 28238
16 17631 28239
16 17631 28240
16 17631 28241
16 17631 28242
16 17631 28243
16 17631 28244
16 17631 28245
16 17631 28246
16 17631 28247
16 17631 28248
16 17631 28249
16 17631 28250
16 17631 28251
16 17631 28252
16 17631 28253
16 17631 28254
16 17631 28255
16 17631 28256
16 17631 28257
16 17631 28258
16 17631 28259
16 17631 28260
16 17631 28261
16 17631 28262
16 17631 28263
16 17631 28264
16 17631 28265
16 17631 28266
16 17631 28267
16 17631 28268
16 17631 28269
16 17631 28270
16 17631 28271
16 17631 28272
16 17631 28273
16 17631 28274
16 17631 28275
16 17631 28276
16 17631 28277
16 17631 28278
16 17631 28279
16 17631 28280
16 17631 28281
16 17631 28282
16 17631 28283
16 17631 28284
16 17631 28285
16 17631 28286
16 17631 28287
16 17631 28288
16 17631 28289
16 17631 28290
16 17631 28291
16 17631 28292
16 17631 28293
16 17631 28294
16 17672 28138
16 17678 28132
16 17679 28141
16 17680 28141
16 17681 28135
16 17681 28139
16 17682 28138
16 17682 28139
16 17684 28132
16 17693 28135
16 17755 28153
16 17806 28173
16 17817 28155
16 17822 28175
16 17846 28160
16 17854 28144
16 17854 28156
16 17860 28153
16 17861 28157
16 17867 28143
16 17869 28173
16 17875 28150
16 17877 28148
16 17879 28153
16 17881 28138
16 17881 28149
16 17881 28155
16 17885 28149
16 17886 28138
16 17887 28153
16 17889 28134
16 17889 28141
16 17891 28144
16 17892 28145
16 17893 28136
16 17893 28141
16 17895 28139
16 17896 28145
16 17897 28140
16 17898 28141
16 17900 28151
16 17902 28143
16 17902 28145
16 17903 28149
16 17904 28137
16 17906 28148
16 17907 28122
16 17913 28125
16 17914 28135
16 17914 28140
16 17916 28131
16 17918 28131
16 17920 28134
16 17921 28116
16 17927 28160
16 17928 28114
16 17931 28122
16 17931 28129
16 17931 28131
16 17933 28134
16 17933 28136
16 17934 28107
16 17941 28137
16 17944 28104
16 17945 28095
16 17947 28111
16 17950 28141
16 17953 28116
16 17953 28117
16 17954 28139
16 17957 28114
16 17957 28123
16 17957 28134
16 17958 28126
16 17958 28130
16 17961 28097
16 17969 28121
16 17971 28123
16 17974 28132
16 17977 28113
16 17979 28116
16 17983 28113
16 17994 28102
16 17998 28118
16 18001 28122
16 18004 28125
16 18005 28123
16 18005 28138
16 18006 28041
16 18006 28123
16 18007 28048
16 18008 28127
16 18009 28132
16 18010 28036
17 35263 56058
18 70527 112117
3 2 3
4 4 6
4 4 6
5 8 13
5 8 13
9 137 218
9 137 218
9 137 221
9 137 221
9 138 218
9 138 218
9 138 221
9 138 221
9 139 218
9 139 218
9 139 221
9 139 221
9 140 218
9 140 218
9 140 221
9 140 221
