13 2260 3425
13 2260 3429
13 2260 3430
13 2260 3431
13 2260 3432
13 2260 3433
13 2260 3434
13 2260 3435
13 2260 3436
13 2260 3437
13 2260 3438
13 2260 3439
13 2261 3425
13 2261 3431
13 2261 3432
13 2261 3433
13 2261 3434
13 2261 3435
13 2261 3436
13 2261 3437
13 2261 3438
13 2261 3439
13 2262 3425
13 2262 3433
13 2262 3434
13 2262 3435
13 2262 3436
13 2262 3437
13 2262 3438
13 2262 3439
13 2263 3425
13 2263 3426
13 2263 3427
13 2263 3436
13 2263 3437
13 2263 3438
13 2263 3439
13 2264 3425
13 2264 3426
13 2264 3427
13 2264 3428
13 2264 3429
13 2264 3438
13 2264 3439
13 2265 3425
13 2265 3426
13 2265 3427
13 2265 3428
13 2265 3429
13 2265 3430
13 2265 3431
13 2265 3432
13 2265 3439
13 2266 3425
13 2266 3426
13 2266 3427
13 2266 3428
13 2266 3429
13 2266 3430
13 2266 3431
13 2266 3432
13 2266 3433
13 2266 3434
13 2266 3438
13 2266 3439
13 2267 3425
13 2267 3426
13 2267 3427
13 2267 3428
13 2267 3429
13 2267 3430
13 2267 3431
13 2267 3432
13 2267 3433
13 2267 3434
13 2267 3435
13 2267 3436
13 2267 3437
13 2267 3438
13 2267 3439
13 2268 3425
13 2268 3426
13 2268 3427
13 2268 3428
13 2268 3429
13 2268 3430
13 2268 3431
13 2268 3432
13 2268 3433
13 2268 3434
13 2268 3435
13 2268 3436
13 2268 3437
13 2268 3438
13 2268 3439
