10 294 393
11 588 787
12 1176 1575
12 1176 1575
12 1177 1575
12 1177 1575
12 1178 1575
12 1178 1575
12 1179 1575
12 1179 1575
12 1180 1575
12 1180 1575
12 1181 1575
12 1181 1575
13 2353 3151
13 2353 3151
13 2354 3151
13 2354 3151
13 2355 3151
13 2355 3151
13 2356 3151
13 2356 3151
13 2357 3151
13 2357 3151
13 2358 3151
13 2358 3151
13 2359 3151
13 2359 3151
13 2360 3151
13 2360 3151
13 2361 3151
13 2361 3151
13 2362 3151
13 2362 3151
14 4706 6303
15 9412 12606
16 18825 25213
16 18831 25268
16 18861 25226
16 18882 25304
17 37651 50426
18 75303 100852
3 2 3
4 4 6
4 4 6
5 9 12
5 9 12
6 18 24
6 18 24
7 36 49
7 36 49
9 147 196
9 147 196
14 4706 6327
15 9412 12607
15 9412 12608
15 9412 12609
15 9412 12610
15 9412 12611
15 9412 12612
15 9412 12613
15 9412 12614
15 9412 12615
15 9412 12616
15 9412 12617
15 9412 12618
15 9412 12619
15 9412 12620
15 9412 12621
15 9412 12622
15 9412 12623
15 9412 12624
15 9412 12625
15 9412 12626
15 9412 12627
15 9412 12628
15 9412 12629
15 9412 12630
15 9412 12631
15 9412 12632
15 9412 12633
15 9412 12634
15 9412 12635
15 9412 12636
15 9412 12637
15 9412 12638
15 9412 12639
15 9412 12640
15 9412 12641
15 9412 12642
15 9412 12643
15 9412 12644
15 9412 12645
15 9412 12646
15 9412 12647
15 9412 12648
15 9412 12649
15 9412 12650
15 9412 12651
15 9412 12652
15 9412 12653
15 9412 12654
