10 233 430
11 467 861
11 467 861
12 935 1723
12 935 1723
12 935 1726
12 935 1726
12 936 1726
12 936 1726
12 937 1723
12 937 1723
12 937 1726
12 937 1726
12 938 1723
12 938 1723
12 939 1723
12 939 1723
12 939 1726
12 939 1726
13 1871 3447
13 1871 3447
13 1871 3448
13 1871 3448
13 1871 3451
13 1871 3451
13 1871 3452
13 1871 3452
13 1872 3452
13 1872 3452
13 1873 3452
13 1873 3452
13 1874 3447
13 1874 3447
13 1874 3452
13 1874 3452
13 1875 3447
13 1875 3447
13 1875 3452
13 1875 3452
13 1876 3447
13 1876 3447
13 1876 3452
13 1876 3452
13 1877 3447
13 1877 3447
13 1878 3447
13 1878 3447
13 1878 3452
13 1878 3452
14 3743 6895
14 3743 6896
14 3743 6897
14 3743 6902
14 3743 6903
14 3743 6904
15 7486 13790
15 7486 13791
15 7486 13792
15 7486 13793
15 7486 13794
15 7486 13795
15 7486 13796
15 7486 13797
15 7486 13798
15 7486 13799
15 7486 13800
15 7486 13801
15 7486 13804
15 7486 13805
15 7486 13806
15 7486 13807
15 7486 13808
15 7513 13802
15 7513 13803
16 14972 27580
16 14972 27581
16 14972 27582
16 14972 27583
16 14972 27584
16 14972 27585
16 14972 27586
16 14972 27587
16 14972 27588
16 14972 27589
16 14972 27590
16 14972 27591
16 14972 27592
16 14972 27593
16 14972 27594
16 14972 27595
16 14972 27596
16 14972 27597
16 14972 27598
16 14972 27599
16 14972 27600
16 14972 27601
16 14972 27602
16 14972 27603
16 14972 27604
16 14972 27605
16 14972 27606
16 14972 27607
16 14972 27608
16 14972 27609
16 14972 27610
16 14972 27611
16 14972 27612
16 14972 27613
16 14972 27614
16 14972 27615
16 14972 27616
17 29945 55160
17 29945 55161
17 29945 55162
17 29945 55163
17 29945 55164
17 29945 55165
17 29945 55166
17 29945 55167
17 29945 55168
17 29945 55169
17 29945 55170
17 29945 55171
17 29945 55172
17 29945 55173
17 29945 55174
17 29945 55175
17 29945 55176
17 29945 55177
17 29945 55178
17 29945 55179
17 29945 55180
17 29945 55181
17 29945 55182
17 29945 55183
17 29945 55184
17 29945 55185
17 29945 55186
17 29945 55187
17 29945 55188
17 29945 55189
17 29945 55190
17 29945 55191
17 29945 55192
17 29945 55193
17 29945 55194
17 29945 55195
17 29945 55196
17 29945 55197
17 29945 55198
17 29945 55199
17 29945 55200
17 29945 55201
17 29945 55202
17 29945 55203
17 29945 55204
17 29945 55205
17 29945 55206
17 29945 55207
17 29945 55208
17 29945 55209
17 29945 55210
17 29945 55211
17 29945 55212
17 29945 55213
17 29945 55214
17 29945 55215
17 29945 55216
17 29945 55217
17 29945 55218
17 29945 55219
17 29945 55220
17 29945 55221
17 29945 55222
17 29945 55223
17 29945 55224
17 29945 55225
17 29945 55226
17 29945 55227
17 29945 55228
17 29945 55229
17 29945 55230
17 29945 55231
17 29945 55232
17 29945 55233
18 59891 110320
3 1 3
4 3 6
4 3 6
5 7 13
5 7 13
6 14 26
6 14 26
7 29 53
7 29 53
8 58 107
8 58 107
