13 1945 3385
13 1945 3386
13 1945 3387
13 1945 3388
13 1945 3389
13 1945 3390
13 1945 3391
13 1945 3392
13 1945 3393
13 1945 3394
13 1945 3395
13 1945 3396
13 1945 3397
13 1945 3398
13 1945 3399
13 1945 3400
13 1946 3385
13 1947 3385
13 1948 3385
13 1949 3385
13 1950 3385
13 1951 3385
13 1952 3385
13 1953 3385
13 1954 3385
13 1955 3385
13 1956 3385
13 1957 3385
13 1958 3385
13 1959 3385
13 1960 3385
13 1961 3385
13 1962 3385
13 1963 3385
13 1964 3385
13 1965 3385
13 1966 3385
13 1967 3385
13 1967 3386
13 1967 3387
13 1967 3388
13 1967 3389
13 1967 3390
13 1967 3391
13 1967 3392
13 1967 3393
13 1967 3394
13 1967 3395
13 1967 3396
13 1967 3397
13 1967 3398
13 1967 3399
13 1967 3400
