13 1310 2864
13 1311 2864
14 2620 5727
14 2621 5727
14 2622 5727
14 2622 5728
14 2623 5727
14 2623 5728
14 2624 5727
14 2624 5728
14 2625 5727
14 2625 5728
14 2626 5727
14 2626 5728
14 2627 5725
14 2627 5726
14 2627 5727
14 2627 5728
14 2628 5722
14 2628 5723
14 2628 5724
14 2628 5725
14 2628 5726
14 2628 5727
14 2628 5728
14 2629 5722
14 2629 5723
14 2629 5724
14 2629 5725
14 2629 5726
14 2629 5727
14 2630 5722
14 2630 5723
14 2630 5724
14 2630 5725
14 2630 5726
14 2630 5727
15 5244 11453
15 5245 11453
15 5245 11454
15 5246 11453
16 10483 22876
16 10484 22876
16 10487 22906
16 10487 22907
16 10488 22906
16 10488 22907
16 10489 22906
16 10489 22907
16 10489 22908
16 10490 22906
16 10490 22907
16 10490 22908
16 10491 22906
16 10491 22907
16 10491 22908
16 10492 22906
16 10492 22907
16 10495 22877
16 10495 22878
16 10495 22879
16 10496 22877
16 10496 22878
16 10496 22879
16 10496 22880
16 10496 22881
