12 647 1426
12 647 1427
12 648 1426
12 648 1427
13 1296 2851
13 1296 2852
13 1296 2853
13 1297 2850
13 1297 2851
13 1297 2852
13 1297 2853
13 1298 2848
13 1298 2849
13 1298 2850
13 1298 2851
13 1298 2852
13 1298 2853
13 1299 2845
13 1299 2846
13 1299 2847
13 1299 2848
13 1299 2849
13 1299 2850
13 1299 2851
13 1300 2842
13 1300 2843
13 1300 2844
13 1300 2845
13 1300 2846
13 1300 2847
13 1300 2848
13 1300 2849
13 1301 2839
13 1301 2840
13 1301 2841
13 1301 2842
13 1301 2843
13 1301 2844
13 1301 2845
13 1301 2846
13 1301 2847
13 1302 2837
13 1302 2838
13 1302 2839
13 1302 2840
13 1302 2841
13 1302 2842
13 1302 2843
13 1303 2837
13 1303 2838
13 1303 2839
13 1303 2840
13 1303 2841
14 2605 5674
14 2606 5674
15 5211 11348
15 5212 11348
