12 1020 1705
12 1020 1705
12 1021 1705
12 1021 1705
12 1022 1705
12 1022 1705
12 1023 1705
12 1023 1705
12 1024 1705
12 1024 1705
13 2040 3398
13 2040 3398
13 2040 3399
13 2040 3399
13 2040 3400
13 2040 3400
13 2040 3401
13 2040 3401
13 2040 3402
13 2040 3402
13 2040 3403
13 2040 3403
13 2040 3404
13 2040 3404
13 2040 3405
13 2040 3405
13 2040 3406
13 2040 3406
13 2040 3407
13 2040 3407
13 2040 3408
13 2040 3408
13 2040 3409
13 2040 3409
13 2040 3410
13 2040 3410
13 2041 3398
13 2041 3398
13 2041 3410
13 2041 3410
13 2042 3398
13 2042 3398
13 2042 3410
13 2042 3410
13 2043 3398
13 2043 3398
13 2043 3410
13 2043 3410
13 2044 3398
13 2044 3398
13 2044 3410
13 2044 3410
13 2045 3398
13 2045 3398
13 2045 3410
13 2045 3410
13 2046 3398
13 2046 3398
13 2046 3410
13 2046 3410
13 2047 3398
13 2047 3398
13 2047 3410
13 2047 3410
13 2048 3398
13 2048 3398
13 2048 3410
13 2048 3410
14 4081 6796
14 4081 6797
14 4081 6798
14 4081 6799
14 4081 6800
14 4081 6801
14 4081 6802
14 4081 6803
14 4081 6804
14 4081 6805
14 4081 6806
14 4081 6807
14 4081 6808
14 4081 6809
14 4081 6810
14 4081 6811
14 4081 6812
14 4081 6813
14 4081 6814
14 4081 6815
14 4081 6816
14 4081 6817
14 4081 6818
14 4081 6819
14 4081 6820
15 8163 13592
15 8163 13593
15 8163 13594
15 8163 13595
15 8163 13596
15 8163 13597
15 8163 13598
15 8163 13599
15 8163 13600
15 8163 13601
15 8163 13602
15 8163 13603
15 8163 13604
15 8163 13605
15 8163 13606
15 8163 13607
15 8163 13608
15 8163 13609
15 8163 13610
15 8163 13611
15 8163 13612
15 8163 13613
15 8163 13614
15 8163 13615
15 8163 13616
15 8163 13617
15 8163 13618
15 8163 13619
15 8163 13620
15 8163 13621
15 8163 13622
15 8163 13623
15 8163 13624
15 8163 13625
15 8163 13626
15 8163 13627
15 8163 13628
15 8163 13629
15 8163 13630
15 8163 13631
15 8163 13632
15 8163 13633
15 8163 13634
15 8163 13635
15 8163 13636
15 8163 13637
15 8163 13638
15 8163 13639
15 8163 13640
16 16327 27184
16 16327 27185
16 16327 27186
16 16327 27187
16 16327 27188
16 16327 27189
16 16327 27190
16 16327 27191
16 16327 27192
16 16327 27193
16 16327 27194
16 16327 27195
16 16327 27196
16 16327 27197
16 16327 27198
16 16327 27199
16 16327 27200
16 16327 27201
16 16327 27202
16 16327 27203
16 16327 27204
16 16327 27205
16 16327 27206
16 16327 27207
16 16327 27208
16 16327 27209
16 16327 27210
16 16327 27211
16 16327 27212
16 16327 27213
16 16327 27214
16 16327 27215
16 16327 27216
16 16327 27217
16 16327 27218
16 16327 27219
16 16327 27220
16 16327 27221
16 16327 27222
16 16327 27223
16 16327 27224
16 16327 27225
16 16327 27226
16 16327 27227
16 16327 27228
16 16327 27229
16 16327 27230
16 16327 27231
16 16327 27232
16 16327 27233
16 16327 27234
16 16327 27235
16 16327 27236
16 16327 27237
16 16327 27238
16 16327 27239
16 16327 27240
16 16327 27241
16 16327 27242
16 16327 27243
16 16327 27244
16 16327 27245
16 16327 27246
16 16327 27247
16 16327 27248
16 16327 27249
16 16327 27250
16 16327 27251
16 16327 27252
16 16327 27253
16 16327 27254
16 16327 27255
16 16327 27256
16 16327 27257
16 16327 27258
16 16327 27259
16 16327 27260
16 16327 27261
16 16327 27262
16 16327 27263
16 16327 27264
16 16327 27265
16 16327 27266
16 16327 27267
16 16327 27268
16 16327 27269
16 16327 27270
16 16327 27271
16 16327 27272
16 16327 27273
16 16327 27274
16 16327 27275
16 16327 27276
16 16327 27277
16 16327 27278
16 16327 27279
16 16327 27280
17 32655 54368
17 32655 54369
17 32655 54370
17 32655 54371
17 32655 54372
17 32655 54373
17 32655 54374
17 32655 54375
17 32655 54376
17 32655 54377
17 32655 54378
17 32655 54379
17 32655 54380
17 32655 54381
17 32655 54382
17 32655 54383
17 32655 54384
17 32655 54385
17 32655 54386
17 32655 54387
17 32655 54388
17 32655 54389
17 32655 54390
17 32655 54391
17 32655 54392
17 32655 54393
17 32655 54394
17 32655 54395
17 32655 54396
17 32655 54397
17 32655 54398
17 32655 54399
17 32655 54400
17 32655 54401
17 32655 54402
17 32655 54403
17 32655 54404
17 32655 54405
17 32655 54406
17 32655 54407
17 32655 54408
17 32655 54409
17 32655 54410
17 32655 54411
17 32655 54412
17 32655 54413
17 32655 54414
17 32655 54415
17 32655 54416
17 32655 54417
17 32655 54418
17 32655 54419
17 32655 54420
17 32655 54421
17 32655 54422
17 32655 54423
17 32655 54424
17 32655 54425
17 32655 54426
17 32655 54427
17 32655 54428
17 32655 54429
17 32655 54430
17 32655 54431
17 32655 54432
17 32655 54433
17 32655 54434
17 32655 54435
17 32655 54436
17 32655 54437
17 32655 54438
17 32655 54439
17 32655 54440
17 32655 54441
17 32655 54442
17 32655 54443
17 32655 54444
17 32655 54445
17 32655 54446
17 32655 54447
17 32655 54448
17 32655 54449
17 32655 54450
17 32655 54451
17 32655 54452
17 32655 54453
17 32655 54454
17 32655 54455
17 32655 54456
17 32655 54457
17 32655 54458
17 32655 54459
17 32655 54460
17 32655 54461
17 32655 54462
17 32655 54463
17 32655 54464
17 32655 54465
17 32655 54466
17 32655 54467
17 32655 54468
17 32655 54469
17 32655 54470
17 32655 54471
17 32655 54472
17 32655 54473
17 32655 54474
17 32655 54475
17 32655 54476
17 32655 54477
17 32655 54478
17 32655 54479
17 32655 54480
17 32655 54481
17 32655 54482
17 32655 54483
17 32655 54484
17 32655 54485
17 32655 54486
17 32655 54487
17 32655 54488
17 32655 54489
17 32655 54490
17 32655 54491
17 32655 54492
17 32655 54493
17 32655 54494
17 32655 54495
17 32655 54496
17 32655 54497
17 32655 54498
17 32655 54499
17 32655 54500
17 32655 54501
17 32655 54502
17 32655 54503
17 32655 54504
17 32655 54505
17 32655 54506
17 32655 54507
17 32655 54508
17 32655 54509
17 32655 54510
17 32655 54511
17 32655 54512
17 32655 54513
17 32655 54514
17 32655 54515
17 32655 54516
17 32655 54517
17 32655 54518
17 32655 54519
17 32655 54520
17 32655 54521
17 32655 54522
17 32655 54523
17 32655 54524
17 32655 54525
17 32655 54526
17 32655 54527
17 32655 54528
17 32655 54529
17 32655 54530
17 32655 54531
17 32655 54532
17 32655 54533
17 32655 54534
17 32655 54535
17 32655 54536
17 32655 54537
17 32655 54538
17 32655 54539
17 32655 54540
17 32655 54541
17 32655 54542
17 32655 54543
17 32655 54544
17 32655 54545
17 32655 54546
17 32655 54547
17 32655 54548
17 32655 54549
17 32655 54550
17 32655 54551
17 32655 54552
17 32655 54553
17 32655 54554
17 32655 54555
17 32655 54556
17 32655 54557
17 32655 54558
17 32655 54559
17 32655 54560
17 32655 54561
18 65310 108736
3 1 3
4 3 6
4 3 6
4 4 6
4 4 6
5 7 13
5 7 13
5 8 13
5 8 13
6 15 26
6 15 26
6 16 26
6 16 26
7 31 53
7 31 53
7 32 53
7 32 53
8 63 106
8 63 106
8 64 106
8 64 106
