13 2358 3194
13 2358 3194
13 2358 3195
13 2358 3195
13 2358 3197
13 2358 3197
13 2359 3197
13 2359 3197
13 2360 3197
13 2360 3197
13 2362 3194
13 2362 3194
13 2363 3194
13 2363 3194
14 4717 6388
14 4717 6389
14 4717 6390
14 4717 6391
14 4717 6393
14 4717 6394
14 4717 6395
15 9435 12777
15 9435 12778
15 9435 12779
15 9435 12780
15 9435 12781
15 9435 12782
15 9435 12783
15 9435 12785
15 9435 12786
15 9435 12787
15 9435 12788
15 9435 12789
15 9435 12790
15 9455 12784
16 18871 25555
16 18871 25556
16 18871 25557
16 18871 25558
16 18871 25559
16 18871 25560
16 18871 25561
16 18871 25562
16 18871 25563
16 18871 25564
16 18871 25565
16 18871 25566
16 18871 25567
16 18871 25568
16 18871 25569
16 18871 25570
16 18871 25571
16 18871 25572
16 18871 25573
16 18871 25574
16 18871 25575
16 18871 25576
16 18871 25577
16 18871 25578
16 18871 25579
16 18871 25580
16 18871 25581
17 37742 51110
17 37742 51111
17 37742 51112
17 37742 51113
17 37742 51114
17 37742 51115
17 37742 51116
17 37742 51117
17 37742 51118
17 37742 51119
17 37742 51120
17 37742 51121
17 37742 51122
17 37742 51123
17 37742 51124
17 37742 51125
17 37742 51126
17 37742 51127
17 37742 51128
17 37742 51129
17 37742 51130
17 37742 51131
17 37742 51132
17 37742 51133
17 37742 51134
17 37742 51135
17 37742 51136
17 37742 51137
17 37742 51138
17 37742 51139
17 37742 51140
17 37742 51141
17 37742 51142
17 37742 51143
17 37742 51144
17 37742 51145
17 37742 51146
17 37742 51147
17 37742 51148
17 37742 51149
17 37742 51150
17 37742 51151
17 37742 51152
17 37742 51153
17 37742 51154
17 37742 51155
17 37742 51156
17 37742 51157
17 37742 51158
17 37742 51159
17 37742 51160
17 37742 51161
17 37742 51162
18 75484 102220
18 75484 102221
18 75484 102222
18 75484 102223
18 75484 102224
18 75484 102225
18 75484 102226
18 75484 102227
18 75484 102228
18 75484 102229
18 75484 102230
18 75484 102231
18 75484 102232
18 75484 102233
18 75484 102234
18 75484 102235
18 75484 102236
18 75484 102237
18 75484 102238
18 75484 102239
18 75484 102240
18 75484 102241
18 75484 102242
18 75484 102243
18 75484 102244
18 75484 102245
18 75484 102246
18 75484 102247
18 75484 102248
18 75484 102249
18 75484 102250
18 75484 102251
18 75484 102252
18 75484 102253
18 75484 102254
18 75484 102255
18 75484 102256
18 75484 102257
18 75484 102258
18 75484 102259
18 75484 102260
18 75484 102261
18 75484 102262
18 75484 102263
18 75484 102264
18 75484 102265
18 75484 102266
18 75484 102267
18 75484 102268
18 75484 102269
18 75484 102270
18 75484 102271
18 75484 102272
18 75484 102273
18 75484 102274
18 75484 102275
18 75484 102276
18 75484 102277
18 75484 102278
18 75484 102279
18 75484 102280
18 75484 102281
18 75484 102282
18 75484 102283
18 75484 102284
18 75484 102285
18 75484 102286
18 75484 102287
18 75484 102288
18 75484 102289
18 75484 102290
18 75484 102291
18 75484 102292
18 75484 102293
18 75484 102294
18 75484 102295
18 75484 102296
18 75484 102297
18 75484 102298
18 75484 102299
18 75484 102300
18 75484 102301
18 75484 102302
18 75484 102303
18 75484 102304
18 75484 102305
18 75484 102306
18 75484 102307
18 75484 102308
18 75484 102309
18 75484 102310
18 75484 102311
18 75484 102312
18 75484 102313
18 75484 102314
18 75484 102315
18 75484 102316
18 75484 102317
18 75484 102318
18 75484 102319
18 75484 102320
18 75484 102321
18 75484 102322
18 75484 102323
18 75484 102324
18 75484 102325
3 2 3
4 4 6
4 4 6
5 9 12
5 9 12
6 18 24
6 18 24
7 36 49
7 36 49
14 4717 6389
14 4717 6390
14 4717 6391
14 4717 6393
14 4717 6394
14 4717 6395
15 9435 12778
15 9435 12779
15 9435 12780
15 9435 12781
15 9435 12782
15 9435 12783
15 9455 12784
15 9435 12785
15 9435 12786
15 9435 12787
15 9435 12788
15 9435 12789
15 9435 12790
