13 2448 3059
13 2448 3059
13 2448 3060
13 2448 3060
14 4897 6119
14 4897 6120
15 9795 12238
15 9795 12239
15 9795 12240
16 19591 24476
16 19591 24477
16 19591 24478
16 19591 24479
16 19591 24480
16 19591 24481
17 39183 48953
17 39183 48954
17 39183 48955
17 39183 48956
17 39183 48957
17 39183 48958
17 39183 48959
17 39183 48960
17 39183 48961
17 39183 48962
17 39183 48963
18 78367 97907
18 78367 97908
18 78367 97909
18 78367 97910
18 78367 97911
18 78367 97912
18 78367 97913
18 78367 97914
18 78367 97915
18 78367 97916
18 78367 97917
18 78367 97918
18 78367 97919
18 78367 97920
18 78367 97921
18 78367 97922
18 78367 97923
18 78367 97924
18 78367 97925
18 78367 97926
3 2 2
4 4 5
4 4 5
5 9 11
5 9 11
6 19 23
6 19 23
7 38 47
7 38 47
8 76 95
8 76 95
14 4897 6120
15 9795 12239
15 9795 12240
