10 302 381
11 604 763
12 1208 1526
12 1208 1526
12 1208 1527
12 1208 1527
12 1208 1528
12 1208 1528
12 1208 1529
12 1208 1529
12 1208 1530
12 1208 1530
12 1208 1531
12 1208 1531
12 1208 1532
12 1208 1532
12 1209 1526
12 1209 1526
12 1209 1527
12 1209 1527
12 1209 1528
12 1209 1528
12 1209 1529
12 1209 1529
12 1209 1530
12 1209 1530
12 1209 1531
12 1209 1531
12 1209 1532
12 1209 1532
13 2410 3053
13 2410 3053
13 2410 3054
13 2410 3054
13 2410 3055
13 2410 3055
13 2410 3056
13 2410 3056
13 2410 3057
13 2410 3057
13 2410 3058
13 2410 3058
13 2410 3059
13 2410 3059
13 2410 3060
13 2410 3060
13 2410 3061
13 2410 3061
13 2410 3062
13 2410 3062
13 2410 3063
13 2410 3063
13 2410 3064
13 2410 3064
13 2410 3065
13 2410 3065
13 2415 3053
13 2415 3053
13 2415 3054
13 2415 3054
13 2415 3055
13 2415 3055
13 2415 3056
13 2415 3056
13 2415 3057
13 2415 3057
13 2415 3058
13 2415 3058
13 2415 3059
13 2415 3059
13 2415 3060
13 2415 3060
13 2415 3061
13 2415 3061
13 2415 3062
13 2415 3062
13 2415 3063
13 2415 3063
13 2415 3064
13 2415 3064
13 2415 3065
13 2415 3065
13 2416 3053
13 2416 3053
13 2416 3054
13 2416 3054
13 2416 3055
13 2416 3055
13 2416 3056
13 2416 3056
13 2416 3057
13 2416 3057
13 2416 3058
13 2416 3058
13 2416 3059
13 2416 3059
13 2416 3060
13 2416 3060
13 2416 3061
13 2416 3061
13 2416 3062
13 2416 3062
13 2416 3063
13 2416 3063
13 2416 3064
13 2416 3064
13 2416 3065
13 2416 3065
13 2417 3053
13 2417 3053
13 2417 3054
13 2417 3054
13 2417 3055
13 2417 3055
13 2417 3056
13 2417 3056
13 2417 3057
13 2417 3057
13 2417 3058
13 2417 3058
13 2417 3059
13 2417 3059
13 2417 3060
13 2417 3060
13 2417 3061
13 2417 3061
13 2417 3062
13 2417 3062
13 2417 3063
13 2417 3063
13 2417 3064
13 2417 3064
13 2417 3065
13 2417 3065
13 2418 3053
13 2418 3053
13 2418 3054
13 2418 3054
13 2418 3055
13 2418 3055
13 2418 3056
13 2418 3056
13 2418 3057
13 2418 3057
13 2418 3058
13 2418 3058
13 2418 3059
13 2418 3059
13 2418 3060
13 2418 3060
13 2418 3061
13 2418 3061
13 2418 3062
13 2418 3062
13 2418 3063
13 2418 3063
13 2418 3064
13 2418 3064
13 2418 3065
13 2418 3065
14 4821 6106
14 4821 6107
14 4821 6108
14 4821 6109
14 4821 6110
14 4821 6111
14 4821 6112
14 4821 6113
14 4821 6114
14 4821 6115
14 4821 6116
14 4821 6117
14 4821 6118
14 4821 6119
14 4821 6120
14 4821 6121
14 4821 6122
14 4821 6123
14 4821 6124
14 4821 6125
14 4821 6126
14 4821 6127
14 4821 6128
14 4821 6129
14 4821 6130
15 9643 12213
15 9643 12214
15 9643 12215
15 9643 12216
15 9643 12217
15 9643 12218
15 9643 12219
15 9643 12220
15 9643 12221
15 9643 12222
15 9643 12223
15 9643 12224
15 9643 12225
15 9643 12226
15 9643 12227
15 9643 12228
15 9643 12229
15 9643 12230
15 9643 12231
15 9643 12232
15 9643 12233
15 9643 12234
15 9643 12235
15 9643 12236
15 9643 12237
15 9643 12238
15 9643 12239
15 9643 12240
15 9643 12241
15 9643 12242
15 9643 12243
15 9643 12244
15 9643 12245
15 9643 12246
15 9643 12247
15 9643 12248
15 9643 12249
15 9643 12250
15 9643 12251
15 9643 12252
15 9643 12253
15 9643 12254
15 9643 12255
15 9643 12256
15 9643 12257
15 9643 12258
15 9643 12259
15 9643 12260
15 9643 12261
16 19287 24426
17 38574 48853
18 77149 97707
3 2 2
4 4 5
4 4 5
5 9 11
5 9 11
6 18 23
6 18 23
7 37 47
7 37 47
9 151 190
9 151 190
9 151 191
9 151 191
