13 2424 3068
13 2424 3068
13 2424 3069
13 2424 3069
14 4849 6136
14 4849 6137
14 4849 6138
15 9699 12272
15 9699 12273
15 9699 12274
15 9699 12275
15 9699 12276
16 19398 24544
16 19398 24545
16 19398 24546
16 19398 24547
16 19398 24548
16 19398 24549
16 19398 24550
16 19398 24551
16 19398 24552
17 38797 49089
17 38797 49090
17 38797 49091
17 38797 49092
17 38797 49093
17 38797 49094
17 38797 49095
17 38797 49096
17 38797 49097
17 38797 49098
17 38797 49099
17 38797 49100
17 38797 49101
17 38797 49102
17 38797 49103
17 38797 49104
17 38797 49105
18 77595 98178
3 2 2
4 4 5
4 4 5
5 9 11
5 9 11
6 18 23
6 18 23
7 37 47
7 37 47
8 75 95
8 75 95
