12 1166 1588
12 1166 1588
12 1166 1589
12 1166 1589
12 1166 1590
12 1166 1590
13 2333 3176
13 2333 3176
13 2333 3177
13 2333 3177
13 2333 3178
13 2333 3178
13 2333 3179
13 2333 3179
13 2333 3180
13 2333 3180
13 2334 3179
13 2334 3179
13 2334 3180
13 2334 3180
13 2339 3176
13 2339 3176
13 2339 3177
13 2339 3177
13 2339 3178
13 2339 3178
13 2339 3179
13 2339 3179
13 2339 3180
13 2339 3180
14 4666 6352
14 4666 6353
14 4666 6354
14 4666 6355
14 4666 6356
14 4666 6357
14 4666 6358
14 4666 6359
14 4666 6360
14 4666 6361
14 4669 6360
15 9333 12704
15 9333 12705
15 9333 12706
15 9333 12707
15 9333 12708
15 9333 12709
15 9333 12710
15 9333 12711
15 9333 12712
15 9333 12713
15 9333 12714
15 9333 12715
15 9333 12716
15 9333 12717
15 9333 12718
15 9333 12719
15 9333 12720
15 9333 12721
15 9333 12722
15 9338 12721
16 18667 25409
16 18667 25410
16 18667 25411
16 18667 25412
16 18667 25413
16 18667 25414
16 18667 25415
16 18667 25416
16 18667 25417
16 18667 25418
16 18667 25419
16 18667 25420
16 18667 25421
16 18667 25422
16 18667 25423
16 18667 25424
16 18667 25425
16 18667 25426
16 18667 25427
16 18667 25428
16 18667 25429
16 18667 25430
16 18667 25431
16 18667 25432
16 18667 25433
16 18667 25434
16 18667 25435
16 18667 25436
16 18667 25437
16 18667 25438
16 18667 25439
16 18667 25440
16 18667 25441
16 18667 25442
16 18667 25443
16 18667 25444
16 18677 25442
17 37334 50819
18 74669 101639
3 2 3
4 4 6
4 4 6
5 9 12
5 9 12
6 18 24
6 18 24
7 36 49
7 36 49
8 72 99
8 72 99
8 73 99
8 73 99
