13 2407 3081
13 2407 3081
13 2408 3081
13 2408 3081
13 2409 3081
13 2409 3081
13 2410 3081
13 2410 3081
13 2411 3081
13 2411 3081
14 4815 6162
15 9631 12324
15 9641 12301
15 9641 12302
15 9641 12303
15 9641 12304
15 9647 12305
15 9647 12306
15 9647 12307
15 9647 12308
15 9647 12309
15 9647 12310
15 9647 12311
15 9647 12312
15 9647 12313
15 9647 12314
15 9647 12315
15 9647 12316
15 9647 12317
15 9647 12318
15 9647 12319
15 9647 12320
15 9647 12321
15 9647 12322
15 9647 12323
16 19262 24602
16 19262 24603
16 19262 24604
16 19262 24605
16 19262 24606
16 19262 24607
16 19262 24608
16 19262 24609
16 19262 24610
16 19262 24611
16 19262 24612
16 19262 24613
16 19262 24614
16 19262 24615
16 19262 24616
16 19262 24617
16 19262 24618
16 19262 24619
16 19262 24620
16 19262 24621
16 19262 24622
16 19262 24623
16 19262 24624
16 19262 24625
16 19262 24626
16 19262 24627
16 19262 24628
16 19262 24629
16 19262 24630
16 19262 24631
16 19262 24632
16 19262 24633
16 19262 24634
16 19262 24635
16 19262 24636
16 19262 24637
16 19262 24638
16 19262 24639
16 19262 24640
16 19262 24641
16 19262 24642
16 19262 24643
16 19262 24644
16 19262 24645
16 19262 24646
16 19262 24647
16 19262 24648
17 38525 49204
17 38525 49205
17 38525 49206
17 38525 49207
17 38525 49208
17 38525 49209
17 38525 49210
17 38525 49211
17 38525 49212
17 38525 49213
17 38525 49214
17 38525 49215
17 38525 49216
17 38525 49217
17 38525 49218
17 38525 49219
17 38525 49220
17 38525 49221
17 38525 49222
17 38525 49223
17 38525 49224
17 38525 49225
17 38525 49226
17 38525 49227
17 38525 49228
17 38525 49229
17 38525 49230
17 38525 49231
17 38525 49232
17 38525 49233
17 38525 49234
17 38525 49235
17 38525 49236
17 38525 49237
17 38525 49238
17 38525 49239
17 38525 49240
17 38525 49241
17 38525 49242
17 38525 49243
17 38525 49244
17 38525 49245
17 38525 49246
17 38525 49247
17 38525 49248
17 38525 49249
17 38525 49250
17 38525 49251
17 38525 49252
17 38525 49253
17 38525 49254
17 38525 49255
17 38525 49256
17 38525 49257
17 38525 49258
17 38525 49259
17 38525 49260
17 38525 49261
17 38525 49262
17 38525 49263
17 38525 49264
17 38525 49265
17 38525 49266
17 38525 49267
17 38525 49268
17 38525 49269
17 38525 49270
17 38525 49271
17 38525 49272
17 38525 49273
17 38525 49274
17 38525 49275
17 38525 49276
17 38525 49277
17 38525 49278
17 38525 49279
17 38525 49280
17 38525 49281
17 38525 49282
17 38525 49283
17 38525 49284
17 38525 49285
17 38525 49286
17 38525 49287
17 38525 49288
17 38525 49289
17 38525 49290
17 38525 49291
17 38525 49292
17 38525 49293
17 38525 49294
17 38525 49295
17 38525 49296
17 38525 49297
18 77051 98408
3 2 3
4 4 6
4 4 6
5 9 12
5 9 12
6 18 24
6 18 24
7 37 48
7 37 48
8 75 96
8 75 96
