10 254 420
11 508 841
12 1016 1683
12 1016 1683
12 1016 1684
12 1016 1684
12 1016 1685
12 1016 1685
12 1016 1686
12 1016 1686
12 1016 1687
12 1016 1687
12 1016 1688
12 1016 1688
12 1016 1689
12 1016 1689
12 1016 1690
12 1016 1690
12 1016 1691
12 1016 1691
12 1017 1683
12 1017 1683
12 1018 1683
12 1018 1683
12 1019 1683
12 1019 1683
12 1020 1683
12 1020 1683
12 1021 1683
12 1021 1683
12 1022 1683
12 1022 1683
12 1023 1683
12 1023 1683
12 1024 1683
12 1024 1683
12 1025 1683
12 1025 1683
12 1026 1683
12 1026 1683
12 1027 1683
12 1027 1683
13 2033 3367
13 2033 3367
13 2033 3368
13 2033 3368
13 2033 3369
13 2033 3369
13 2033 3370
13 2033 3370
13 2033 3371
13 2033 3371
13 2033 3372
13 2033 3372
13 2033 3373
13 2033 3373
13 2033 3374
13 2033 3374
13 2033 3375
13 2033 3375
13 2033 3376
13 2033 3376
13 2033 3377
13 2033 3377
13 2033 3378
13 2033 3378
13 2033 3379
13 2033 3379
13 2033 3380
13 2033 3380
13 2033 3381
13 2033 3381
13 2033 3382
13 2033 3382
13 2033 3383
13 2033 3383
13 2034 3367
13 2034 3367
13 2034 3383
13 2034 3383
13 2035 3367
13 2035 3367
13 2035 3383
13 2035 3383
13 2036 3367
13 2036 3367
13 2036 3383
13 2036 3383
13 2037 3367
13 2037 3367
13 2037 3383
13 2037 3383
13 2038 3367
13 2038 3367
13 2038 3383
13 2038 3383
13 2039 3367
13 2039 3367
13 2039 3383
13 2039 3383
13 2040 3367
13 2040 3367
13 2040 3383
13 2040 3383
13 2041 3367
13 2041 3367
13 2041 3383
13 2041 3383
13 2042 3367
13 2042 3367
13 2042 3383
13 2042 3383
13 2043 3367
13 2043 3367
13 2043 3383
13 2043 3383
13 2044 3367
13 2044 3367
13 2044 3383
13 2044 3383
13 2045 3367
13 2045 3367
13 2045 3383
13 2045 3383
13 2046 3367
13 2046 3367
13 2046 3383
13 2046 3383
13 2047 3367
13 2047 3367
13 2047 3383
13 2047 3383
13 2048 3367
13 2048 3367
13 2048 3383
13 2048 3383
13 2049 3367
13 2049 3367
13 2049 3383
13 2049 3383
13 2050 3367
13 2050 3367
13 2050 3383
13 2050 3383
13 2051 3367
13 2051 3367
13 2051 3383
13 2051 3383
13 2052 3367
13 2052 3367
13 2052 3383
13 2052 3383
13 2053 3367
13 2053 3367
13 2053 3383
13 2053 3383
13 2054 3367
13 2054 3367
13 2054 3383
13 2054 3383
14 4067 6735
15 8135 13471
15 8214 13472
16 16271 26943
16 16295 27037
16 16320 27055
16 16362 27044
16 16366 27034
16 16414 26974
16 16429 26944
17 32542 53886
18 65084 107773
3 1 3
3 2 3
4 3 6
4 3 6
4 4 6
4 4 6
5 7 13
5 7 13
5 8 13
5 8 13
6 15 26
6 15 26
6 16 26
6 16 26
7 31 52
7 31 52
7 32 52
7 32 52
14 4067 6736
14 4067 6737
14 4067 6738
14 4067 6739
14 4067 6740
14 4067 6741
14 4067 6742
14 4067 6743
14 4067 6744
14 4067 6745
14 4067 6746
14 4067 6747
14 4067 6748
14 4067 6749
14 4067 6750
14 4067 6751
14 4067 6752
14 4067 6753
14 4067 6754
14 4067 6755
14 4067 6756
14 4067 6757
14 4067 6758
14 4067 6759
14 4067 6760
14 4067 6761
14 4067 6762
14 4067 6763
14 4067 6764
14 4067 6765
14 4067 6766
14 4067 6767
15 8135 13472
15 8135 13473
15 8135 13474
15 8135 13475
15 8135 13476
15 8135 13477
15 8135 13478
15 8135 13479
15 8135 13480
15 8135 13481
15 8135 13482
15 8135 13483
15 8135 13484
15 8135 13485
15 8135 13486
15 8135 13487
15 8135 13488
15 8135 13489
15 8135 13490
15 8135 13491
15 8135 13492
15 8135 13493
15 8135 13494
15 8135 13495
15 8135 13496
15 8135 13497
15 8135 13498
15 8135 13499
15 8135 13500
15 8135 13501
15 8135 13502
15 8135 13503
15 8135 13504
15 8135 13505
15 8135 13506
15 8135 13507
15 8135 13508
15 8135 13509
15 8135 13510
15 8135 13511
15 8135 13512
15 8135 13513
15 8135 13514
15 8135 13515
15 8135 13516
15 8135 13517
15 8135 13518
15 8135 13519
15 8135 13520
15 8135 13521
15 8135 13522
15 8135 13523
15 8135 13524
15 8135 13525
15 8135 13526
15 8135 13527
15 8135 13528
15 8135 13529
15 8135 13530
15 8135 13531
15 8135 13532
15 8135 13533
15 8135 13534
