13 2271 3489
13 2271 3489
13 2271 3490
13 2271 3490
14 4542 6979
14 4542 6980
14 4542 6981
15 9078 13958
15 9078 13959
15 9078 13960
15 9078 13962
15 9078 13963
15 9079 13958
15 9082 13958
15 9083 13961
16 18157 27916
16 18157 27917
16 18157 27918
16 18157 27919
16 18157 27920
16 18157 27921
16 18157 27922
16 18157 27924
16 18157 27925
16 18157 27926
16 18157 27927
16 18158 27917
16 18164 27916
16 18166 27923
17 36314 55832
17 36314 55833
17 36314 55834
17 36314 55835
17 36314 55836
17 36314 55837
17 36314 55838
17 36314 55839
17 36314 55840
17 36314 55841
17 36314 55842
17 36314 55843
17 36314 55844
17 36314 55845
17 36314 55846
17 36314 55847
17 36314 55848
17 36314 55849
17 36314 55850
17 36314 55851
17 36314 55852
17 36314 55853
17 36314 55854
17 36315 55840
17 36315 55843
17 36316 55845
17 36316 55846
17 36316 55849
17 36317 55834
17 36317 55835
17 36317 55847
17 36318 55837
17 36318 55846
17 36319 55836
17 36319 55849
17 36320 55834
17 36320 55838
17 36321 55834
17 36321 55837
17 36323 55836
17 36325 55834
17 36329 55833
18 72629 111665
18 72629 111666
18 72629 111667
18 72629 111668
18 72629 111669
18 72629 111670
18 72629 111671
18 72629 111672
18 72629 111673
18 72629 111674
18 72629 111675
18 72629 111676
18 72629 111677
18 72629 111678
18 72629 111679
18 72629 111680
18 72629 111681
18 72629 111682
18 72629 111683
18 72629 111684
18 72629 111685
18 72629 111686
18 72629 111687
18 72629 111688
18 72629 111689
18 72629 111690
18 72629 111691
18 72629 111692
18 72629 111693
18 72629 111694
18 72629 111695
18 72629 111696
18 72629 111697
18 72629 111698
18 72629 111699
18 72629 111700
18 72629 111701
18 72629 111702
18 72629 111703
18 72629 111704
18 72629 111705
18 72629 111706
18 72629 111707
18 72629 111708
18 72630 111680
18 72630 111686
18 72632 111693
18 72632 111698
18 72634 111668
18 72636 111674
18 72641 111669
18 72642 111669
18 72643 111675
18 72646 111673
18 72650 111668
18 72658 111667
3 2 3
4 4 6
4 4 6
5 8 13
5 8 13
6 17 27
6 17 27
7 35 54
7 35 54
8 70 109
8 70 109
14 4542 6980
14 4542 6981
15 9078 13959
15 9083 13961
15 9078 13962
15 9078 13963
