10 241 426
11 483 852
11 483 852
12 966 1704
12 966 1704
12 967 1704
12 967 1704
12 968 1704
12 968 1704
12 969 1704
12 969 1704
12 970 1704
12 970 1704
12 971 1704
12 971 1704
12 972 1704
12 972 1704
12 973 1704
12 973 1704
12 974 1704
12 974 1704
12 975 1704
12 975 1704
12 976 1704
12 976 1704
12 977 1704
12 977 1704
12 978 1704
12 978 1704
13 1933 3408
13 1933 3408
13 1934 3408
13 1934 3408
13 1935 3408
13 1935 3408
13 1936 3408
13 1936 3408
13 1937 3408
13 1937 3408
13 1938 3408
13 1938 3408
13 1939 3408
13 1939 3408
13 1940 3408
13 1940 3408
13 1941 3408
13 1941 3408
13 1942 3408
13 1942 3408
13 1943 3408
13 1943 3408
13 1944 3408
13 1944 3408
13 1945 3408
13 1945 3408
13 1946 3408
13 1946 3408
13 1947 3408
13 1947 3408
13 1948 3408
13 1948 3408
13 1949 3408
13 1949 3408
13 1950 3408
13 1950 3408
13 1951 3408
13 1951 3408
13 1952 3408
13 1952 3408
13 1953 3408
13 1953 3408
13 1954 3408
13 1954 3408
13 1955 3408
13 1955 3408
13 1956 3408
13 1956 3408
13 1957 3408
13 1957 3408
14 3866 6816
14 3866 6817
15 7732 13568
15 7732 13569
15 7732 13570
15 7732 13571
15 7732 13572
15 7732 13573
15 7732 13574
15 7732 13575
15 7732 13576
15 7732 13577
15 7732 13578
15 7732 13579
15 7732 13580
15 7732 13581
15 7732 13582
15 7732 13583
15 7732 13584
15 7732 13585
15 7732 13586
15 7732 13587
15 7732 13588
15 7732 13589
15 7732 13590
15 7732 13591
15 7732 13592
15 7732 13593
15 7732 13594
15 7732 13595
15 7732 13596
15 7732 13597
15 7732 13598
15 7732 13599
15 7732 13600
15 7732 13601
15 7732 13602
15 7732 13603
15 7732 13604
15 7732 13605
15 7732 13606
15 7732 13607
15 7732 13608
15 7732 13609
15 7732 13610
15 7732 13611
15 7732 13612
15 7732 13613
15 7732 13614
15 7732 13615
15 7732 13616
15 7732 13617
15 7732 13618
15 7732 13619
15 7732 13620
15 7732 13621
15 7732 13622
15 7732 13623
15 7732 13624
15 7732 13625
15 7732 13626
15 7732 13627
15 7732 13628
15 7732 13629
15 7732 13630
15 7732 13631
15 7732 13632
15 7732 13633
15 7732 13634
16 15464 27136
16 15464 27137
16 15464 27138
16 15464 27139
16 15464 27140
16 15464 27141
16 15464 27142
16 15464 27143
16 15464 27144
16 15464 27145
16 15464 27146
16 15464 27147
16 15464 27148
16 15464 27149
16 15464 27150
16 15464 27151
16 15464 27152
16 15464 27153
16 15464 27154
16 15464 27155
16 15464 27156
16 15464 27157
16 15464 27158
16 15464 27159
16 15464 27160
16 15464 27161
16 15464 27162
16 15464 27163
16 15464 27164
16 15464 27165
16 15464 27166
16 15464 27167
16 15464 27168
16 15464 27169
16 15464 27170
16 15464 27171
16 15464 27172
16 15464 27173
16 15464 27174
16 15464 27175
16 15464 27176
16 15464 27177
16 15464 27178
16 15464 27179
16 15464 27180
16 15464 27181
16 15464 27182
16 15464 27183
16 15464 27184
16 15464 27185
16 15464 27186
16 15464 27187
16 15464 27188
16 15464 27189
16 15464 27190
16 15464 27191
16 15464 27192
16 15464 27193
16 15464 27194
16 15464 27195
16 15464 27196
16 15464 27197
16 15464 27198
16 15464 27199
16 15464 27200
16 15464 27201
16 15464 27202
16 15464 27203
16 15464 27204
16 15464 27205
16 15464 27206
16 15464 27207
16 15464 27208
16 15464 27209
16 15464 27210
16 15464 27211
16 15464 27212
16 15464 27213
16 15464 27214
16 15464 27215
16 15464 27216
16 15464 27217
16 15464 27218
16 15464 27219
16 15464 27220
16 15464 27221
16 15464 27222
16 15464 27223
16 15464 27224
16 15464 27225
16 15464 27226
16 15464 27227
16 15464 27228
16 15464 27229
16 15464 27230
16 15464 27231
16 15464 27232
16 15464 27233
16 15464 27234
16 15464 27235
16 15464 27236
16 15464 27237
16 15464 27238
16 15464 27239
16 15464 27240
16 15464 27241
16 15464 27242
16 15464 27243
16 15464 27244
16 15464 27245
16 15464 27246
16 15464 27247
16 15464 27248
16 15464 27249
16 15464 27250
16 15464 27251
16 15464 27252
16 15464 27253
16 15464 27254
16 15464 27255
16 15464 27256
16 15464 27257
16 15464 27258
16 15464 27259
16 15464 27260
16 15464 27261
16 15464 27262
16 15464 27263
16 15464 27264
16 15464 27265
16 15464 27266
16 15464 27267
16 15464 27268
17 30928 54273
18 61856 108546
3 1 3
4 3 6
4 3 6
5 7 13
5 7 13
6 15 26
6 15 26
7 30 53
7 30 53
9 120 213
9 120 213
9 121 213
9 121 213
9 122 213
9 122 213
