13 2390 3101
13 2390 3101
14 4781 6202
14 4781 6203
14 4783 6200
14 4785 6201
15 9562 12400
15 9562 12401
15 9562 12402
15 9562 12403
15 9562 12404
15 9562 12405
15 9562 12406
15 9562 12407
16 19125 24801
16 19125 24802
16 19125 24803
16 19125 24804
16 19125 24805
16 19125 24806
16 19125 24807
16 19125 24808
16 19125 24809
16 19125 24810
16 19125 24811
16 19125 24812
16 19125 24813
16 19125 24814
17 38251 49602
17 38251 49603
17 38251 49604
17 38251 49605
17 38251 49606
17 38251 49607
17 38251 49608
17 38251 49609
17 38251 49610
17 38251 49611
17 38251 49612
17 38251 49613
17 38251 49614
17 38251 49615
17 38251 49616
17 38251 49617
17 38251 49618
17 38251 49619
17 38251 49620
17 38251 49621
17 38251 49622
17 38251 49623
17 38251 49624
17 38251 49625
17 38251 49626
17 38251 49627
17 38251 49628
18 76502 99204
3 2 3
4 4 6
4 4 6
5 9 12
5 9 12
6 18 24
6 18 24
7 37 48
7 37 48
8 74 96
8 74 96
