11 512 842
12 1025 1685
12 1025 1685
12 1025 1686
12 1025 1686
12 1025 1688
12 1025 1688
12 1025 1689
12 1025 1689
12 1026 1685
12 1026 1685
12 1026 1686
12 1026 1686
12 1027 1685
12 1027 1685
12 1027 1689
12 1027 1689
12 1028 1685
12 1028 1685
12 1028 1689
12 1028 1689
12 1029 1685
12 1029 1685
12 1029 1689
12 1029 1689
12 1030 1685
12 1030 1685
12 1030 1689
12 1030 1689
12 1031 1685
12 1031 1685
12 1031 1688
12 1031 1688
12 1031 1689
12 1031 1689
12 655 1432
12 656 1431
12 656 1432
13 2051 3370
13 2051 3370
13 2051 3371
13 2051 3371
13 2051 3372
13 2051 3372
13 2051 3373
13 2051 3373
13 2051 3375
13 2051 3375
13 2051 3376
13 2051 3376
13 2051 3377
13 2051 3377
13 2051 3378
13 2051 3378
13 2052 3370
13 2052 3370
13 2052 3371
13 2052 3371
13 2052 3372
13 2052 3372
13 2052 3373
13 2052 3373
13 2053 3370
13 2053 3370
13 2053 3371
13 2053 3371
13 2053 3372
13 2053 3372
13 2053 3373
13 2053 3373
13 2054 3370
13 2054 3370
13 2054 3371
13 2054 3371
13 2054 3372
13 2054 3372
13 2054 3378
13 2054 3378
13 2055 3370
13 2055 3370
13 2055 3371
13 2055 3371
13 2055 3372
13 2055 3372
13 2055 3378
13 2055 3378
13 2056 3370
13 2056 3370
13 2056 3371
13 2056 3371
13 2056 3372
13 2056 3372
13 2056 3378
13 2056 3378
13 2057 3370
13 2057 3370
13 2057 3371
13 2057 3371
13 2057 3372
13 2057 3372
13 2057 3377
13 2057 3377
13 2057 3378
13 2057 3378
13 2058 3370
13 2058 3370
13 2058 3371
13 2058 3371
13 2058 3372
13 2058 3372
13 2058 3377
13 2058 3377
13 2058 3378
13 2058 3378
13 2059 3370
13 2059 3370
13 2059 3371
13 2059 3371
13 2059 3372
13 2059 3372
13 2059 3377
13 2059 3377
13 2059 3378
13 2059 3378
13 2060 3370
13 2060 3370
13 2060 3371
13 2060 3371
13 2060 3377
13 2060 3377
13 2060 3378
13 2060 3378
13 2061 3370
13 2061 3370
13 2061 3371
13 2061 3371
13 2061 3376
13 2061 3376
13 2061 3377
13 2061 3377
13 2061 3378
13 2061 3378
13 2062 3370
13 2062 3370
13 2062 3371
13 2062 3371
13 2062 3376
13 2062 3376
13 2062 3377
13 2062 3377
13 2062 3378
13 2062 3378
13 2063 3370
13 2063 3370
13 2063 3371
13 2063 3371
13 2063 3372
13 2063 3372
13 2063 3373
13 2063 3373
13 2063 3374
13 2063 3374
13 2063 3375
13 2063 3375
13 2063 3376
13 2063 3376
13 2063 3377
13 2063 3377
13 2063 3378
13 2063 3378
14 4103 6741
14 4103 6742
14 4103 6743
14 4103 6744
14 4103 6745
14 4103 6746
14 4103 6747
14 4103 6748
14 4103 6750
14 4103 6751
14 4103 6752
14 4103 6753
14 4103 6754
14 4103 6755
14 4103 6756
14 4126 6749
15 8206 13483
15 8206 13484
15 8206 13485
15 8206 13486
15 8206 13487
15 8206 13488
15 8206 13489
15 8206 13490
15 8206 13491
15 8206 13492
15 8206 13493
15 8206 13494
15 8206 13495
15 8206 13496
15 8206 13497
15 8206 13498
15 8206 13499
15 8206 13500
15 8206 13501
15 8206 13502
15 8206 13503
15 8206 13504
15 8206 13505
15 8206 13506
15 8206 13507
15 8206 13508
15 8206 13509
15 8206 13510
15 8206 13511
15 8206 13512
15 8207 13487
16 16412 26966
16 16412 26967
16 16412 26968
16 16412 26969
16 16412 26970
16 16412 26971
16 16412 26972
16 16412 26973
16 16412 26974
16 16412 26975
16 16412 26976
16 16412 26977
16 16412 26978
16 16412 26979
16 16412 26980
16 16412 26981
16 16412 26982
16 16412 26983
16 16412 26984
16 16412 26985
16 16412 26986
16 16412 26987
16 16412 26988
16 16412 26989
16 16412 26990
16 16412 26991
16 16412 26992
16 16412 26993
16 16412 26994
16 16412 26995
16 16412 26996
16 16412 26997
16 16412 26998
16 16412 26999
16 16412 27000
16 16412 27001
16 16412 27002
16 16412 27003
16 16412 27004
16 16412 27005
16 16412 27006
16 16412 27007
16 16412 27008
16 16412 27009
16 16412 27010
16 16412 27011
16 16412 27012
16 16412 27013
16 16412 27014
16 16412 27015
16 16412 27016
16 16412 27017
16 16412 27018
16 16412 27019
16 16412 27020
16 16412 27021
16 16412 27022
16 16412 27023
16 16412 27024
16 16412 27025
16 16414 26974
17 32825 53933
17 32825 53934
17 32825 53935
17 32825 53936
17 32825 53937
17 32825 53938
17 32825 53939
17 32825 53940
17 32825 53941
17 32825 53942
17 32825 53943
17 32825 53944
17 32825 53945
17 32825 53946
17 32825 53947
17 32825 53948
17 32825 53949
17 32825 53950
17 32825 53951
17 32825 53952
17 32825 53953
17 32825 53954
17 32825 53955
17 32825 53956
17 32825 53957
17 32825 53958
17 32825 53959
17 32825 53960
17 32825 53961
17 32825 53962
17 32825 53963
17 32825 53964
17 32825 53965
17 32825 53966
17 32825 53967
17 32825 53968
17 32825 53969
17 32825 53970
17 32825 53971
17 32825 53972
17 32825 53973
17 32825 53974
17 32825 53975
17 32825 53976
17 32825 53977
17 32825 53978
17 32825 53979
17 32825 53980
17 32825 53981
17 32825 53982
17 32825 53983
17 32825 53984
17 32825 53985
17 32825 53986
17 32825 53987
17 32825 53988
17 32825 53989
17 32825 53990
17 32825 53991
17 32825 53992
17 32825 53993
17 32825 53994
17 32825 53995
17 32825 53996
17 32825 53997
17 32825 53998
17 32825 53999
17 32825 54000
17 32825 54001
17 32825 54002
17 32825 54003
17 32825 54004
17 32825 54005
17 32825 54006
17 32825 54007
17 32825 54008
17 32825 54009
17 32825 54010
17 32825 54011
17 32825 54012
17 32825 54013
17 32825 54014
17 32825 54015
17 32825 54016
17 32825 54017
17 32825 54018
17 32825 54019
17 32825 54020
17 32825 54021
17 32825 54022
17 32825 54023
17 32825 54024
17 32825 54025
17 32825 54026
17 32825 54027
17 32825 54028
17 32825 54029
17 32825 54030
17 32825 54031
17 32825 54032
17 32825 54033
17 32825 54034
17 32825 54035
17 32825 54036
17 32825 54037
17 32825 54038
17 32825 54039
17 32825 54040
17 32825 54041
17 32825 54042
17 32825 54043
17 32825 54044
17 32825 54045
17 32825 54046
17 32825 54047
17 32825 54048
17 32825 54049
17 32825 54050
17 32828 53949
17 32876 54018
18 65651 107866
18 65651 107867
18 65651 107868
18 65651 107869
18 65651 107870
18 65651 107871
18 65651 107872
18 65651 107873
18 65651 107874
18 65651 107875
18 65651 107876
18 65651 107877
18 65651 107878
18 65651 107879
18 65651 107880
18 65651 107881
18 65651 107882
18 65651 107883
18 65651 107884
18 65651 107885
18 65651 107886
18 65651 107887
18 65651 107888
18 65651 107889
18 65651 107890
18 65651 107891
18 65651 107892
18 65651 107893
18 65651 107894
18 65651 107895
18 65651 107896
18 65651 107897
18 65651 107898
18 65651 107899
18 65651 107900
18 65651 107901
18 65651 107902
18 65651 107903
18 65651 107904
18 65651 107905
18 65651 107906
18 65651 107907
18 65651 107908
18 65651 107909
18 65651 107910
18 65651 107911
18 65651 107912
18 65651 107913
18 65651 107914
18 65651 107915
18 65651 107916
18 65651 107917
18 65651 107918
18 65651 107919
18 65651 107920
18 65651 107921
18 65651 107922
18 65651 107923
18 65651 107924
18 65651 107925
18 65651 107926
18 65651 107927
18 65651 107928
18 65651 107929
18 65651 107930
18 65651 107931
18 65651 107932
18 65651 107933
18 65651 107934
18 65651 107935
18 65651 107936
18 65651 107937
18 65651 107938
18 65651 107939
18 65651 107940
18 65651 107941
18 65651 107942
18 65651 107943
18 65651 107944
18 65651 107945
18 65651 107946
18 65651 107947
18 65651 107948
18 65651 107949
18 65651 107950
18 65651 107951
18 65651 107952
18 65651 107953
18 65651 107954
18 65651 107955
18 65651 107956
18 65651 107957
18 65651 107958
18 65651 107959
18 65651 107960
18 65651 107961
18 65651 107962
18 65651 107963
18 65651 107964
18 65651 107965
18 65651 107966
18 65651 107967
18 65651 107968
18 65651 107969
18 65651 107970
18 65651 107971
18 65651 107972
18 65651 107973
18 65651 107974
18 65651 107975
18 65651 107976
18 65651 107977
18 65651 107978
18 65651 107979
18 65651 107980
18 65651 107981
18 65651 107982
18 65651 107983
18 65651 107984
18 65651 107985
18 65651 107986
18 65651 107987
18 65651 107988
18 65651 107989
18 65651 107990
18 65651 107991
18 65651 107992
18 65651 107993
18 65651 107994
18 65651 107995
18 65651 107996
18 65651 107997
18 65651 107998
18 65651 107999
18 65651 108000
18 65651 108001
18 65651 108002
18 65651 108003
18 65651 108004
18 65651 108005
18 65651 108006
18 65651 108007
18 65651 108008
18 65651 108009
18 65651 108010
18 65651 108011
18 65651 108012
18 65651 108013
18 65651 108014
18 65651 108015
18 65651 108016
18 65651 108017
18 65651 108018
18 65651 108019
18 65651 108020
18 65651 108021
18 65651 108022
18 65651 108023
18 65651 108024
18 65651 108025
18 65651 108026
18 65651 108027
18 65651 108028
18 65651 108029
18 65651 108030
18 65651 108031
18 65651 108032
18 65651 108033
18 65651 108034
18 65651 108035
18 65651 108036
18 65651 108037
18 65651 108038
18 65651 108039
18 65651 108040
18 65651 108041
18 65651 108042
18 65651 108043
18 65651 108044
18 65651 108045
18 65651 108046
18 65651 108047
18 65651 108048
18 65651 108049
18 65651 108050
18 65651 108051
18 65651 108052
18 65651 108053
18 65651 108054
18 65651 108055
18 65651 108056
18 65651 108057
18 65651 108058
18 65651 108059
18 65651 108060
18 65651 108061
18 65651 108062
18 65651 108063
18 65651 108064
18 65651 108065
18 65651 108066
18 65651 108067
18 65651 108068
18 65651 108069
18 65651 108070
18 65651 108071
18 65651 108072
18 65651 108073
18 65651 108074
18 65651 108075
18 65651 108076
18 65651 108077
18 65651 108078
18 65651 108079
18 65651 108080
18 65651 108081
18 65651 108082
18 65651 108083
18 65651 108084
18 65651 108085
18 65651 108086
18 65651 108087
18 65651 108088
18 65651 108089
18 65651 108090
18 65651 108091
18 65651 108092
18 65651 108093
18 65651 108094
18 65651 108095
18 65651 108096
18 65651 108097
18 65651 108098
18 65651 108099
18 65651 108100
18 65651 108101
18 65657 107899
18 65752 108036
3 2 3
4 4 6
4 4 6
5 8 13
5 8 13
6 16 26
6 16 26
7 32 52
7 32 52
8 64 105
8 64 105
