10 292 395
11 585 790
12 1170 1579
12 1170 1579
12 1170 1580
12 1170 1580
12 1171 1580
12 1171 1580
12 1173 1577
12 1173 1577
12 1173 1578
12 1173 1578
13 2341 3157
13 2341 3157
13 2341 3158
13 2341 3158
13 2341 3159
13 2341 3159
13 2341 3160
13 2341 3160
13 2341 3161
13 2341 3161
13 2342 3158
13 2342 3158
13 2342 3159
13 2342 3159
13 2342 3160
13 2342 3160
13 2342 3161
13 2342 3161
13 2343 3159
13 2343 3159
13 2343 3160
13 2343 3160
13 2343 3161
13 2343 3161
13 2344 3154
13 2344 3154
13 2344 3161
13 2344 3161
13 2345 3154
13 2345 3154
13 2345 3155
13 2345 3155
13 2345 3156
13 2345 3156
13 2345 3161
13 2345 3161
13 2346 3154
13 2346 3154
13 2346 3155
13 2346 3155
13 2346 3156
13 2346 3156
13 2346 3157
13 2346 3157
13 2347 3154
13 2347 3154
13 2347 3155
13 2347 3155
13 2347 3156
13 2347 3156
13 2347 3157
13 2347 3157
13 2347 3158
13 2347 3158
13 2347 3161
13 2347 3161
14 4682 6308
14 4682 6309
14 4682 6312
14 4682 6313
14 4682 6314
14 4682 6315
14 4682 6316
14 4682 6317
14 4682 6318
14 4682 6319
14 4682 6320
14 4682 6321
14 4682 6322
14 4688 6310
14 4689 6311
15 9365 12616
15 9365 12617
15 9365 12618
15 9365 12619
15 9365 12623
15 9365 12624
15 9365 12625
15 9365 12626
15 9365 12627
15 9365 12628
15 9365 12629
15 9365 12630
15 9365 12631
15 9365 12632
15 9365 12633
15 9365 12634
15 9365 12635
15 9365 12636
15 9365 12637
15 9365 12638
15 9365 12639
15 9365 12640
15 9365 12641
15 9365 12642
15 9365 12643
15 9365 12644
15 9365 12645
15 9375 12620
15 9376 12621
15 9377 12622
16 18730 25233
16 18730 25234
16 18730 25235
16 18730 25236
16 18730 25237
16 18730 25238
16 18730 25239
16 18730 25240
16 18730 25241
16 18730 25242
16 18730 25243
16 18730 25244
16 18730 25245
16 18730 25246
16 18730 25247
16 18730 25248
16 18730 25249
16 18730 25250
16 18730 25251
16 18730 25252
16 18730 25253
16 18730 25254
16 18730 25255
16 18730 25256
16 18730 25257
16 18730 25258
16 18730 25259
16 18730 25260
16 18730 25261
16 18730 25262
16 18730 25263
16 18730 25264
16 18730 25265
16 18730 25266
16 18730 25267
16 18730 25268
16 18730 25269
16 18730 25270
16 18730 25271
16 18730 25272
16 18730 25273
16 18730 25274
16 18730 25275
16 18730 25276
16 18730 25277
16 18730 25278
16 18730 25279
16 18730 25280
16 18730 25281
16 18730 25282
16 18730 25283
16 18730 25284
16 18730 25285
16 18730 25286
16 18730 25287
16 18730 25288
16 18730 25289
16 18730 25290
16 18730 25291
16 18741 25255
16 18758 25272
17 37460 50466
18 74921 100932
3 2 3
4 4 6
4 4 6
5 9 12
5 9 12
6 18 24
6 18 24
7 36 49
7 36 49
