12 1132 1718
12 1132 1718
12 1133 1718
12 1133 1718
12 1134 1718
12 1134 1718
12 1135 1718
12 1135 1718
12 1136 1718
12 1136 1718
12 1137 1718
12 1137 1718
12 1138 1718
12 1138 1718
12 1139 1718
12 1139 1718
12 1140 1718
12 1140 1718
13 2265 3437
13 2265 3437
13 2266 3437
13 2266 3437
13 2267 3437
13 2267 3437
13 2268 3437
13 2268 3437
13 2269 3437
13 2269 3437
13 2270 3437
13 2270 3437
13 2271 3437
13 2271 3437
13 2272 3437
13 2272 3437
13 2273 3437
13 2273 3437
13 2274 3437
13 2274 3437
13 2275 3437
13 2275 3437
13 2276 3437
13 2276 3437
13 2277 3437
13 2277 3437
13 2278 3437
13 2278 3437
13 2279 3437
13 2279 3437
13 2280 3437
13 2280 3437
14 4530 6875
14 4542 6919
15 9060 13750
15 9084 13838
15 9095 13837
16 18121 27500
16 18125 27563
16 18126 27599
16 18127 27589
16 18128 27511
16 18128 27564
16 18129 27521
16 18132 27513
16 18134 27518
16 18134 27519
16 18134 27520
16 18134 27521
16 18134 27541
16 18134 27563
16 18134 27630
16 18135 27519
16 18136 27525
16 18136 27565
16 18137 27523
16 18137 27527
16 18137 27538
16 18138 27530
16 18138 27531
16 18138 27538
16 18139 27561
16 18140 27574
16 18140 27579
16 18140 27640
16 18141 27535
16 18142 27540
16 18143 27541
16 18143 27548
16 18143 27570
16 18144 27547
16 18144 27572
16 18145 27554
16 18145 27555
16 18145 27563
16 18145 27566
16 18145 27568
16 18145 27611
16 18146 27547
16 18146 27551
16 18146 27610
16 18147 27610
16 18148 27561
16 18148 27565
16 18149 27563
16 18149 27564
16 18150 27563
16 18150 27565
16 18150 27642
16 18151 27563
16 18151 27572
16 18151 27615
16 18152 27569
16 18152 27572
16 18152 27612
16 18152 27618
16 18153 27615
16 18154 27590
16 18155 27591
16 18155 27617
16 18155 27624
16 18156 27619
16 18156 27620
16 18157 27587
16 18157 27588
16 18157 27619
16 18159 27604
16 18160 27603
16 18163 27626
16 18164 27619
16 18165 27614
16 18165 27626
16 18166 27619
16 18166 27631
16 18168 27677
16 18169 27617
16 18171 27511
16 18172 27618
16 18172 27628
16 18173 27633
16 18174 27629
16 18174 27664
16 18175 27622
16 18176 27641
16 18177 27617
16 18178 27639
16 18178 27642
16 18178 27648
16 18182 27643
16 18182 27645
16 18184 27650
16 18185 27655
16 18187 27661
16 18187 27662
16 18189 27664
16 18189 27673
16 18190 27667
16 18190 27671
16 18191 27674
17 36243 55001
18 72487 110003
3 2 3
4 4 6
4 4 6
5 8 13
5 8 13
6 17 26
6 17 26
6 17 27
6 17 27
7 35 53
7 35 53
7 35 54
7 35 54
14 4530 6876
14 4530 6877
14 4530 6878
14 4530 6879
14 4530 6880
14 4530 6881
14 4530 6882
14 4530 6883
14 4530 6884
14 4530 6885
14 4530 6886
14 4530 6887
14 4530 6888
14 4530 6889
14 4530 6890
14 4530 6891
14 4530 6892
14 4530 6893
14 4530 6894
14 4530 6895
14 4530 6896
14 4530 6897
14 4530 6898
14 4530 6899
14 4530 6900
14 4530 6901
14 4530 6902
14 4530 6903
14 4530 6904
14 4530 6905
14 4530 6906
14 4530 6907
14 4530 6908
14 4530 6909
14 4530 6910
14 4530 6911
14 4530 6912
14 4530 6913
14 4530 6914
14 4530 6915
14 4530 6916
14 4530 6917
14 4530 6918
14 4530 6919
15 9060 13751
15 9060 13752
15 9060 13753
15 9060 13754
15 9060 13755
15 9060 13756
15 9060 13757
15 9060 13758
15 9060 13759
15 9060 13760
15 9060 13761
15 9060 13762
15 9060 13763
15 9060 13764
15 9060 13765
15 9060 13766
15 9060 13767
15 9060 13768
15 9060 13769
15 9060 13770
15 9060 13771
15 9060 13772
15 9060 13773
15 9060 13774
15 9060 13775
15 9060 13776
15 9060 13777
15 9060 13778
15 9060 13779
15 9060 13780
15 9060 13781
15 9060 13782
15 9060 13783
15 9060 13784
15 9060 13785
15 9060 13786
15 9060 13787
15 9060 13788
15 9060 13789
15 9060 13790
15 9060 13791
15 9060 13792
15 9060 13793
15 9060 13794
15 9060 13795
15 9060 13796
15 9060 13797
15 9060 13798
15 9060 13799
15 9060 13800
15 9060 13801
15 9060 13802
15 9060 13803
15 9060 13804
15 9060 13805
15 9060 13806
15 9060 13807
15 9060 13808
15 9060 13809
15 9060 13810
15 9060 13811
15 9060 13812
15 9060 13813
15 9060 13814
15 9060 13815
15 9060 13816
15 9060 13817
15 9060 13818
15 9060 13819
15 9060 13820
15 9060 13821
15 9060 13822
15 9060 13823
15 9060 13824
15 9060 13825
15 9060 13826
15 9060 13827
15 9060 13828
15 9060 13829
15 9060 13830
15 9060 13831
15 9060 13832
15 9060 13833
15 9060 13834
15 9060 13835
15 9060 13836
15 9060 13837
15 9060 13838
15 9060 13839
