10 277 432
11 555 865
11 557 866
11 557 868
12 1111 1731
12 1111 1731
12 1111 1735
12 1111 1735
12 1111 1736
12 1111 1736
12 1113 1731
12 1113 1731
12 1113 1736
12 1113 1736
12 1114 1731
12 1114 1731
12 1114 1732
12 1114 1732
12 1114 1733
12 1114 1733
12 1114 1736
12 1114 1736
13 2222 3463
13 2222 3463
13 2222 3466
13 2222 3466
13 2222 3467
13 2222 3467
13 2222 3468
13 2222 3468
13 2222 3469
13 2222 3469
13 2222 3470
13 2222 3470
13 2222 3471
13 2222 3471
13 2222 3472
13 2222 3472
13 2223 3463
13 2223 3463
13 2223 3469
13 2223 3469
13 2223 3470
13 2223 3470
13 2223 3471
13 2223 3471
13 2223 3472
13 2223 3472
13 2224 3463
13 2224 3463
13 2224 3472
13 2224 3472
13 2226 3463
13 2226 3463
13 2226 3472
13 2226 3472
13 2227 3463
13 2227 3463
13 2227 3464
13 2227 3464
13 2227 3465
13 2227 3465
13 2227 3472
13 2227 3472
13 2228 3463
13 2228 3463
13 2228 3464
13 2228 3464
13 2228 3465
13 2228 3465
13 2228 3466
13 2228 3466
13 2228 3467
13 2228 3467
13 2228 3468
13 2228 3468
13 2228 3472
13 2228 3472
14 4445 6927
14 4445 6928
14 4445 6932
14 4445 6933
14 4445 6934
14 4445 6935
14 4445 6936
14 4445 6937
14 4445 6938
14 4445 6939
14 4445 6940
14 4445 6941
14 4445 6942
14 4445 6943
14 4445 6944
14 4448 6927
14 4453 6929
14 4453 6930
14 4454 6931
14 4455 6933
14 4456 6930
14 4456 6931
14 4456 6932
14 4456 6933
14 4456 6944
14 4457 6931
15 8890 13855
15 8890 13856
15 8890 13857
15 8890 13858
15 8890 13859
15 8890 13861
15 8890 13862
15 8890 13863
15 8890 13864
15 8890 13865
15 8890 13866
15 8890 13867
15 8890 13868
15 8890 13869
15 8890 13870
15 8890 13871
15 8890 13872
15 8890 13873
15 8890 13874
15 8890 13875
15 8890 13876
15 8890 13877
15 8890 13878
15 8890 13879
15 8890 13880
15 8890 13881
15 8890 13882
15 8890 13883
15 8890 13884
15 8890 13885
15 8890 13886
15 8890 13887
15 8890 13888
15 8896 13855
15 8896 13856
15 8906 13860
15 8907 13863
15 8911 13866
15 8912 13863
15 8913 13861
15 8913 13864
15 8913 13867
15 8913 13885
15 8913 13888
15 8914 13863
16 17780 27710
16 17780 27711
16 17780 27712
16 17780 27713
16 17780 27714
16 17780 27715
16 17780 27716
16 17780 27717
16 17780 27718
16 17780 27719
16 17780 27720
16 17780 27721
16 17780 27722
16 17780 27723
16 17780 27724
16 17780 27725
16 17780 27726
16 17780 27727
16 17780 27728
16 17780 27729
16 17780 27730
16 17780 27731
16 17780 27732
16 17780 27733
16 17780 27734
16 17780 27735
16 17780 27736
16 17780 27737
16 17780 27738
16 17780 27739
16 17780 27740
16 17780 27741
16 17780 27742
16 17780 27743
16 17780 27744
16 17780 27745
16 17780 27746
16 17780 27747
16 17780 27748
16 17780 27749
16 17780 27750
16 17780 27751
16 17780 27752
16 17780 27753
16 17780 27754
16 17780 27755
16 17780 27756
16 17780 27757
16 17780 27758
16 17780 27759
16 17780 27760
16 17780 27761
16 17780 27762
16 17780 27763
16 17780 27764
16 17780 27765
16 17780 27766
16 17780 27767
16 17780 27768
16 17780 27769
16 17780 27770
16 17780 27771
16 17780 27772
16 17780 27773
16 17780 27774
16 17780 27775
16 17780 27776
16 17780 27777
16 17792 27711
16 17792 27712
16 17811 27720
16 17815 27726
16 17815 27727
16 17821 27747
16 17822 27732
16 17823 27732
16 17824 27726
16 17826 27723
16 17826 27729
16 17826 27776
16 17827 27735
16 17827 27770
16 17828 27727
17 35561 55420
17 35561 55421
17 35561 55422
17 35561 55423
17 35561 55424
17 35561 55425
17 35561 55426
17 35561 55427
17 35561 55428
17 35561 55429
17 35561 55430
17 35561 55431
17 35561 55432
17 35561 55433
17 35561 55434
17 35561 55435
17 35561 55436
17 35561 55437
17 35561 55438
17 35561 55439
17 35561 55440
17 35561 55441
17 35561 55442
17 35561 55443
17 35561 55444
17 35561 55445
17 35561 55446
17 35561 55447
17 35561 55448
17 35561 55449
17 35561 55450
17 35561 55451
17 35561 55452
17 35561 55453
17 35561 55454
17 35561 55455
17 35561 55456
17 35561 55457
17 35561 55458
17 35561 55459
17 35561 55460
17 35561 55461
17 35561 55462
17 35561 55463
17 35561 55464
17 35561 55465
17 35561 55466
17 35561 55467
17 35561 55468
17 35561 55469
17 35561 55470
17 35561 55471
17 35561 55472
17 35561 55473
17 35561 55474
17 35561 55475
17 35561 55476
17 35561 55477
17 35561 55478
17 35561 55479
17 35561 55480
17 35561 55481
17 35561 55482
17 35561 55483
17 35561 55484
17 35561 55485
17 35561 55486
17 35561 55487
17 35561 55488
17 35561 55489
17 35561 55490
17 35561 55491
17 35561 55492
17 35561 55493
17 35561 55494
17 35561 55495
17 35561 55496
17 35561 55497
17 35561 55498
17 35561 55499
17 35561 55500
17 35561 55501
17 35561 55502
17 35561 55503
17 35561 55504
17 35561 55505
17 35561 55506
17 35561 55507
17 35561 55508
17 35561 55509
17 35561 55510
17 35561 55511
17 35561 55512
17 35561 55513
17 35561 55514
17 35561 55515
17 35561 55516
17 35561 55517
17 35561 55518
17 35561 55519
17 35561 55520
17 35561 55521
17 35561 55522
17 35561 55523
17 35561 55524
17 35561 55525
17 35561 55526
17 35561 55527
17 35561 55528
17 35561 55529
17 35561 55530
17 35561 55531
17 35561 55532
17 35561 55533
17 35561 55534
17 35561 55535
17 35561 55536
17 35561 55537
17 35561 55538
17 35561 55539
17 35561 55540
17 35561 55541
17 35561 55542
17 35561 55543
17 35561 55544
17 35561 55545
17 35561 55546
17 35561 55547
17 35561 55548
17 35561 55549
17 35561 55550
17 35561 55551
17 35561 55552
17 35561 55553
17 35561 55554
17 35561 55555
18 71123 110841
3 2 3
4 4 6
4 4 6
5 8 13
5 8 13
6 17 27
6 17 27
7 34 54
7 34 54
8 69 108
8 69 108
9 138 217
9 138 217
