12 1096 1696
12 1096 1696
12 1096 1697
12 1096 1697
12 1096 1698
12 1096 1698
12 1096 1699
12 1096 1699
12 1096 1700
12 1096 1700
12 1096 1701
12 1096 1701
12 1096 1702
12 1096 1702
12 1096 1703
12 1096 1703
12 1096 1704
12 1096 1704
13 2193 3392
13 2193 3392
13 2193 3393
13 2193 3393
13 2193 3394
13 2193 3394
13 2193 3395
13 2193 3395
13 2193 3396
13 2193 3396
13 2193 3397
13 2193 3397
13 2193 3398
13 2193 3398
13 2193 3399
13 2193 3399
13 2193 3400
13 2193 3400
13 2193 3401
13 2193 3401
13 2193 3402
13 2193 3402
13 2193 3403
13 2193 3403
13 2193 3404
13 2193 3404
13 2193 3405
13 2193 3405
13 2193 3406
13 2193 3406
13 2193 3407
13 2193 3407
13 2193 3408
13 2193 3408
13 2193 3409
13 2193 3409
13 2194 3409
13 2194 3409
13 2195 3409
13 2195 3409
13 2196 3409
13 2196 3409
13 2197 3409
13 2197 3409
13 2198 3409
13 2198 3409
13 2199 3409
13 2199 3409
13 2200 3409
13 2200 3409
13 2201 3409
13 2201 3409
13 2202 3409
13 2202 3409
13 2203 3409
13 2203 3409
13 2204 3409
13 2204 3409
13 2205 3409
13 2205 3409
13 2206 3409
13 2206 3409
13 2207 3409
13 2207 3409
13 2208 3409
13 2208 3409
13 2209 3409
13 2209 3409
13 2210 3409
13 2210 3409
13 2211 3409
13 2211 3409
13 2212 3409
13 2212 3409
13 2213 3409
13 2213 3409
13 2214 3409
13 2214 3409
13 2215 3409
13 2215 3409
14 4387 6784
14 4387 6785
14 4387 6786
14 4387 6787
14 4387 6788
14 4387 6789
14 4387 6790
14 4387 6791
14 4387 6792
14 4387 6793
14 4387 6794
14 4387 6795
14 4387 6796
14 4387 6797
14 4387 6798
14 4387 6799
14 4387 6800
14 4387 6801
14 4387 6802
14 4387 6803
14 4387 6804
14 4387 6805
14 4387 6806
14 4387 6807
14 4387 6808
14 4387 6809
14 4387 6810
14 4387 6811
14 4387 6812
14 4387 6813
14 4387 6814
14 4387 6815
14 4387 6816
14 4387 6817
14 4387 6818
14 4419 6784
14 4428 6818
14 4431 6803
15 8775 13569
15 8775 13570
15 8775 13571
15 8775 13572
15 8775 13573
15 8775 13574
15 8775 13575
15 8775 13576
15 8775 13577
15 8775 13578
15 8775 13579
15 8775 13580
15 8775 13581
15 8775 13582
15 8775 13583
15 8775 13584
15 8775 13585
15 8775 13586
15 8775 13587
15 8775 13588
15 8775 13589
15 8775 13590
15 8775 13591
15 8775 13592
15 8775 13593
15 8775 13594
15 8775 13595
15 8775 13596
15 8775 13597
15 8775 13598
15 8775 13599
15 8775 13600
15 8775 13601
15 8775 13602
15 8775 13603
15 8775 13604
15 8775 13605
15 8775 13606
15 8775 13607
15 8775 13608
15 8775 13609
15 8775 13610
15 8775 13611
15 8775 13612
15 8775 13613
15 8775 13614
15 8775 13615
15 8775 13616
15 8775 13617
15 8775 13618
15 8775 13619
15 8775 13620
15 8775 13621
15 8775 13622
15 8775 13623
15 8775 13624
15 8775 13625
15 8775 13626
15 8775 13627
15 8775 13628
15 8775 13629
15 8775 13630
15 8775 13631
15 8775 13632
15 8775 13633
15 8775 13634
15 8775 13635
15 8775 13636
15 8794 13570
15 8815 13570
15 8832 13570
15 8836 13570
15 8839 13569
15 8840 13570
15 8856 13570
15 8856 13636
15 8857 13635
15 8857 13636
15 8860 13635
15 8861 13599
15 8861 13606
15 8862 13607
16 17551 27139
16 17551 27140
16 17551 27141
16 17551 27142
16 17551 27143
16 17551 27144
16 17551 27145
16 17551 27146
16 17551 27147
16 17551 27148
16 17551 27149
16 17551 27150
16 17551 27151
16 17551 27152
16 17551 27153
16 17551 27154
16 17551 27155
16 17551 27156
16 17551 27157
16 17551 27158
16 17551 27159
16 17551 27160
16 17551 27161
16 17551 27162
16 17551 27163
16 17551 27164
16 17551 27165
16 17551 27166
16 17551 27167
16 17551 27168
16 17551 27169
16 17551 27170
16 17551 27171
16 17551 27172
16 17551 27173
16 17551 27174
16 17551 27175
16 17551 27176
16 17551 27177
16 17551 27178
16 17551 27179
16 17551 27180
16 17551 27181
16 17551 27182
16 17551 27183
16 17551 27184
16 17551 27185
16 17551 27186
16 17551 27187
16 17551 27188
16 17551 27189
16 17551 27190
16 17551 27191
16 17551 27192
16 17551 27193
16 17551 27194
16 17551 27195
16 17551 27196
16 17551 27197
16 17551 27198
16 17551 27199
16 17551 27200
16 17551 27201
16 17551 27202
16 17551 27203
16 17551 27204
16 17551 27205
16 17551 27206
16 17551 27207
16 17551 27208
16 17551 27209
16 17551 27210
16 17551 27211
16 17551 27212
16 17551 27213
16 17551 27214
16 17551 27215
16 17551 27216
16 17551 27217
16 17551 27218
16 17551 27219
16 17551 27220
16 17551 27221
16 17551 27222
16 17551 27223
16 17551 27224
16 17551 27225
16 17551 27226
16 17551 27227
16 17551 27228
16 17551 27229
16 17551 27230
16 17551 27231
16 17551 27232
16 17551 27233
16 17551 27234
16 17551 27235
16 17551 27236
16 17551 27237
16 17551 27238
16 17551 27239
16 17551 27240
16 17551 27241
16 17551 27242
16 17551 27243
16 17551 27244
16 17551 27245
16 17551 27246
16 17551 27247
16 17551 27248
16 17551 27249
16 17551 27250
16 17551 27251
16 17551 27252
16 17551 27253
16 17551 27254
16 17551 27255
16 17551 27256
16 17551 27257
16 17551 27258
16 17551 27259
16 17551 27260
16 17551 27261
16 17551 27262
16 17551 27263
16 17551 27264
16 17551 27265
16 17551 27266
16 17551 27267
16 17551 27268
16 17551 27269
16 17551 27270
16 17551 27271
16 17551 27272
16 17551 27273
16 17588 27140
16 17589 27142
16 17589 27143
16 17590 27145
16 17594 27145
16 17596 27145
16 17597 27148
16 17600 27148
16 17602 27149
16 17604 27156
16 17605 27155
16 17606 27157
16 17606 27158
16 17607 27156
16 17607 27158
16 17608 27156
16 17610 27156
16 17613 27168
16 17614 27164
16 17614 27212
16 17615 27150
16 17615 27157
16 17616 27159
16 17617 27153
16 17619 27160
16 17619 27161
16 17619 27164
16 17620 27170
16 17620 27171
16 17621 27164
16 17621 27167
16 17621 27169
16 17621 27170
16 17621 27171
16 17622 27168
16 17624 27173
16 17626 27172
16 17626 27175
16 17626 27179
16 17626 27182
16 17626 27191
16 17627 27172
16 17627 27175
16 17627 27178
16 17627 27183
16 17628 27179
16 17628 27182
16 17628 27187
16 17629 27157
16 17629 27159
16 17629 27179
16 17629 27181
16 17630 27150
16 17630 27153
16 17630 27155
16 17630 27179
16 17630 27181
16 17630 27186
16 17631 27140
16 17632 27179
16 17632 27182
16 17632 27187
16 17632 27190
16 17633 27179
16 17633 27183
16 17633 27188
16 17633 27208
16 17634 27180
16 17634 27181
16 17634 27189
16 17634 27199
16 17635 27176
16 17635 27180
16 17636 27151
16 17636 27205
16 17636 27237
16 17637 27183
16 17637 27186
16 17638 27179
16 17638 27180
16 17638 27185
16 17638 27189
16 17638 27205
16 17639 27178
16 17639 27179
16 17640 27191
16 17640 27197
16 17640 27219
16 17641 27178
16 17641 27218
16 17642 27208
16 17642 27220
16 17643 27187
16 17643 27192
16 17643 27198
16 17643 27200
16 17643 27201
16 17643 27202
16 17643 27206
16 17643 27212
16 17644 27176
16 17644 27193
16 17644 27204
16 17644 27224
16 17645 27172
16 17645 27196
16 17645 27202
16 17645 27206
16 17645 27208
16 17645 27217
16 17646 27169
16 17646 27196
16 17646 27198
16 17646 27200
16 17646 27202
16 17646 27204
16 17646 27208
16 17646 27210
16 17646 27214
16 17646 27227
16 17647 27174
16 17647 27197
16 17647 27206
16 17647 27208
16 17647 27209
16 17648 27199
16 17648 27200
16 17648 27211
16 17648 27217
16 17648 27221
16 17648 27230
16 17649 27144
16 17649 27169
16 17649 27178
16 17649 27214
16 17649 27215
16 17649 27219
16 17650 27168
16 17650 27211
16 17650 27215
16 17650 27216
16 17650 27219
16 17650 27223
16 17651 27164
16 17651 27203
16 17651 27213
16 17651 27218
16 17652 27164
16 17652 27227
16 17653 27164
16 17653 27214
16 17653 27215
16 17654 27163
16 17654 27216
16 17655 27182
16 17655 27205
16 17655 27218
16 17656 27210
16 17656 27211
16 17656 27214
16 17659 27210
16 17660 27144
16 17660 27146
16 17660 27147
16 17660 27151
16 17661 27143
16 17661 27210
16 17661 27217
16 17662 27145
16 17662 27211
16 17663 27144
16 17663 27151
16 17663 27152
16 17664 27202
16 17665 27140
16 17665 27151
16 17665 27211
16 17666 27151
16 17668 27199
16 17669 27158
16 17669 27198
16 17670 27197
16 17672 27154
16 17672 27212
16 17673 27140
16 17673 27212
16 17674 27154
16 17674 27212
16 17675 27213
16 17676 27151
16 17676 27208
16 17676 27212
16 17677 27213
16 17679 27139
16 17679 27213
16 17680 27141
16 17680 27151
16 17680 27214
16 17681 27214
16 17682 27224
16 17683 27145
16 17683 27148
16 17684 27211
16 17684 27213
16 17685 27153
16 17685 27175
16 17686 27155
16 17687 27214
16 17688 27201
16 17688 27211
16 17688 27215
16 17688 27218
16 17689 27153
16 17690 27226
16 17691 27162
16 17691 27163
16 17691 27195
16 17691 27203
16 17691 27213
16 17691 27214
16 17691 27231
16 17692 27213
16 17692 27214
16 17692 27228
16 17693 27212
16 17693 27213
16 17693 27217
16 17693 27219
16 17693 27233
16 17694 27198
16 17694 27211
16 17694 27213
16 17694 27216
16 17694 27218
16 17694 27224
16 17694 27236
16 17695 27182
16 17695 27212
16 17695 27226
16 17695 27233
16 17695 27236
16 17696 27188
16 17697 27207
16 17697 27211
16 17697 27220
16 17697 27224
16 17698 27201
16 17698 27208
16 17698 27231
16 17698 27232
16 17699 27179
16 17699 27196
16 17699 27201
16 17699 27206
16 17699 27234
16 17699 27235
16 17699 27236
16 17700 27250
16 17701 27235
16 17701 27248
16 17701 27255
16 17702 27235
16 17702 27236
16 17702 27239
16 17702 27240
16 17702 27242
16 17702 27243
16 17702 27245
16 17702 27246
16 17702 27247
16 17703 27209
16 17703 27224
16 17703 27226
16 17703 27241
16 17703 27245
16 17703 27248
16 17704 27235
16 17704 27249
16 17704 27250
16 17704 27266
16 17705 27142
16 17705 27188
16 17705 27201
16 17705 27209
16 17705 27212
16 17705 27245
16 17705 27248
16 17705 27253
16 17706 27199
16 17706 27200
16 17706 27242
16 17706 27248
16 17706 27251
16 17707 27181
16 17707 27194
16 17707 27249
16 17707 27254
16 17708 27158
16 17708 27197
16 17708 27255
16 17708 27256
16 17709 27204
16 17709 27257
16 17710 27143
16 17710 27168
16 17710 27258
16 17710 27263
16 17711 27227
16 17711 27258
16 17711 27260
16 17712 27141
16 17712 27207
16 17712 27240
16 17712 27266
16 17713 27153
16 17713 27262
16 17713 27263
16 17713 27273
16 17714 27262
16 17714 27263
16 17714 27264
16 17714 27266
16 17714 27271
16 17714 27272
16 17715 27221
16 17715 27231
16 17715 27232
16 17715 27236
16 17715 27240
16 17715 27241
16 17715 27262
16 17716 27201
16 17716 27265
16 17717 27198
16 17717 27217
16 17717 27263
16 17718 27241
16 17719 27238
16 17719 27264
16 17719 27267
16 17719 27268
16 17720 27264
16 17720 27270
16 17721 27265
16 17721 27268
16 17722 27199
16 17722 27224
16 17722 27234
16 17722 27265
16 17723 27154
16 17723 27213
16 17723 27223
16 17723 27266
16 17724 27214
17 35103 54278
17 35103 54279
17 35103 54280
17 35103 54281
17 35103 54282
17 35103 54283
17 35103 54284
17 35103 54285
17 35103 54286
17 35103 54287
17 35103 54288
17 35103 54289
17 35103 54290
17 35103 54291
17 35103 54292
17 35103 54293
17 35103 54294
17 35103 54295
17 35103 54296
17 35103 54297
17 35103 54298
17 35103 54299
17 35103 54300
17 35103 54301
17 35103 54302
17 35103 54303
17 35103 54304
17 35103 54305
17 35103 54306
17 35103 54307
17 35103 54308
17 35103 54309
17 35103 54310
17 35103 54311
17 35103 54312
17 35103 54313
17 35103 54314
17 35103 54315
17 35103 54316
17 35103 54317
17 35103 54318
17 35103 54319
17 35103 54320
17 35103 54321
17 35103 54322
17 35103 54323
17 35103 54324
17 35103 54325
17 35103 54326
17 35103 54327
17 35103 54328
17 35103 54329
17 35103 54330
17 35103 54331
17 35103 54332
17 35103 54333
17 35103 54334
17 35103 54335
17 35103 54336
17 35103 54337
17 35103 54338
17 35103 54339
17 35103 54340
17 35103 54341
17 35103 54342
17 35103 54343
17 35103 54344
17 35103 54345
17 35103 54346
17 35103 54347
17 35103 54348
17 35103 54349
17 35103 54350
17 35103 54351
17 35103 54352
17 35103 54353
17 35103 54354
17 35103 54355
17 35103 54356
17 35103 54357
17 35103 54358
17 35103 54359
17 35103 54360
17 35103 54361
17 35103 54362
17 35103 54363
17 35103 54364
17 35103 54365
17 35103 54366
17 35103 54367
17 35103 54368
17 35103 54369
17 35103 54370
17 35103 54371
17 35103 54372
17 35103 54373
17 35103 54374
17 35103 54375
17 35103 54376
17 35103 54377
17 35103 54378
17 35103 54379
17 35103 54380
17 35103 54381
17 35103 54382
17 35103 54383
17 35103 54384
17 35103 54385
17 35103 54386
17 35103 54387
17 35103 54388
17 35103 54389
17 35103 54390
17 35103 54391
17 35103 54392
17 35103 54393
17 35103 54394
17 35103 54395
17 35103 54396
17 35103 54397
17 35103 54398
17 35103 54399
17 35103 54400
17 35103 54401
17 35103 54402
17 35103 54403
17 35103 54404
17 35103 54405
17 35103 54406
17 35103 54407
17 35103 54408
17 35103 54409
17 35103 54410
17 35103 54411
17 35103 54412
17 35103 54413
17 35103 54414
17 35103 54415
17 35103 54416
17 35103 54417
17 35103 54418
17 35103 54419
17 35103 54420
17 35103 54421
17 35103 54422
17 35103 54423
17 35103 54424
17 35103 54425
17 35103 54426
17 35103 54427
17 35103 54428
17 35103 54429
17 35103 54430
17 35103 54431
17 35103 54432
17 35103 54433
17 35103 54434
17 35103 54435
17 35103 54436
17 35103 54437
17 35103 54438
17 35103 54439
17 35103 54440
17 35103 54441
17 35103 54442
17 35103 54443
17 35103 54444
17 35103 54445
17 35103 54446
17 35103 54447
17 35103 54448
17 35103 54449
17 35103 54450
17 35103 54451
17 35103 54452
17 35103 54453
17 35103 54454
17 35103 54455
17 35103 54456
17 35103 54457
17 35103 54458
17 35103 54459
17 35103 54460
17 35103 54461
17 35103 54462
17 35103 54463
17 35103 54464
17 35103 54465
17 35103 54466
17 35103 54467
17 35103 54468
17 35103 54469
17 35103 54470
17 35103 54471
17 35103 54472
17 35103 54473
17 35103 54474
17 35103 54475
17 35103 54476
17 35103 54477
17 35103 54478
17 35103 54479
17 35103 54480
17 35103 54481
17 35103 54482
17 35103 54483
17 35103 54484
17 35103 54485
17 35103 54486
17 35103 54487
17 35103 54488
17 35103 54489
17 35103 54490
17 35103 54491
17 35103 54492
17 35103 54493
17 35103 54494
17 35103 54495
17 35103 54496
17 35103 54497
17 35103 54498
17 35103 54499
17 35103 54500
17 35103 54501
17 35103 54502
17 35103 54503
17 35103 54504
17 35103 54505
17 35103 54506
17 35103 54507
17 35103 54508
17 35103 54509
17 35103 54510
17 35103 54511
17 35103 54512
17 35103 54513
17 35103 54514
17 35103 54515
17 35103 54516
17 35103 54517
17 35103 54518
17 35103 54519
17 35103 54520
17 35103 54521
17 35103 54522
17 35103 54523
17 35103 54524
17 35103 54525
17 35103 54526
17 35103 54527
17 35103 54528
17 35103 54529
17 35103 54530
17 35103 54531
17 35103 54532
17 35103 54533
17 35103 54534
17 35103 54535
17 35103 54536
17 35103 54537
17 35103 54538
17 35103 54539
17 35103 54540
17 35103 54541
17 35103 54542
17 35103 54543
17 35103 54544
17 35103 54545
17 35103 54546
17 35103 54547
17 35254 54356
17 35285 54440
17 35420 54286
17 35429 54533
18 70206 108557
18 70509 108713
18 70570 108881
18 70840 108572
18 70858 109067
3 2 3
4 4 6
4 4 6
5 8 13
5 8 13
6 17 26
6 17 26
7 34 53
7 34 53
