13 2362 3211
13 2362 3212
13 2362 3213
13 2362 3214
13 2362 3215
13 2362 3216
13 2362 3217
13 2362 3218
13 2362 3219
13 2362 3220
13 2362 3221
13 2362 3222
13 2362 3223
13 2362 3224
13 2362 3225
13 2362 3226
13 2362 3227
13 2363 3211
13 2363 3212
13 2363 3213
13 2363 3214
13 2363 3215
13 2363 3216
13 2363 3217
13 2363 3218
13 2363 3219
13 2363 3220
13 2363 3221
13 2363 3222
13 2363 3223
13 2363 3224
13 2363 3225
13 2363 3226
13 2363 3227
13 2364 3211
13 2364 3212
13 2364 3213
13 2364 3216
13 2364 3217
13 2364 3218
13 2364 3219
13 2364 3220
13 2364 3221
13 2364 3227
13 2365 3216
13 2365 3217
13 2365 3218
13 2365 3227
13 2366 3227
13 2367 3224
13 2367 3225
13 2367 3226
13 2367 3227
13 2368 3211
13 2368 3219
13 2368 3220
13 2368 3221
13 2368 3222
13 2368 3223
13 2368 3224
13 2368 3225
13 2368 3226
13 2368 3227
13 2369 3211
13 2369 3214
13 2369 3215
13 2369 3216
13 2369 3217
13 2369 3218
13 2369 3219
13 2369 3220
13 2369 3221
13 2369 3222
13 2369 3223
13 2369 3224
13 2369 3225
13 2369 3226
13 2369 3227
