10 319 368
10 319 368
10 319 369
10 319 369
10 319 370
10 319 370
10 320 370
10 320 370
10 321 370
10 321 370
11 639 738
11 639 738
11 639 739
11 639 739
11 639 740
11 639 740
11 639 741
11 639 741
11 640 738
11 640 738
11 640 739
11 640 739
11 640 740
11 640 740
11 640 741
11 640 741
11 641 740
11 641 740
11 643 735
11 643 735
11 644 735
11 644 735
12 1282 1472
12 1282 1472
12 1283 1472
12 1283 1472
12 1284 1472
12 1284 1472
12 1285 1472
12 1285 1472
12 1286 1472
12 1286 1472
12 1287 1471
12 1287 1471
12 1287 1472
12 1287 1472
12 1288 1471
12 1288 1471
12 1288 1472
12 1288 1472
12 1289 1472
12 1289 1472
12 1290 1472
12 1290 1472
13 2564 2945
13 2564 2945
13 2564 2946
13 2564 2947
13 2564 2948
13 2564 2949
13 2564 2950
13 2564 2951
13 2564 2952
13 2564 2953
13 2564 2954
13 2564 2955
13 2564 2956
13 2564 2957
14 5129 5891
14 5129 5892
14 5129 5893
14 5129 5894
14 5129 5895
14 5129 5896
14 5129 5897
14 5129 5898
14 5129 5899
14 5129 5900
14 5129 5901
14 5129 5902
14 5129 5903
14 5129 5904
14 5129 5905
14 5129 5906
14 5129 5907
14 5129 5908
14 5129 5909
14 5129 5910
14 5129 5911
14 5129 5912
14 5129 5913
14 5129 5914
14 5129 5915
14 5152 5884
14 5152 5884
14 5152 5885
14 5152 5885
14 5152 5886
14 5152 5886
14 5153 5884
14 5153 5884
14 5153 5885
14 5153 5885
14 5153 5886
14 5153 5886
14 5154 5884
14 5154 5884
14 5154 5885
14 5154 5885
14 5154 5886
14 5154 5886
15 10259 11782
15 10259 11783
15 10259 11784
15 10259 11785
15 10259 11786
15 10259 11787
15 10259 11788
15 10259 11789
15 10259 11790
15 10259 11791
15 10259 11792
15 10259 11793
15 10259 11794
15 10259 11795
15 10259 11796
15 10259 11797
15 10259 11798
15 10259 11799
15 10259 11800
15 10259 11801
15 10259 11802
15 10259 11803
15 10259 11804
15 10259 11805
15 10259 11806
15 10259 11807
15 10259 11808
15 10259 11809
15 10259 11810
15 10259 11811
15 10259 11812
15 10259 11813
15 10259 11814
15 10259 11815
15 10259 11816
15 10259 11817
15 10259 11818
15 10259 11819
15 10259 11820
15 10259 11821
15 10259 11822
15 10259 11823
15 10259 11824
15 10259 11825
15 10259 11826
15 10259 11827
15 10259 11828
15 10259 11829
15 10259 11830
15 10301 11779
15 10301 11779
15 10301 11780
15 10301 11780
15 10301 11781
15 10301 11781
15 10302 11778
15 10302 11778
15 10302 11779
15 10302 11779
15 10302 11780
15 10302 11780
15 10302 11781
15 10302 11781
15 10303 11778
15 10303 11778
15 10303 11779
15 10303 11779
15 10303 11780
15 10303 11780
15 10304 11778
15 10304 11778
15 10304 11779
15 10304 11779
15 10304 11780
15 10304 11780
15 10304 11781
15 10304 11781
15 10304 11782
15 10304 11782
15 10304 11783
15 10304 11783
15 10305 11778
15 10305 11778
15 10305 11779
15 10305 11779
15 10305 11780
15 10305 11780
15 10305 11781
15 10305 11781
15 10305 11782
15 10305 11782
15 10305 11783
15 10305 11783
15 10306 11769
15 10306 11769
15 10306 11770
15 10306 11770
15 10306 11771
15 10306 11771
15 10306 11780
15 10306 11780
15 10306 11781
15 10306 11781
15 10306 11782
15 10306 11782
15 10306 11783
15 10306 11783
15 10307 11769
15 10307 11769
15 10307 11770
15 10307 11770
15 10307 11771
15 10307 11771
15 10307 11772
15 10307 11772
15 10307 11779
15 10307 11779
15 10307 11780
15 10307 11780
15 10307 11781
15 10307 11781
15 10307 11782
15 10307 11782
15 10307 11783
15 10307 11783
15 10308 11769
15 10308 11769
15 10308 11770
15 10308 11770
15 10308 11771
15 10308 11771
15 10308 11772
15 10308 11772
15 10308 11773
15 10308 11773
15 10308 11774
15 10308 11774
15 10308 11775
15 10308 11775
15 10308 11776
15 10308 11776
15 10308 11777
15 10308 11777
15 10308 11778
15 10308 11778
15 10308 11779
15 10308 11779
15 10308 11780
15 10308 11780
15 10308 11781
15 10308 11781
15 10308 11782
15 10308 11782
15 10308 11783
15 10308 11783
15 10309 11770
15 10309 11770
15 10309 11771
15 10309 11771
15 10309 11772
15 10309 11772
15 10309 11773
15 10309 11773
15 10309 11774
15 10309 11774
15 10309 11775
15 10309 11775
15 10309 11776
15 10309 11776
15 10309 11777
15 10309 11777
15 10309 11778
15 10309 11778
15 10309 11779
15 10309 11779
15 10309 11780
15 10309 11780
15 10309 11781
15 10309 11781
15 10309 11782
15 10309 11782
15 10310 11773
15 10310 11773
15 10310 11774
15 10310 11774
15 10310 11775
15 10310 11775
15 10310 11776
15 10310 11776
15 10310 11777
15 10310 11777
15 10310 11778
15 10310 11778
15 10311 11774
15 10311 11774
15 10311 11775
15 10311 11775
15 10311 11776
15 10311 11776
16 20519 23564
16 20519 23565
16 20519 23566
16 20519 23567
16 20519 23568
16 20519 23569
16 20519 23570
16 20519 23571
16 20519 23572
16 20519 23573
16 20519 23574
16 20519 23575
16 20519 23576
16 20519 23577
16 20519 23578
16 20519 23579
16 20519 23580
16 20519 23581
16 20519 23582
16 20519 23583
16 20519 23584
16 20519 23585
16 20519 23586
16 20519 23587
16 20519 23588
16 20519 23589
16 20519 23590
16 20519 23591
16 20519 23592
16 20519 23593
16 20519 23594
16 20519 23595
16 20519 23596
16 20519 23597
16 20519 23598
16 20519 23599
16 20519 23600
16 20519 23601
16 20519 23602
16 20519 23603
16 20519 23604
16 20519 23605
16 20519 23606
16 20519 23607
16 20519 23608
16 20519 23609
16 20519 23610
16 20519 23611
16 20519 23612
16 20519 23613
16 20519 23614
16 20519 23615
16 20519 23616
16 20519 23617
16 20519 23618
16 20519 23619
16 20519 23620
16 20519 23621
16 20519 23622
16 20519 23623
16 20519 23624
16 20519 23625
16 20519 23626
16 20519 23627
16 20519 23628
16 20519 23629
16 20519 23630
16 20519 23631
16 20519 23632
16 20519 23633
16 20519 23634
16 20519 23635
16 20519 23636
16 20519 23637
16 20519 23638
16 20519 23639
16 20519 23640
16 20519 23641
16 20519 23642
16 20519 23643
16 20519 23644
16 20519 23645
16 20519 23646
16 20519 23647
16 20519 23648
16 20519 23649
16 20519 23650
16 20519 23651
16 20519 23652
16 20519 23653
16 20519 23654
16 20519 23655
16 20519 23656
16 20519 23657
16 20519 23658
16 20519 23659
16 20519 23660
17 41038 47128
17 41038 47129
17 41038 47130
17 41038 47131
17 41038 47132
17 41038 47133
17 41038 47134
17 41038 47135
17 41038 47136
17 41038 47137
17 41038 47138
17 41038 47139
17 41038 47140
17 41038 47141
17 41038 47142
17 41038 47143
17 41038 47144
17 41038 47145
17 41038 47146
17 41038 47147
17 41038 47148
17 41038 47149
17 41038 47150
17 41038 47151
17 41038 47152
17 41038 47153
17 41038 47154
17 41038 47155
17 41038 47156
17 41038 47157
17 41038 47158
17 41038 47159
17 41038 47160
17 41038 47161
17 41038 47162
17 41038 47163
17 41038 47164
17 41038 47165
17 41038 47166
17 41038 47167
17 41038 47168
17 41038 47169
17 41038 47170
17 41038 47171
17 41038 47172
17 41038 47173
17 41038 47174
17 41038 47175
17 41038 47176
17 41038 47177
17 41038 47178
17 41038 47179
17 41038 47180
17 41038 47181
17 41038 47182
17 41038 47183
17 41038 47184
17 41038 47185
17 41038 47186
17 41038 47187
17 41038 47188
17 41038 47189
17 41038 47190
17 41038 47191
17 41038 47192
17 41038 47193
17 41038 47194
17 41038 47195
17 41038 47196
17 41038 47197
17 41038 47198
17 41038 47199
17 41038 47200
17 41038 47201
17 41038 47202
17 41038 47203
17 41038 47204
17 41038 47205
17 41038 47206
17 41038 47207
17 41038 47208
17 41038 47209
17 41038 47210
17 41038 47211
17 41038 47212
17 41038 47213
17 41038 47214
17 41038 47215
17 41038 47216
17 41038 47217
17 41038 47218
17 41038 47219
17 41038 47220
17 41038 47221
17 41038 47222
17 41038 47223
17 41038 47224
17 41038 47225
17 41038 47226
17 41038 47227
17 41038 47228
17 41038 47229
17 41038 47230
17 41038 47231
17 41038 47232
17 41038 47233
17 41038 47234
17 41038 47235
17 41038 47236
17 41038 47237
17 41038 47238
17 41038 47239
17 41038 47240
17 41038 47241
17 41038 47242
17 41038 47243
17 41038 47244
17 41038 47245
17 41038 47246
17 41038 47247
17 41038 47248
17 41038 47249
17 41038 47250
17 41038 47251
17 41038 47252
17 41038 47253
17 41038 47254
17 41038 47255
17 41038 47256
17 41038 47257
17 41038 47258
17 41038 47259
17 41038 47260
17 41038 47261
17 41038 47262
17 41038 47263
17 41038 47264
17 41038 47265
17 41038 47266
17 41038 47267
17 41038 47268
17 41038 47269
17 41038 47270
17 41038 47271
17 41038 47272
17 41038 47273
17 41038 47274
17 41038 47275
17 41038 47276
17 41038 47277
17 41038 47278
17 41038 47279
17 41038 47280
17 41038 47281
17 41038 47282
17 41038 47283
17 41038 47284
17 41038 47285
17 41038 47286
17 41038 47287
17 41038 47288
17 41038 47289
17 41038 47290
17 41038 47291
17 41038 47292
17 41038 47293
17 41038 47294
17 41038 47295
17 41038 47296
17 41038 47297
17 41038 47298
17 41038 47299
17 41038 47300
17 41038 47301
17 41038 47302
17 41038 47303
17 41038 47304
17 41038 47305
17 41038 47306
17 41038 47307
17 41038 47308
17 41038 47309
17 41038 47310
17 41038 47311
17 41038 47312
17 41038 47313
17 41038 47314
17 41038 47315
17 41038 47316
17 41038 47317
17 41038 47318
17 41038 47319
17 41038 47320
18 82076 94256
3 2 2
4 5 5
4 5 5
5 10 11
5 10 11
6 20 23
6 20 23
7 40 46
7 40 46
8 80 92
8 80 92
