11 550 857
11 553 857
11 554 857
12 1100 1702
12 1100 1702
12 1100 1714
12 1100 1714
12 1101 1702
12 1101 1702
12 1101 1714
12 1101 1714
12 1102 1702
12 1102 1702
12 1102 1714
12 1102 1714
12 1103 1702
12 1103 1702
12 1103 1714
12 1103 1714
12 1104 1702
12 1104 1702
12 1104 1714
12 1104 1714
12 1105 1702
12 1105 1702
12 1105 1714
12 1105 1714
12 1106 1702
12 1106 1702
12 1106 1714
12 1106 1714
12 1107 1702
12 1107 1702
12 1107 1714
12 1107 1714
12 1108 1702
12 1108 1702
12 1108 1714
12 1108 1714
13 2201 3405
13 2201 3405
13 2201 3428
13 2201 3428
13 2202 3405
13 2202 3405
13 2202 3428
13 2202 3428
13 2203 3405
13 2203 3405
13 2203 3428
13 2203 3428
13 2204 3405
13 2204 3405
13 2204 3428
13 2204 3428
13 2205 3405
13 2205 3405
13 2205 3428
13 2205 3428
13 2206 3405
13 2206 3405
13 2206 3428
13 2206 3428
13 2207 3405
13 2207 3405
13 2207 3428
13 2207 3428
13 2208 3405
13 2208 3405
13 2208 3428
13 2208 3428
13 2209 3405
13 2209 3405
13 2209 3428
13 2209 3428
13 2210 3405
13 2210 3405
13 2210 3428
13 2210 3428
13 2211 3405
13 2211 3405
13 2211 3428
13 2211 3428
13 2212 3405
13 2212 3405
13 2212 3428
13 2212 3428
13 2213 3405
13 2213 3405
13 2213 3428
13 2213 3428
13 2214 3405
13 2214 3405
13 2214 3428
13 2214 3428
13 2215 3405
13 2215 3405
13 2215 3428
13 2215 3428
13 2216 3405
13 2216 3405
13 2216 3428
13 2216 3428
13 2217 3405
13 2217 3405
13 2217 3406
13 2217 3406
13 2217 3407
13 2217 3407
13 2217 3408
13 2217 3408
13 2217 3409
13 2217 3409
13 2217 3410
13 2217 3410
13 2217 3411
13 2217 3411
13 2217 3412
13 2217 3412
13 2217 3413
13 2217 3413
13 2217 3414
13 2217 3414
13 2217 3415
13 2217 3415
13 2217 3416
13 2217 3416
13 2217 3417
13 2217 3417
13 2217 3418
13 2217 3418
13 2217 3419
13 2217 3419
13 2217 3420
13 2217 3420
13 2217 3421
13 2217 3421
13 2217 3422
13 2217 3422
13 2217 3423
13 2217 3423
13 2217 3424
13 2217 3424
13 2217 3425
13 2217 3425
13 2217 3426
13 2217 3426
13 2217 3427
13 2217 3427
13 2217 3428
13 2217 3428
14 4402 6811
14 4402 6812
14 4402 6813
14 4402 6814
14 4402 6815
14 4402 6816
14 4402 6817
14 4402 6818
14 4402 6819
14 4402 6820
14 4402 6821
14 4402 6822
14 4402 6823
14 4402 6824
14 4402 6825
14 4402 6826
14 4402 6827
14 4402 6828
14 4402 6829
14 4402 6830
14 4402 6831
14 4402 6832
14 4402 6833
14 4402 6834
14 4402 6835
14 4402 6836
14 4402 6837
14 4402 6838
14 4402 6839
14 4402 6840
14 4402 6841
14 4402 6842
14 4402 6843
14 4402 6844
14 4402 6845
14 4402 6846
14 4402 6847
14 4402 6848
14 4402 6849
14 4402 6850
14 4402 6851
14 4402 6852
14 4402 6853
14 4402 6854
14 4402 6855
14 4402 6856
14 4425 6811
14 4425 6856
14 4433 6856
14 4434 6813
14 4434 6836
14 4434 6845
14 4434 6848
14 4434 6854
14 4434 6856
15 8804 13623
15 8804 13624
15 8804 13625
15 8804 13626
15 8804 13627
15 8804 13628
15 8804 13629
15 8804 13630
15 8804 13631
15 8804 13632
15 8804 13633
15 8804 13634
15 8804 13635
15 8804 13636
15 8804 13637
15 8804 13638
15 8804 13639
15 8804 13640
15 8804 13641
15 8804 13642
15 8804 13643
15 8804 13644
15 8804 13645
15 8804 13646
15 8804 13647
15 8804 13648
15 8804 13649
15 8804 13650
15 8804 13651
15 8804 13652
15 8804 13653
15 8804 13654
15 8804 13655
15 8804 13656
15 8804 13657
15 8804 13658
15 8804 13659
15 8804 13660
15 8804 13661
15 8804 13662
15 8804 13663
15 8804 13664
15 8804 13665
15 8804 13666
15 8804 13667
15 8804 13668
15 8804 13669
15 8804 13670
15 8804 13671
15 8804 13672
15 8804 13673
15 8804 13674
15 8804 13675
15 8804 13676
15 8804 13677
15 8804 13678
15 8804 13679
15 8804 13680
15 8804 13681
15 8804 13682
15 8804 13683
15 8804 13684
15 8804 13685
15 8804 13686
15 8804 13687
15 8804 13688
15 8804 13689
15 8804 13690
15 8804 13691
15 8804 13692
15 8804 13693
15 8804 13694
15 8804 13695
15 8804 13696
15 8804 13697
15 8804 13698
15 8804 13699
15 8804 13700
15 8804 13701
15 8804 13702
15 8804 13703
15 8804 13704
15 8804 13705
15 8804 13706
15 8804 13707
15 8804 13708
15 8804 13709
15 8804 13710
15 8804 13711
15 8804 13712
15 8850 13711
15 8850 13712
15 8851 13623
15 8851 13624
15 8851 13711
15 8852 13624
15 8853 13624
15 8866 13711
15 8867 13711
15 8867 13712
15 8868 13626
15 8868 13672
15 8868 13690
15 8868 13696
15 8868 13708
15 8868 13712
16 17609 27247
16 17609 27248
16 17609 27249
16 17609 27250
16 17609 27251
16 17609 27252
16 17609 27253
16 17609 27254
16 17609 27255
16 17609 27256
16 17609 27257
16 17609 27258
16 17609 27259
16 17609 27260
16 17609 27261
16 17609 27262
16 17609 27263
16 17609 27264
16 17609 27265
16 17609 27266
16 17609 27267
16 17609 27268
16 17609 27269
16 17609 27270
16 17609 27271
16 17609 27272
16 17609 27273
16 17609 27274
16 17609 27275
16 17609 27276
16 17609 27277
16 17609 27278
16 17609 27279
16 17609 27280
16 17609 27281
16 17609 27282
16 17609 27283
16 17609 27284
16 17609 27285
16 17609 27286
16 17609 27287
16 17609 27288
16 17609 27289
16 17609 27290
16 17609 27291
16 17609 27292
16 17609 27293
16 17609 27294
16 17609 27295
16 17609 27296
16 17609 27297
16 17609 27298
16 17609 27299
16 17609 27300
16 17609 27301
16 17609 27302
16 17609 27303
16 17609 27304
16 17609 27305
16 17609 27306
16 17609 27307
16 17609 27308
16 17609 27309
16 17609 27310
16 17609 27311
16 17609 27312
16 17609 27313
16 17609 27314
16 17609 27315
16 17609 27316
16 17609 27317
16 17609 27318
16 17609 27319
16 17609 27320
16 17609 27321
16 17609 27322
16 17609 27323
16 17609 27324
16 17609 27325
16 17609 27326
16 17609 27327
16 17609 27328
16 17609 27329
16 17609 27330
16 17609 27331
16 17609 27332
16 17609 27333
16 17609 27334
16 17609 27335
16 17609 27336
16 17609 27337
16 17609 27338
16 17609 27339
16 17609 27340
16 17609 27341
16 17609 27342
16 17609 27343
16 17609 27344
16 17609 27345
16 17609 27346
16 17609 27347
16 17609 27348
16 17609 27349
16 17609 27350
16 17609 27351
16 17609 27352
16 17609 27353
16 17609 27354
16 17609 27355
16 17609 27356
16 17609 27357
16 17609 27358
16 17609 27359
16 17609 27360
16 17609 27361
16 17609 27362
16 17609 27363
16 17609 27364
16 17609 27365
16 17609 27366
16 17609 27367
16 17609 27368
16 17609 27369
16 17609 27370
16 17609 27371
16 17609 27372
16 17609 27373
16 17609 27374
16 17609 27375
16 17609 27376
16 17609 27377
16 17609 27378
16 17609 27379
16 17609 27380
16 17609 27381
16 17609 27382
16 17609 27383
16 17609 27384
16 17609 27385
16 17609 27386
16 17609 27387
16 17609 27388
16 17609 27389
16 17609 27390
16 17609 27391
16 17609 27392
16 17609 27393
16 17609 27394
16 17609 27395
16 17609 27396
16 17609 27397
16 17609 27398
16 17609 27399
16 17609 27400
16 17609 27401
16 17609 27402
16 17609 27403
16 17609 27404
16 17609 27405
16 17609 27406
16 17609 27407
16 17609 27408
16 17609 27409
16 17609 27410
16 17609 27411
16 17609 27412
16 17609 27413
16 17609 27414
16 17609 27415
16 17609 27416
16 17609 27417
16 17609 27418
16 17609 27419
16 17609 27420
16 17609 27421
16 17609 27422
16 17609 27423
16 17609 27424
16 17609 27425
16 17685 27415
16 17685 27417
16 17686 27415
16 17686 27416
16 17686 27420
16 17690 27414
16 17693 27418
16 17694 27417
16 17694 27418
16 17695 27418
16 17696 27421
16 17697 27412
16 17697 27413
16 17698 27418
16 17700 27250
16 17700 27422
16 17701 27255
16 17701 27409
16 17701 27423
16 17701 27424
16 17702 27247
16 17702 27402
16 17702 27406
16 17702 27409
16 17702 27411
16 17703 27248
16 17703 27404
16 17703 27416
16 17703 27423
16 17704 27249
16 17704 27250
16 17704 27266
16 17704 27286
16 17704 27405
16 17704 27411
16 17705 27253
16 17706 27251
16 17706 27279
16 17706 27393
16 17706 27395
16 17706 27396
16 17707 27249
16 17707 27322
16 17707 27352
16 17707 27387
16 17707 27406
16 17707 27409
16 17707 27418
16 17708 27283
16 17708 27291
16 17708 27410
16 17709 27257
16 17709 27291
16 17709 27307
16 17709 27364
16 17709 27385
16 17709 27406
16 17709 27417
16 17710 27263
16 17710 27304
16 17710 27315
16 17711 27260
16 17711 27341
16 17711 27373
16 17711 27374
16 17711 27376
16 17711 27378
16 17711 27404
16 17712 27266
16 17712 27378
16 17712 27386
16 17713 27262
16 17713 27273
16 17713 27283
16 17713 27284
16 17713 27294
16 17713 27295
16 17713 27368
16 17713 27386
16 17713 27415
16 17714 27262
16 17714 27266
16 17714 27286
16 17714 27370
16 17715 27262
16 17715 27275
16 17715 27298
16 17715 27315
16 17715 27319
16 17715 27358
16 17715 27380
16 17715 27387
16 17716 27307
16 17716 27317
16 17716 27417
16 17717 27263
16 17717 27274
16 17717 27286
16 17717 27294
16 17717 27302
16 17717 27351
16 17717 27362
16 17717 27363
16 17717 27364
16 17717 27365
16 17718 27295
16 17718 27345
16 17718 27347
16 17718 27362
16 17718 27399
16 17719 27264
16 17719 27268
16 17719 27281
16 17719 27312
16 17719 27313
16 17719 27314
16 17719 27348
16 17719 27365
16 17719 27395
16 17721 27268
16 17721 27320
16 17721 27322
16 17722 27265
16 17722 27285
16 17722 27286
16 17722 27293
16 17722 27315
16 17722 27318
16 17722 27340
16 17722 27341
16 17722 27389
16 17722 27420
16 17723 27286
16 17723 27312
16 17723 27313
16 17723 27334
16 17723 27385
16 17724 27272
16 17724 27294
16 17726 27308
16 17727 27266
16 17727 27309
16 17728 27309
16 17730 27289
16 17730 27290
16 17730 27409
16 17730 27421
16 17731 27271
16 17731 27272
16 17731 27317
16 17731 27359
16 17731 27384
16 17731 27421
16 17732 27267
16 17732 27270
16 17732 27381
16 17732 27418
16 17732 27422
16 17733 27270
16 17733 27350
16 17733 27362
16 17733 27381
16 17733 27421
16 17734 27276
16 17734 27307
16 17734 27418
16 17734 27423
16 17734 27425
16 17735 27255
16 17735 27275
16 17735 27307
16 17735 27374
16 17735 27415
16 17735 27422
16 17736 27252
16 17736 27345
16 17736 27381
16 17736 27393
16 17736 27416
16 17736 27425
17 35218 54495
17 35218 54496
17 35218 54497
17 35218 54498
17 35218 54499
17 35218 54500
17 35218 54501
17 35218 54502
17 35218 54503
17 35218 54504
17 35218 54505
17 35218 54506
17 35218 54507
17 35218 54508
17 35218 54509
17 35218 54510
17 35218 54511
17 35218 54512
17 35218 54513
17 35218 54514
17 35218 54515
17 35218 54516
17 35218 54517
17 35218 54518
17 35218 54519
17 35218 54520
17 35218 54521
17 35218 54522
17 35218 54523
17 35218 54524
17 35218 54525
17 35218 54526
17 35218 54527
17 35218 54528
17 35218 54529
17 35218 54530
17 35218 54531
17 35218 54532
17 35218 54533
17 35218 54534
17 35218 54535
17 35218 54536
17 35218 54537
17 35218 54538
17 35218 54539
17 35218 54540
17 35218 54541
17 35218 54542
17 35218 54543
17 35218 54544
17 35218 54545
17 35218 54546
17 35218 54547
17 35218 54548
17 35218 54549
17 35218 54550
17 35218 54551
17 35218 54552
17 35218 54553
17 35218 54554
17 35218 54555
17 35218 54556
17 35218 54557
17 35218 54558
17 35218 54559
17 35218 54560
17 35218 54561
17 35218 54562
17 35218 54563
17 35218 54564
17 35218 54565
17 35218 54566
17 35218 54567
17 35218 54568
17 35218 54569
17 35218 54570
17 35218 54571
17 35218 54572
17 35218 54573
17 35218 54574
17 35218 54575
17 35218 54576
17 35218 54577
17 35218 54578
17 35218 54579
17 35218 54580
17 35218 54581
17 35218 54582
17 35218 54583
17 35218 54584
17 35218 54585
17 35218 54586
17 35218 54587
17 35218 54588
17 35218 54589
17 35218 54590
17 35218 54591
17 35218 54592
17 35218 54593
17 35218 54594
17 35218 54595
17 35218 54596
17 35218 54597
17 35218 54598
17 35218 54599
17 35218 54600
17 35218 54601
17 35218 54602
17 35218 54603
17 35218 54604
17 35218 54605
17 35218 54606
17 35218 54607
17 35218 54608
17 35218 54609
17 35218 54610
17 35218 54611
17 35218 54612
17 35218 54613
17 35218 54614
17 35218 54615
17 35218 54616
17 35218 54617
17 35218 54618
17 35218 54619
17 35218 54620
17 35218 54621
17 35218 54622
17 35218 54623
17 35218 54624
17 35218 54625
17 35218 54626
17 35218 54627
17 35218 54628
17 35218 54629
17 35218 54630
17 35218 54631
17 35218 54632
17 35218 54633
17 35218 54634
17 35218 54635
17 35218 54636
17 35218 54637
17 35218 54638
17 35218 54639
17 35218 54640
17 35218 54641
17 35218 54642
17 35218 54643
17 35218 54644
17 35218 54645
17 35218 54646
17 35218 54647
17 35218 54648
17 35218 54649
17 35218 54650
17 35218 54651
17 35218 54652
17 35218 54653
17 35218 54654
17 35218 54655
17 35218 54656
17 35218 54657
17 35218 54658
17 35218 54659
17 35218 54660
17 35218 54661
17 35218 54662
17 35218 54663
17 35218 54664
17 35218 54665
17 35218 54666
17 35218 54667
17 35218 54668
17 35218 54669
17 35218 54670
17 35218 54671
17 35218 54672
17 35218 54673
17 35218 54674
17 35218 54675
17 35218 54676
17 35218 54677
17 35218 54678
17 35218 54679
17 35218 54680
17 35218 54681
17 35218 54682
17 35218 54683
17 35218 54684
17 35218 54685
17 35218 54686
17 35218 54687
17 35218 54688
17 35218 54689
17 35218 54690
17 35218 54691
17 35218 54692
17 35218 54693
17 35218 54694
17 35218 54695
17 35218 54696
17 35218 54697
17 35218 54698
17 35218 54699
17 35218 54700
17 35218 54701
17 35218 54702
17 35218 54703
17 35218 54704
17 35218 54705
17 35218 54706
17 35218 54707
17 35218 54708
17 35218 54709
17 35218 54710
17 35218 54711
17 35218 54712
17 35218 54713
17 35218 54714
17 35218 54715
17 35218 54716
17 35218 54717
17 35218 54718
17 35218 54719
17 35218 54720
17 35218 54721
17 35218 54722
17 35218 54723
17 35218 54724
17 35218 54725
17 35218 54726
17 35218 54727
17 35218 54728
17 35218 54729
17 35218 54730
17 35218 54731
17 35218 54732
17 35218 54733
17 35218 54734
17 35218 54735
17 35218 54736
17 35218 54737
17 35218 54738
17 35218 54739
17 35218 54740
17 35218 54741
17 35218 54742
17 35218 54743
17 35218 54744
17 35218 54745
17 35218 54746
17 35218 54747
17 35218 54748
17 35218 54749
17 35218 54750
17 35218 54751
17 35218 54752
17 35218 54753
17 35218 54754
17 35218 54755
17 35218 54756
17 35218 54757
17 35218 54758
17 35218 54759
17 35218 54760
17 35218 54761
17 35218 54762
17 35218 54763
17 35218 54764
17 35218 54765
17 35218 54766
17 35218 54767
17 35218 54768
17 35218 54769
17 35218 54770
17 35218 54771
17 35218 54772
17 35218 54773
17 35218 54774
17 35218 54775
17 35218 54776
17 35218 54777
17 35218 54778
17 35218 54779
17 35218 54780
17 35218 54781
17 35218 54782
17 35218 54783
17 35218 54784
17 35218 54785
17 35218 54786
17 35218 54787
17 35218 54788
17 35218 54789
17 35218 54790
17 35218 54791
17 35218 54792
17 35218 54793
17 35218 54794
17 35218 54795
17 35218 54796
17 35218 54797
17 35218 54798
17 35218 54799
17 35218 54800
17 35218 54801
17 35218 54802
17 35218 54803
17 35218 54804
17 35218 54805
17 35218 54806
17 35218 54807
17 35218 54808
17 35218 54809
17 35218 54810
17 35218 54811
17 35218 54812
17 35218 54813
17 35218 54814
17 35218 54815
17 35218 54816
17 35218 54817
17 35218 54818
17 35218 54819
17 35218 54820
17 35218 54821
17 35218 54822
17 35218 54823
17 35218 54824
17 35218 54825
17 35218 54826
17 35218 54827
17 35218 54828
17 35218 54829
17 35218 54830
17 35218 54831
17 35218 54832
17 35218 54833
17 35218 54834
17 35218 54835
17 35218 54836
17 35218 54837
17 35218 54838
17 35218 54839
17 35218 54840
17 35218 54841
17 35218 54842
17 35218 54843
17 35218 54844
17 35218 54845
17 35218 54846
17 35218 54847
17 35218 54848
17 35218 54849
17 35218 54850
17 35218 54851
18 70437 108990
3 2 3
4 4 6
4 4 6
5 8 13
5 8 13
6 17 26
6 17 26
7 34 53
7 34 53
